prediction	angry	disgust	fear	happy	sad	surprise	neutral
neutral	0.040	0.000	0.020	0.009	0.140	0.001	0.790
neutral	0.042	0.000	0.034	0.007	0.189	0.001	0.726
neutral	0.043	0.000	0.016	0.005	0.094	0.003	0.839
neutral	0.039	0.000	0.033	0.003	0.133	0.002	0.791
neutral	0.051	0.000	0.026	0.003	0.117	0.004	0.800
neutral	0.041	0.000	0.015	0.005	0.095	0.003	0.842
neutral	0.060	0.000	0.015	0.004	0.134	0.002	0.785
neutral	0.062	0.000	0.014	0.003	0.098	0.003	0.820
neutral	0.044	0.000	0.008	0.005	0.055	0.003	0.885
neutral	0.023	0.000	0.016	0.003	0.109	0.001	0.848
neutral	0.062	0.000	0.008	0.004	0.069	0.002	0.855
neutral	0.094	0.000	0.011	0.005	0.058	0.004	0.828
neutral	0.079	0.000	0.018	0.004	0.103	0.004	0.792
neutral	0.069	0.000	0.021	0.002	0.110	0.003	0.795
neutral	0.081	0.000	0.016	0.003	0.124	0.003	0.772
neutral	0.091	0.000	0.008	0.004	0.041	0.004	0.853
neutral	0.127	0.000	0.011	0.004	0.054	0.005	0.799
neutral	0.059	0.000	0.009	0.005	0.050	0.004	0.873
neutral	0.050	0.000	0.005	0.003	0.042	0.002	0.898
neutral	0.147	0.000	0.015	0.004	0.078	0.007	0.749
neutral	0.068	0.000	0.017	0.003	0.115	0.001	0.796
neutral	0.104	0.000	0.008	0.004	0.047	0.004	0.832
neutral	0.117	0.000	0.012	0.003	0.095	0.003	0.770
neutral	0.062	0.000	0.013	0.002	0.115	0.001	0.805
neutral	0.048	0.000	0.016	0.003	0.198	0.001	0.733
neutral	0.074	0.000	0.014	0.002	0.090	0.001	0.820
neutral	0.111	0.000	0.010	0.004	0.053	0.005	0.816
neutral	0.096	0.000	0.008	0.005	0.067	0.003	0.822
neutral	0.051	0.000	0.014	0.010	0.070	0.004	0.850
neutral	0.116	0.000	0.010	0.005	0.065	0.003	0.802
neutral	0.075	0.000	0.011	0.003	0.080	0.002	0.829
neutral	0.092	0.000	0.012	0.003	0.073	0.002	0.817
neutral	0.080	0.000	0.009	0.002	0.076	0.003	0.830
neutral	0.068	0.000	0.006	0.003	0.036	0.003	0.885
neutral	0.101	0.000	0.011	0.004	0.058	0.006	0.820
neutral	0.082	0.000	0.008	0.002	0.065	0.002	0.842
neutral	0.061	0.000	0.007	0.003	0.056	0.003	0.871
neutral	0.093	0.000	0.007	0.002	0.070	0.002	0.825
neutral	0.107	0.000	0.013	0.003	0.087	0.006	0.784
neutral	0.087	0.000	0.008	0.003	0.049	0.003	0.851
neutral	0.065	0.000	0.021	0.003	0.163	0.002	0.746
neutral	0.115	0.000	0.006	0.003	0.042	0.003	0.831
neutral	0.092	0.000	0.013	0.002	0.085	0.003	0.804
neutral	0.041	0.000	0.015	0.005	0.116	0.002	0.820
neutral	0.098	0.000	0.017	0.003	0.093	0.003	0.786
neutral	0.102	0.000	0.010	0.005	0.061	0.003	0.820
neutral	0.072	0.000	0.014	0.005	0.071	0.003	0.835
neutral	0.060	0.000	0.012	0.007	0.050	0.003	0.868
neutral	0.069	0.000	0.015	0.006	0.062	0.003	0.844
neutral	0.038	0.000	0.022	0.003	0.116	0.002	0.818
neutral	0.033	0.000	0.013	0.005	0.081	0.001	0.867
neutral	0.030	0.000	0.014	0.003	0.088	0.001	0.864
neutral	0.083	0.000	0.008	0.004	0.048	0.004	0.853
neutral	0.073	0.000	0.009	0.004	0.046	0.002	0.866
neutral	0.079	0.000	0.009	0.005	0.057	0.002	0.848
neutral	0.117	0.000	0.009	0.003	0.053	0.001	0.818
neutral	0.041	0.000	0.006	0.007	0.084	0.001	0.860
neutral	0.052	0.000	0.009	0.005	0.088	0.000	0.846
neutral	0.025	0.000	0.008	0.004	0.087	0.001	0.876
neutral	0.056	0.000	0.011	0.004	0.047	0.005	0.877
neutral	0.061	0.000	0.014	0.003	0.059	0.004	0.858
neutral	0.043	0.000	0.020	0.002	0.137	0.002	0.796
neutral	0.032	0.000	0.019	0.004	0.114	0.002	0.829
neutral	0.041	0.000	0.015	0.004	0.126	0.001	0.812
neutral	0.025	0.000	0.009	0.004	0.075	0.001	0.887
neutral	0.052	0.000	0.019	0.008	0.147	0.001	0.772
neutral	0.074	0.000	0.046	0.003	0.221	0.002	0.654
neutral	0.074	0.000	0.020	0.008	0.172	0.002	0.724
neutral	0.072	0.000	0.024	0.006	0.165	0.002	0.731
neutral	0.030	0.000	0.021	0.007	0.111	0.001	0.830
neutral	0.078	0.000	0.025	0.009	0.111	0.002	0.774
neutral	0.083	0.000	0.032	0.006	0.125	0.003	0.750
neutral	0.033	0.000	0.016	0.003	0.179	0.002	0.768
neutral	0.048	0.000	0.011	0.005	0.111	0.001	0.825
neutral	0.064	0.000	0.016	0.008	0.109	0.004	0.800
neutral	0.053	0.000	0.013	0.006	0.061	0.002	0.865
neutral	0.045	0.000	0.023	0.004	0.141	0.001	0.786
neutral	0.062	0.000	0.020	0.008	0.149	0.001	0.759
neutral	0.036	0.000	0.018	0.004	0.112	0.002	0.828
neutral	0.022	0.000	0.019	0.004	0.080	0.001	0.873
neutral	0.042	0.000	0.014	0.003	0.118	0.002	0.821
neutral	0.025	0.000	0.014	0.006	0.073	0.001	0.882
neutral	0.030	0.000	0.013	0.009	0.100	0.001	0.847
neutral	0.025	0.000	0.013	0.007	0.141	0.001	0.813
neutral	0.035	0.000	0.024	0.006	0.157	0.002	0.776
neutral	0.040	0.000	0.016	0.004	0.109	0.003	0.829
neutral	0.029	0.000	0.029	0.009	0.127	0.002	0.804
neutral	0.046	0.000	0.016	0.004	0.093	0.003	0.839
neutral	0.037	0.000	0.014	0.002	0.103	0.002	0.842
neutral	0.018	0.000	0.016	0.004	0.087	0.001	0.874
neutral	0.032	0.000	0.019	0.007	0.140	0.002	0.798
neutral	0.052	0.000	0.024	0.008	0.129	0.003	0.785
neutral	0.059	0.000	0.018	0.004	0.133	0.004	0.783
neutral	0.029	0.000	0.020	0.003	0.129	0.002	0.816
neutral	0.018	0.000	0.012	0.003	0.095	0.001	0.871
neutral	0.039	0.000	0.018	0.003	0.125	0.001	0.813
neutral	0.027	0.000	0.017	0.003	0.111	0.002	0.840
neutral	0.013	0.000	0.014	0.003	0.088	0.001	0.881
neutral	0.043	0.000	0.017	0.004	0.140	0.003	0.793
neutral	0.025	0.000	0.017	0.005	0.099	0.001	0.852
neutral	0.063	0.000	0.019	0.007	0.097	0.007	0.807
neutral	0.072	0.000	0.023	0.004	0.155	0.005	0.741
neutral	0.052	0.000	0.023	0.003	0.091	0.003	0.828
neutral	0.034	0.000	0.018	0.003	0.094	0.002	0.849
neutral	0.061	0.000	0.018	0.003	0.174	0.003	0.741
neutral	0.086	0.000	0.017	0.004	0.096	0.007	0.790
neutral	0.028	0.000	0.018	0.003	0.085	0.002	0.863
neutral	0.037	0.000	0.014	0.003	0.089	0.002	0.855
neutral	0.030	0.000	0.015	0.002	0.098	0.001	0.854
neutral	0.034	0.000	0.014	0.003	0.078	0.003	0.868
neutral	0.024	0.000	0.020	0.005	0.121	0.001	0.830
neutral	0.030	0.000	0.018	0.003	0.108	0.001	0.840
neutral	0.035	0.000	0.027	0.004	0.130	0.002	0.802
neutral	0.037	0.000	0.013	0.004	0.075	0.002	0.868
neutral	0.031	0.000	0.019	0.005	0.125	0.001	0.819
neutral	0.044	0.000	0.015	0.003	0.125	0.001	0.813
neutral	0.028	0.000	0.017	0.002	0.103	0.001	0.850
neutral	0.044	0.000	0.011	0.003	0.065	0.004	0.872
neutral	0.030	0.000	0.018	0.003	0.115	0.001	0.834
neutral	0.027	0.000	0.022	0.002	0.118	0.001	0.830
neutral	0.028	0.000	0.021	0.003	0.094	0.002	0.853
neutral	0.025	0.000	0.021	0.003	0.112	0.001	0.838
neutral	0.027	0.000	0.013	0.003	0.059	0.004	0.893
neutral	0.023	0.000	0.014	0.002	0.082	0.002	0.877
neutral	0.038	0.000	0.013	0.004	0.063	0.005	0.876
neutral	0.044	0.000	0.018	0.004	0.104	0.003	0.828
neutral	0.063	0.000	0.013	0.007	0.067	0.007	0.843
neutral	0.067	0.000	0.028	0.003	0.191	0.003	0.708
neutral	0.063	0.000	0.026	0.003	0.144	0.003	0.760
neutral	0.053	0.000	0.020	0.003	0.124	0.002	0.799
neutral	0.061	0.000	0.023	0.003	0.128	0.009	0.776
neutral	0.084	0.000	0.012	0.002	0.136	0.003	0.762
neutral	0.071	0.000	0.017	0.004	0.102	0.004	0.802
neutral	0.072	0.000	0.021	0.003	0.157	0.006	0.742
neutral	0.030	0.000	0.009	0.005	0.076	0.002	0.878
neutral	0.064	0.000	0.017	0.002	0.143	0.003	0.771
neutral	0.053	0.000	0.012	0.004	0.113	0.003	0.816
neutral	0.024	0.000	0.010	0.003	0.087	0.001	0.875
neutral	0.050	0.000	0.014	0.003	0.071	0.003	0.859
neutral	0.030	0.000	0.011	0.002	0.061	0.002	0.893
neutral	0.032	0.000	0.019	0.002	0.091	0.002	0.854
neutral	0.026	0.000	0.012	0.003	0.055	0.003	0.902
neutral	0.022	0.000	0.016	0.005	0.110	0.001	0.847
neutral	0.033	0.000	0.010	0.003	0.050	0.003	0.901
neutral	0.040	0.000	0.014	0.003	0.063	0.004	0.876
neutral	0.023	0.000	0.016	0.003	0.099	0.001	0.858
neutral	0.029	0.000	0.020	0.003	0.104	0.002	0.843
neutral	0.035	0.000	0.011	0.003	0.045	0.003	0.903
neutral	0.033	0.000	0.019	0.002	0.066	0.004	0.877
neutral	0.034	0.000	0.012	0.002	0.083	0.003	0.867
neutral	0.021	0.000	0.009	0.002	0.045	0.003	0.920
neutral	0.030	0.000	0.011	0.002	0.088	0.002	0.867
neutral	0.024	0.000	0.013	0.002	0.081	0.002	0.878
neutral	0.031	0.000	0.013	0.002	0.088	0.002	0.864
neutral	0.034	0.000	0.011	0.002	0.060	0.003	0.890
neutral	0.042	0.000	0.015	0.002	0.120	0.003	0.817
neutral	0.043	0.000	0.008	0.002	0.044	0.003	0.901
neutral	0.066	0.000	0.009	0.004	0.049	0.004	0.868
neutral	0.079	0.000	0.012	0.004	0.124	0.004	0.777
neutral	0.075	0.000	0.011	0.003	0.114	0.006	0.790
neutral	0.043	0.000	0.015	0.003	0.100	0.004	0.834
neutral	0.052	0.000	0.025	0.003	0.126	0.003	0.791
neutral	0.049	0.000	0.012	0.003	0.093	0.004	0.839
neutral	0.090	0.000	0.015	0.005	0.117	0.004	0.769
neutral	0.045	0.000	0.010	0.002	0.066	0.002	0.875
neutral	0.038	0.000	0.014	0.002	0.071	0.002	0.873
neutral	0.039	0.000	0.014	0.002	0.099	0.002	0.845
neutral	0.034	0.000	0.010	0.003	0.056	0.003	0.893
neutral	0.042	0.000	0.017	0.004	0.112	0.005	0.819
neutral	0.019	0.000	0.012	0.002	0.070	0.001	0.896
neutral	0.030	0.000	0.015	0.002	0.098	0.002	0.853
neutral	0.027	0.000	0.014	0.002	0.082	0.003	0.872
neutral	0.024	0.000	0.011	0.002	0.066	0.002	0.895
neutral	0.034	0.000	0.015	0.002	0.116	0.003	0.830
neutral	0.028	0.000	0.013	0.002	0.088	0.002	0.866
neutral	0.027	0.000	0.010	0.002	0.051	0.003	0.908
neutral	0.044	0.000	0.016	0.002	0.066	0.005	0.867
neutral	0.033	0.000	0.019	0.002	0.086	0.002	0.857
neutral	0.020	0.000	0.012	0.001	0.056	0.002	0.909
neutral	0.033	0.000	0.019	0.001	0.094	0.001	0.851
neutral	0.034	0.000	0.014	0.003	0.063	0.003	0.882
neutral	0.024	0.000	0.008	0.004	0.066	0.002	0.896
neutral	0.020	0.000	0.013	0.002	0.064	0.003	0.897
neutral	0.036	0.000	0.023	0.001	0.095	0.001	0.844
neutral	0.064	0.000	0.023	0.003	0.092	0.003	0.815
neutral	0.042	0.000	0.020	0.004	0.095	0.002	0.837
neutral	0.045	0.000	0.021	0.003	0.092	0.002	0.837
neutral	0.041	0.000	0.022	0.002	0.098	0.001	0.835
neutral	0.024	0.000	0.017	0.002	0.100	0.003	0.855
neutral	0.031	0.000	0.013	0.002	0.060	0.002	0.892
neutral	0.037	0.000	0.022	0.003	0.102	0.005	0.831
neutral	0.041	0.000	0.018	0.001	0.113	0.001	0.826
neutral	0.031	0.000	0.021	0.002	0.120	0.004	0.821
neutral	0.037	0.000	0.014	0.002	0.084	0.002	0.861
neutral	0.038	0.000	0.019	0.001	0.107	0.003	0.831
neutral	0.019	0.000	0.013	0.002	0.077	0.002	0.887
neutral	0.023	0.000	0.009	0.002	0.045	0.003	0.919
neutral	0.027	0.000	0.015	0.002	0.103	0.002	0.850
neutral	0.031	0.000	0.013	0.002	0.079	0.002	0.873
neutral	0.026	0.000	0.017	0.002	0.119	0.002	0.835
neutral	0.033	0.000	0.015	0.002	0.083	0.003	0.863
neutral	0.030	0.000	0.018	0.002	0.116	0.003	0.831
neutral	0.038	0.000	0.013	0.002	0.085	0.003	0.859
neutral	0.036	0.000	0.009	0.002	0.063	0.002	0.888
neutral	0.050	0.000	0.020	0.003	0.146	0.004	0.776
neutral	0.039	0.000	0.021	0.003	0.146	0.003	0.787
neutral	0.028	0.000	0.017	0.002	0.104	0.003	0.846
neutral	0.029	0.000	0.015	0.002	0.087	0.003	0.865
neutral	0.030	0.000	0.014	0.002	0.076	0.004	0.874
neutral	0.033	0.000	0.015	0.003	0.092	0.002	0.855
neutral	0.039	0.000	0.017	0.002	0.087	0.002	0.853
neutral	0.046	0.000	0.019	0.003	0.110	0.003	0.819
neutral	0.063	0.000	0.014	0.003	0.099	0.004	0.816
neutral	0.029	0.000	0.016	0.002	0.113	0.004	0.836
neutral	0.042	0.000	0.018	0.002	0.111	0.004	0.823
neutral	0.067	0.000	0.017	0.003	0.113	0.004	0.796
neutral	0.041	0.000	0.017	0.002	0.125	0.005	0.810
neutral	0.048	0.000	0.012	0.002	0.084	0.003	0.850
neutral	0.030	0.000	0.018	0.004	0.078	0.003	0.867
neutral	0.025	0.000	0.014	0.003	0.083	0.002	0.872
neutral	0.046	0.000	0.022	0.002	0.135	0.005	0.790
neutral	0.048	0.000	0.019	0.002	0.105	0.006	0.820
neutral	0.048	0.000	0.025	0.002	0.113	0.004	0.809
neutral	0.041	0.000	0.021	0.004	0.109	0.006	0.819
neutral	0.053	0.000	0.017	0.002	0.103	0.004	0.821
neutral	0.058	0.000	0.020	0.003	0.184	0.004	0.731
neutral	0.063	0.000	0.013	0.003	0.108	0.005	0.809
neutral	0.052	0.000	0.013	0.003	0.082	0.005	0.845
neutral	0.045	0.000	0.013	0.002	0.084	0.003	0.852
neutral	0.030	0.000	0.018	0.002	0.109	0.004	0.837
neutral	0.030	0.000	0.028	0.003	0.135	0.005	0.799
neutral	0.034	0.000	0.024	0.005	0.172	0.001	0.764
neutral	0.041	0.000	0.026	0.005	0.127	0.004	0.797
neutral	0.044	0.000	0.030	0.008	0.126	0.005	0.787
neutral	0.034	0.000	0.018	0.002	0.074	0.004	0.867
neutral	0.038	0.000	0.019	0.002	0.100	0.006	0.837
neutral	0.041	0.000	0.012	0.002	0.079	0.003	0.863
neutral	0.041	0.000	0.013	0.003	0.096	0.004	0.843
neutral	0.036	0.000	0.015	0.003	0.107	0.005	0.834
neutral	0.047	0.000	0.014	0.002	0.077	0.003	0.856
neutral	0.034	0.000	0.009	0.002	0.096	0.003	0.856
neutral	0.064	0.000	0.019	0.002	0.101	0.004	0.810
neutral	0.037	0.000	0.027	0.004	0.137	0.005	0.790
neutral	0.039	0.000	0.015	0.002	0.075	0.002	0.867
neutral	0.040	0.000	0.016	0.004	0.087	0.005	0.849
neutral	0.042	0.000	0.008	0.003	0.057	0.004	0.887
neutral	0.041	0.000	0.013	0.002	0.091	0.003	0.850
neutral	0.049	0.000	0.012	0.008	0.084	0.005	0.842
neutral	0.036	0.000	0.009	0.008	0.069	0.008	0.870
neutral	0.068	0.000	0.015	0.003	0.095	0.004	0.814
neutral	0.041	0.000	0.010	0.003	0.071	0.004	0.872
neutral	0.047	0.000	0.014	0.003	0.142	0.003	0.791
neutral	0.041	0.000	0.013	0.003	0.112	0.003	0.828
neutral	0.043	0.000	0.015	0.004	0.133	0.005	0.800
neutral	0.039	0.000	0.028	0.004	0.166	0.002	0.761
neutral	0.041	0.000	0.031	0.004	0.141	0.007	0.776
neutral	0.035	0.000	0.020	0.004	0.096	0.005	0.839
neutral	0.034	0.000	0.014	0.002	0.108	0.004	0.838
neutral	0.045	0.000	0.012	0.003	0.082	0.004	0.855
neutral	0.052	0.000	0.019	0.003	0.098	0.007	0.821
neutral	0.035	0.000	0.015	0.002	0.125	0.003	0.820
neutral	0.045	0.000	0.018	0.002	0.103	0.005	0.826
neutral	0.048	0.000	0.013	0.004	0.091	0.003	0.840
neutral	0.042	0.000	0.013	0.002	0.082	0.003	0.858
neutral	0.031	0.000	0.020	0.003	0.099	0.005	0.842
neutral	0.046	0.000	0.035	0.002	0.165	0.006	0.746
neutral	0.044	0.000	0.021	0.002	0.127	0.004	0.801
neutral	0.041	0.000	0.018	0.002	0.161	0.004	0.774
neutral	0.045	0.000	0.019	0.003	0.180	0.004	0.749
neutral	0.065	0.000	0.033	0.005	0.190	0.007	0.701
neutral	0.070	0.000	0.026	0.002	0.198	0.009	0.694
neutral	0.039	0.000	0.016	0.002	0.141	0.003	0.798
neutral	0.041	0.000	0.019	0.002	0.188	0.003	0.747
neutral	0.062	0.000	0.029	0.002	0.244	0.003	0.659
neutral	0.039	0.000	0.028	0.005	0.160	0.003	0.766
neutral	0.034	0.000	0.021	0.002	0.117	0.005	0.820
neutral	0.044	0.000	0.014	0.002	0.123	0.004	0.813
neutral	0.061	0.000	0.017	0.003	0.136	0.004	0.778
neutral	0.070	0.000	0.016	0.004	0.160	0.004	0.746
neutral	0.050	0.000	0.017	0.002	0.117	0.003	0.811
neutral	0.081	0.000	0.016	0.004	0.158	0.004	0.738
neutral	0.058	0.000	0.020	0.002	0.187	0.003	0.730
neutral	0.066	0.000	0.017	0.004	0.155	0.004	0.755
neutral	0.050	0.000	0.019	0.002	0.115	0.004	0.810
neutral	0.054	0.000	0.020	0.005	0.092	0.005	0.824
neutral	0.060	0.000	0.021	0.003	0.113	0.003	0.800
neutral	0.046	0.000	0.033	0.006	0.178	0.004	0.732
neutral	0.039	0.000	0.027	0.005	0.125	0.004	0.800
neutral	0.041	0.000	0.024	0.003	0.111	0.004	0.817
neutral	0.046	0.000	0.020	0.003	0.129	0.006	0.795
neutral	0.047	0.000	0.014	0.004	0.076	0.003	0.856
neutral	0.055	0.000	0.014	0.004	0.097	0.003	0.826
neutral	0.048	0.000	0.015	0.004	0.083	0.003	0.847
neutral	0.060	0.000	0.018	0.003	0.103	0.004	0.812
neutral	0.053	0.000	0.018	0.003	0.092	0.004	0.829
neutral	0.050	0.000	0.026	0.003	0.106	0.005	0.810
neutral	0.040	0.000	0.022	0.002	0.159	0.003	0.774
neutral	0.038	0.000	0.033	0.003	0.132	0.005	0.789
neutral	0.061	0.000	0.036	0.003	0.213	0.004	0.683
neutral	0.038	0.000	0.025	0.002	0.135	0.004	0.796
neutral	0.042	0.000	0.030	0.003	0.128	0.004	0.793
neutral	0.038	0.000	0.024	0.003	0.186	0.001	0.748
neutral	0.047	0.000	0.023	0.003	0.111	0.005	0.810
neutral	0.056	0.000	0.017	0.002	0.122	0.003	0.799
neutral	0.066	0.000	0.018	0.004	0.118	0.007	0.786
neutral	0.058	0.000	0.016	0.004	0.117	0.003	0.802
neutral	0.065	0.000	0.017	0.003	0.106	0.004	0.806
neutral	0.066	0.000	0.017	0.003	0.125	0.003	0.786
neutral	0.054	0.000	0.016	0.003	0.081	0.006	0.841
neutral	0.063	0.000	0.017	0.003	0.192	0.004	0.721
neutral	0.061	0.000	0.017	0.003	0.153	0.004	0.761
neutral	0.044	0.000	0.020	0.004	0.122	0.004	0.807
neutral	0.040	0.000	0.017	0.003	0.127	0.003	0.810
neutral	0.040	0.000	0.026	0.003	0.112	0.004	0.815
neutral	0.052	0.000	0.039	0.004	0.212	0.003	0.690
neutral	0.032	0.000	0.012	0.004	0.087	0.003	0.862
neutral	0.045	0.000	0.016	0.005	0.095	0.003	0.836
neutral	0.050	0.000	0.018	0.003	0.109	0.004	0.815
neutral	0.037	0.000	0.013	0.002	0.106	0.003	0.839
neutral	0.057	0.000	0.013	0.003	0.086	0.004	0.836
neutral	0.064	0.000	0.018	0.004	0.190	0.004	0.720
neutral	0.052	0.000	0.014	0.003	0.105	0.004	0.822
neutral	0.044	0.000	0.019	0.002	0.083	0.005	0.847
neutral	0.051	0.000	0.019	0.003	0.128	0.003	0.796
neutral	0.063	0.000	0.016	0.003	0.078	0.005	0.835
neutral	0.057	0.000	0.038	0.004	0.205	0.004	0.692
neutral	0.046	0.000	0.023	0.004	0.179	0.003	0.744
neutral	0.046	0.000	0.012	0.004	0.080	0.003	0.855
neutral	0.040	0.000	0.023	0.003	0.098	0.005	0.831
neutral	0.038	0.000	0.021	0.004	0.157	0.002	0.777
neutral	0.075	0.000	0.029	0.004	0.142	0.006	0.744
neutral	0.051	0.000	0.026	0.003	0.145	0.004	0.772
neutral	0.047	0.000	0.015	0.002	0.113	0.004	0.819
neutral	0.054	0.000	0.018	0.002	0.110	0.004	0.811
neutral	0.042	0.000	0.014	0.003	0.069	0.005	0.866
neutral	0.036	0.000	0.018	0.002	0.094	0.001	0.848
neutral	0.038	0.000	0.027	0.010	0.092	0.005	0.827
neutral	0.048	0.000	0.020	0.004	0.086	0.005	0.838
neutral	0.043	0.000	0.013	0.004	0.080	0.003	0.857
neutral	0.043	0.000	0.013	0.003	0.074	0.003	0.864
neutral	0.051	0.000	0.017	0.003	0.106	0.005	0.818
neutral	0.033	0.000	0.027	0.003	0.123	0.004	0.810
neutral	0.045	0.000	0.026	0.002	0.248	0.003	0.675
neutral	0.039	0.000	0.020	0.003	0.097	0.004	0.837
neutral	0.047	0.000	0.018	0.002	0.109	0.003	0.821
neutral	0.044	0.000	0.017	0.003	0.104	0.005	0.826
neutral	0.043	0.000	0.012	0.002	0.085	0.004	0.855
neutral	0.040	0.000	0.013	0.002	0.086	0.003	0.856
neutral	0.060	0.000	0.012	0.002	0.103	0.003	0.819
neutral	0.050	0.000	0.021	0.004	0.109	0.005	0.812
neutral	0.049	0.000	0.026	0.005	0.175	0.005	0.739
neutral	0.052	0.000	0.018	0.003	0.112	0.003	0.811
neutral	0.025	0.000	0.017	0.002	0.087	0.003	0.866
neutral	0.040	0.000	0.022	0.004	0.096	0.005	0.834
neutral	0.062	0.000	0.028	0.005	0.178	0.004	0.722
neutral	0.034	0.000	0.018	0.002	0.087	0.004	0.855
neutral	0.036	0.000	0.023	0.003	0.093	0.004	0.840
neutral	0.028	0.000	0.021	0.002	0.130	0.003	0.817
neutral	0.043	0.000	0.026	0.001	0.144	0.004	0.781
neutral	0.036	0.000	0.018	0.004	0.120	0.003	0.820
neutral	0.027	0.000	0.015	0.002	0.061	0.003	0.893
neutral	0.048	0.000	0.030	0.002	0.171	0.003	0.747
neutral	0.032	0.000	0.031	0.003	0.142	0.004	0.788
neutral	0.046	0.000	0.039	0.004	0.178	0.003	0.731
neutral	0.047	0.000	0.027	0.005	0.180	0.003	0.738
neutral	0.035	0.000	0.019	0.003	0.117	0.003	0.823
neutral	0.046	0.000	0.029	0.004	0.159	0.006	0.756
neutral	0.024	0.000	0.021	0.005	0.125	0.001	0.825
neutral	0.042	0.000	0.039	0.005	0.161	0.004	0.749
neutral	0.033	0.000	0.020	0.004	0.093	0.002	0.847
neutral	0.039	0.000	0.019	0.003	0.117	0.004	0.817
neutral	0.051	0.000	0.025	0.003	0.136	0.004	0.780
neutral	0.035	0.000	0.023	0.003	0.092	0.004	0.842
neutral	0.048	0.000	0.047	0.003	0.172	0.007	0.723
neutral	0.035	0.000	0.021	0.003	0.126	0.004	0.811
neutral	0.053	0.000	0.025	0.003	0.116	0.005	0.798
neutral	0.043	0.000	0.022	0.003	0.125	0.005	0.803
neutral	0.031	0.000	0.022	0.002	0.090	0.004	0.852
neutral	0.032	0.000	0.023	0.003	0.125	0.003	0.814
neutral	0.061	0.000	0.031	0.005	0.177	0.003	0.723
neutral	0.063	0.000	0.046	0.006	0.155	0.006	0.724
neutral	0.030	0.000	0.022	0.001	0.137	0.002	0.808
neutral	0.037	0.000	0.020	0.004	0.136	0.002	0.801
neutral	0.036	0.000	0.013	0.004	0.072	0.004	0.871
neutral	0.043	0.000	0.011	0.004	0.079	0.003	0.860
neutral	0.055	0.000	0.017	0.002	0.100	0.004	0.822
neutral	0.064	0.000	0.017	0.004	0.150	0.004	0.761
neutral	0.063	0.000	0.024	0.003	0.146	0.004	0.760
neutral	0.031	0.000	0.010	0.005	0.077	0.002	0.876
neutral	0.035	0.000	0.019	0.002	0.078	0.004	0.863
neutral	0.043	0.000	0.021	0.003	0.095	0.004	0.834
neutral	0.038	0.000	0.032	0.002	0.104	0.006	0.818
neutral	0.049	0.000	0.027	0.003	0.149	0.002	0.770
neutral	0.045	0.000	0.027	0.003	0.168	0.003	0.754
neutral	0.039	0.000	0.020	0.002	0.127	0.002	0.810
neutral	0.037	0.000	0.027	0.002	0.146	0.003	0.785
neutral	0.049	0.000	0.034	0.003	0.154	0.005	0.755
neutral	0.034	0.000	0.024	0.002	0.123	0.002	0.814
neutral	0.029	0.000	0.027	0.003	0.146	0.001	0.794
neutral	0.044	0.000	0.031	0.004	0.172	0.004	0.745
neutral	0.021	0.000	0.024	0.003	0.140	0.001	0.810
neutral	0.064	0.000	0.048	0.006	0.196	0.005	0.681
neutral	0.036	0.000	0.022	0.004	0.114	0.003	0.820
neutral	0.040	0.000	0.023	0.004	0.103	0.004	0.826
neutral	0.047	0.000	0.026	0.002	0.211	0.003	0.711
neutral	0.032	0.000	0.020	0.002	0.162	0.002	0.781
neutral	0.054	0.000	0.045	0.005	0.214	0.003	0.679
neutral	0.036	0.000	0.021	0.002	0.102	0.004	0.835
neutral	0.051	0.000	0.037	0.003	0.213	0.003	0.692
neutral	0.045	0.000	0.036	0.003	0.149	0.004	0.764
neutral	0.069	0.000	0.044	0.005	0.187	0.005	0.690
neutral	0.031	0.000	0.015	0.002	0.091	0.003	0.857
neutral	0.051	0.000	0.015	0.003	0.098	0.003	0.830
neutral	0.028	0.000	0.013	0.002	0.079	0.004	0.874
neutral	0.048	0.000	0.012	0.003	0.119	0.001	0.817
neutral	0.038	0.000	0.010	0.004	0.054	0.004	0.891
neutral	0.068	0.000	0.017	0.002	0.127	0.008	0.778
neutral	0.044	0.000	0.016	0.001	0.085	0.007	0.846
neutral	0.072	0.000	0.015	0.002	0.064	0.010	0.837
neutral	0.053	0.000	0.011	0.003	0.069	0.006	0.859
neutral	0.052	0.000	0.048	0.004	0.155	0.004	0.738
neutral	0.027	0.000	0.022	0.002	0.094	0.005	0.849
neutral	0.035	0.000	0.024	0.002	0.113	0.004	0.822
neutral	0.025	0.000	0.019	0.002	0.110	0.003	0.840
neutral	0.053	0.000	0.035	0.004	0.131	0.007	0.771
neutral	0.027	0.000	0.020	0.003	0.077	0.003	0.870
neutral	0.030	0.000	0.022	0.002	0.110	0.005	0.830
neutral	0.047	0.000	0.030	0.004	0.126	0.005	0.788
neutral	0.039	0.000	0.023	0.001	0.182	0.004	0.750
neutral	0.032	0.000	0.024	0.001	0.175	0.003	0.764
neutral	0.039	0.000	0.028	0.005	0.122	0.003	0.802
neutral	0.035	0.000	0.027	0.002	0.182	0.002	0.752
neutral	0.069	0.000	0.029	0.002	0.227	0.005	0.668
neutral	0.034	0.000	0.025	0.001	0.125	0.004	0.810
neutral	0.034	0.000	0.020	0.002	0.113	0.003	0.827
neutral	0.052	0.000	0.035	0.004	0.173	0.004	0.732
neutral	0.023	0.000	0.020	0.002	0.083	0.004	0.869
neutral	0.056	0.000	0.062	0.006	0.310	0.001	0.565
neutral	0.030	0.000	0.015	0.004	0.107	0.001	0.843
neutral	0.056	0.000	0.068	0.005	0.291	0.002	0.579
neutral	0.036	0.000	0.033	0.004	0.097	0.005	0.826
neutral	0.020	0.000	0.016	0.002	0.084	0.003	0.876
neutral	0.042	0.000	0.037	0.005	0.111	0.006	0.799
neutral	0.018	0.000	0.014	0.002	0.068	0.003	0.894
neutral	0.036	0.000	0.022	0.002	0.185	0.003	0.753
neutral	0.057	0.000	0.036	0.002	0.206	0.006	0.692
neutral	0.029	0.000	0.023	0.002	0.119	0.003	0.824
neutral	0.044	0.000	0.029	0.003	0.133	0.004	0.786
neutral	0.041	0.000	0.029	0.002	0.170	0.003	0.754
neutral	0.038	0.000	0.023	0.002	0.169	0.003	0.765
neutral	0.030	0.000	0.032	0.006	0.192	0.002	0.738
neutral	0.053	0.000	0.031	0.003	0.166	0.003	0.744
neutral	0.026	0.000	0.024	0.003	0.102	0.005	0.840
neutral	0.046	0.000	0.037	0.002	0.189	0.004	0.722
neutral	0.029	0.000	0.028	0.002	0.127	0.005	0.810
neutral	0.042	0.000	0.029	0.001	0.148	0.004	0.776
neutral	0.072	0.000	0.035	0.001	0.204	0.004	0.683
neutral	0.029	0.000	0.024	0.002	0.114	0.006	0.824
neutral	0.022	0.000	0.021	0.002	0.098	0.004	0.851
neutral	0.029	0.000	0.019	0.002	0.109	0.003	0.838
neutral	0.035	0.000	0.024	0.002	0.128	0.004	0.806
neutral	0.035	0.000	0.024	0.004	0.099	0.003	0.836
neutral	0.034	0.000	0.025	0.002	0.118	0.005	0.816
neutral	0.055	0.000	0.053	0.006	0.182	0.003	0.701
neutral	0.045	0.000	0.027	0.003	0.169	0.002	0.754
neutral	0.046	0.000	0.048	0.006	0.171	0.003	0.726
neutral	0.037	0.000	0.025	0.007	0.116	0.004	0.810
neutral	0.036	0.000	0.026	0.002	0.142	0.002	0.793
neutral	0.065	0.000	0.025	0.013	0.134	0.005	0.758
neutral	0.040	0.000	0.028	0.004	0.158	0.002	0.768
neutral	0.051	0.000	0.043	0.006	0.136	0.007	0.757
neutral	0.024	0.000	0.018	0.001	0.099	0.002	0.856
neutral	0.022	0.000	0.018	0.002	0.099	0.004	0.854
neutral	0.039	0.000	0.023	0.004	0.119	0.003	0.813
neutral	0.038	0.000	0.022	0.004	0.124	0.001	0.811
neutral	0.039	0.000	0.029	0.004	0.121	0.004	0.803
neutral	0.059	0.000	0.043	0.004	0.137	0.007	0.750
neutral	0.037	0.000	0.023	0.001	0.177	0.002	0.760
neutral	0.035	0.000	0.028	0.001	0.186	0.003	0.747
neutral	0.039	0.000	0.036	0.002	0.149	0.004	0.769
neutral	0.036	0.000	0.029	0.002	0.132	0.003	0.797
neutral	0.042	0.000	0.030	0.002	0.180	0.003	0.744
neutral	0.037	0.000	0.029	0.004	0.136	0.006	0.788
neutral	0.042	0.000	0.030	0.003	0.145	0.004	0.776
neutral	0.020	0.000	0.021	0.003	0.150	0.001	0.805
neutral	0.037	0.000	0.023	0.002	0.156	0.003	0.779
neutral	0.032	0.000	0.030	0.003	0.098	0.005	0.831
neutral	0.037	0.000	0.033	0.001	0.225	0.002	0.701
neutral	0.041	0.000	0.026	0.002	0.190	0.002	0.740
neutral	0.032	0.000	0.028	0.002	0.118	0.004	0.816
neutral	0.046	0.000	0.026	0.004	0.122	0.004	0.798
neutral	0.048	0.000	0.028	0.004	0.132	0.003	0.786
neutral	0.046	0.000	0.031	0.001	0.207	0.004	0.711
neutral	0.043	0.000	0.028	0.004	0.147	0.004	0.775
neutral	0.047	0.000	0.028	0.003	0.143	0.003	0.775
neutral	0.027	0.000	0.024	0.005	0.130	0.002	0.812
neutral	0.023	0.000	0.026	0.003	0.104	0.004	0.841
neutral	0.040	0.000	0.031	0.002	0.206	0.003	0.718
neutral	0.036	0.000	0.031	0.002	0.224	0.002	0.705
neutral	0.045	0.000	0.026	0.002	0.136	0.006	0.785
neutral	0.051	0.000	0.025	0.005	0.148	0.001	0.769
neutral	0.038	0.000	0.021	0.009	0.172	0.001	0.759
neutral	0.042	0.000	0.034	0.003	0.168	0.004	0.750
neutral	0.022	0.000	0.018	0.005	0.084	0.002	0.870
neutral	0.056	0.000	0.064	0.005	0.263	0.002	0.610
neutral	0.043	0.000	0.029	0.003	0.129	0.004	0.792
neutral	0.067	0.000	0.058	0.004	0.197	0.003	0.670
neutral	0.056	0.000	0.051	0.006	0.204	0.003	0.680
neutral	0.049	0.000	0.055	0.006	0.162	0.004	0.724
neutral	0.053	0.000	0.062	0.005	0.241	0.003	0.636
neutral	0.047	0.000	0.041	0.005	0.213	0.002	0.691
neutral	0.041	0.000	0.027	0.006	0.178	0.001	0.747
neutral	0.081	0.000	0.047	0.004	0.227	0.002	0.639
neutral	0.043	0.000	0.026	0.005	0.134	0.001	0.791
neutral	0.035	0.000	0.021	0.005	0.092	0.002	0.845
neutral	0.027	0.000	0.019	0.004	0.075	0.003	0.873
neutral	0.055	0.000	0.044	0.005	0.142	0.003	0.750
neutral	0.028	0.000	0.028	0.002	0.101	0.005	0.835
neutral	0.043	0.000	0.027	0.005	0.169	0.001	0.755
neutral	0.033	0.000	0.024	0.004	0.199	0.001	0.740
neutral	0.029	0.000	0.015	0.003	0.145	0.002	0.807
neutral	0.028	0.000	0.022	0.002	0.129	0.003	0.816
neutral	0.058	0.000	0.025	0.003	0.189	0.003	0.723
neutral	0.032	0.000	0.017	0.005	0.069	0.002	0.876
neutral	0.039	0.000	0.028	0.003	0.150	0.004	0.776
neutral	0.039	0.000	0.025	0.005	0.100	0.002	0.829
neutral	0.057	0.000	0.035	0.004	0.133	0.003	0.768
neutral	0.023	0.000	0.014	0.002	0.082	0.003	0.876
neutral	0.023	0.000	0.017	0.002	0.087	0.003	0.867
neutral	0.035	0.000	0.021	0.003	0.104	0.002	0.835
neutral	0.036	0.000	0.023	0.004	0.097	0.003	0.837
neutral	0.033	0.000	0.021	0.007	0.104	0.002	0.833
neutral	0.044	0.000	0.019	0.005	0.121	0.003	0.807
neutral	0.027	0.000	0.016	0.002	0.076	0.002	0.876
neutral	0.034	0.000	0.015	0.003	0.080	0.002	0.866
neutral	0.025	0.000	0.023	0.003	0.093	0.003	0.852
neutral	0.043	0.000	0.025	0.002	0.202	0.002	0.726
neutral	0.078	0.000	0.043	0.004	0.151	0.004	0.720
neutral	0.069	0.000	0.034	0.005	0.150	0.002	0.739
neutral	0.084	0.000	0.041	0.003	0.210	0.002	0.659
neutral	0.082	0.000	0.043	0.004	0.149	0.005	0.717
neutral	0.035	0.000	0.020	0.002	0.101	0.003	0.839
neutral	0.028	0.000	0.012	0.005	0.072	0.001	0.882
neutral	0.073	0.000	0.050	0.003	0.224	0.002	0.648
neutral	0.078	0.000	0.050	0.005	0.207	0.003	0.658
neutral	0.054	0.000	0.025	0.005	0.139	0.001	0.776
neutral	0.062	0.000	0.023	0.004	0.136	0.001	0.773
neutral	0.047	0.000	0.030	0.005	0.176	0.002	0.740
neutral	0.062	0.000	0.053	0.005	0.232	0.002	0.646
neutral	0.047	0.000	0.057	0.005	0.193	0.002	0.696
neutral	0.068	0.000	0.040	0.005	0.181	0.002	0.705
neutral	0.052	0.000	0.027	0.002	0.116	0.003	0.799
neutral	0.043	0.000	0.017	0.004	0.163	0.001	0.773
neutral	0.027	0.000	0.012	0.002	0.074	0.002	0.883
neutral	0.037	0.000	0.022	0.002	0.102	0.003	0.834
neutral	0.062	0.000	0.021	0.002	0.154	0.003	0.759
neutral	0.034	0.000	0.018	0.002	0.089	0.003	0.854
neutral	0.047	0.000	0.030	0.003	0.138	0.003	0.780
neutral	0.035	0.000	0.017	0.002	0.127	0.003	0.817
neutral	0.041	0.000	0.016	0.005	0.084	0.003	0.852
neutral	0.051	0.000	0.022	0.002	0.168	0.004	0.754
neutral	0.032	0.000	0.020	0.002	0.120	0.004	0.821
neutral	0.044	0.000	0.021	0.002	0.105	0.004	0.826
neutral	0.069	0.000	0.036	0.003	0.223	0.001	0.668
neutral	0.043	0.000	0.016	0.002	0.098	0.004	0.837
neutral	0.059	0.000	0.026	0.003	0.135	0.002	0.775
neutral	0.047	0.000	0.020	0.001	0.163	0.003	0.766
neutral	0.037	0.000	0.022	0.003	0.123	0.003	0.813
neutral	0.049	0.000	0.027	0.005	0.113	0.002	0.805
neutral	0.054	0.000	0.025	0.002	0.128	0.002	0.790
neutral	0.050	0.000	0.024	0.005	0.153	0.002	0.765
neutral	0.038	0.000	0.023	0.004	0.134	0.001	0.800
neutral	0.066	0.000	0.052	0.004	0.224	0.002	0.652
neutral	0.040	0.000	0.024	0.002	0.140	0.003	0.791
neutral	0.037	0.000	0.022	0.002	0.161	0.002	0.777
neutral	0.031	0.000	0.014	0.002	0.073	0.003	0.877
neutral	0.039	0.000	0.014	0.002	0.079	0.004	0.862
neutral	0.043	0.000	0.016	0.001	0.155	0.003	0.782
neutral	0.062	0.000	0.020	0.004	0.119	0.002	0.793
neutral	0.044	0.000	0.016	0.001	0.100	0.003	0.835
neutral	0.054	0.000	0.018	0.004	0.114	0.002	0.808
neutral	0.049	0.000	0.014	0.002	0.077	0.003	0.855
neutral	0.065	0.000	0.021	0.004	0.127	0.002	0.782
neutral	0.074	0.000	0.024	0.004	0.125	0.002	0.771
neutral	0.077	0.000	0.015	0.004	0.130	0.002	0.772
neutral	0.047	0.000	0.018	0.004	0.105	0.003	0.823
neutral	0.059	0.000	0.043	0.005	0.214	0.002	0.677
neutral	0.102	0.000	0.032	0.005	0.203	0.002	0.656
neutral	0.070	0.000	0.032	0.003	0.160	0.003	0.733
neutral	0.065	0.000	0.023	0.002	0.093	0.003	0.813
neutral	0.049	0.000	0.013	0.003	0.097	0.003	0.835
neutral	0.070	0.000	0.023	0.002	0.119	0.003	0.783
neutral	0.062	0.000	0.020	0.002	0.129	0.004	0.783
neutral	0.046	0.000	0.017	0.004	0.121	0.005	0.807
neutral	0.047	0.000	0.017	0.004	0.150	0.001	0.781
neutral	0.041	0.000	0.016	0.005	0.150	0.002	0.786
neutral	0.038	0.000	0.016	0.005	0.118	0.003	0.821
neutral	0.036	0.000	0.017	0.004	0.134	0.001	0.807
neutral	0.035	0.000	0.014	0.005	0.056	0.003	0.886
neutral	0.047	0.000	0.023	0.003	0.154	0.004	0.769
neutral	0.028	0.000	0.014	0.005	0.092	0.001	0.861
neutral	0.030	0.000	0.018	0.003	0.093	0.004	0.851
neutral	0.029	0.000	0.013	0.003	0.079	0.003	0.873
neutral	0.047	0.000	0.032	0.004	0.196	0.003	0.717
neutral	0.056	0.000	0.023	0.006	0.126	0.005	0.783
neutral	0.046	0.000	0.020	0.004	0.108	0.003	0.819
neutral	0.044	0.000	0.016	0.005	0.065	0.003	0.867
neutral	0.040	0.000	0.011	0.005	0.052	0.003	0.889
neutral	0.054	0.000	0.015	0.003	0.114	0.001	0.812
neutral	0.057	0.000	0.018	0.003	0.119	0.004	0.800
neutral	0.048	0.000	0.017	0.004	0.110	0.001	0.819
neutral	0.060	0.000	0.018	0.004	0.165	0.002	0.750
neutral	0.076	0.000	0.031	0.002	0.174	0.003	0.714
neutral	0.044	0.000	0.020	0.003	0.141	0.003	0.788
neutral	0.052	0.000	0.016	0.004	0.106	0.002	0.819
neutral	0.031	0.000	0.015	0.002	0.077	0.003	0.873
neutral	0.068	0.000	0.036	0.004	0.207	0.003	0.682
neutral	0.037	0.000	0.034	0.006	0.240	0.001	0.682
neutral	0.041	0.000	0.035	0.007	0.158	0.002	0.757
neutral	0.048	0.000	0.026	0.004	0.129	0.002	0.791
neutral	0.037	0.000	0.020	0.003	0.129	0.001	0.810
neutral	0.043	0.000	0.023	0.003	0.133	0.001	0.798
neutral	0.046	0.000	0.037	0.004	0.151	0.002	0.760
neutral	0.041	0.000	0.041	0.005	0.170	0.002	0.742
neutral	0.072	0.000	0.041	0.004	0.165	0.003	0.715
neutral	0.033	0.000	0.020	0.002	0.165	0.001	0.778
neutral	0.030	0.000	0.019	0.002	0.150	0.002	0.797
neutral	0.056	0.000	0.021	0.003	0.164	0.002	0.755
neutral	0.038	0.000	0.022	0.002	0.098	0.003	0.838
neutral	0.027	0.000	0.020	0.004	0.118	0.002	0.829
neutral	0.046	0.000	0.022	0.007	0.146	0.002	0.776
neutral	0.035	0.000	0.020	0.003	0.144	0.002	0.796
neutral	0.037	0.000	0.034	0.003	0.175	0.002	0.749
neutral	0.043	0.000	0.024	0.005	0.151	0.001	0.775
neutral	0.041	0.000	0.027	0.003	0.135	0.003	0.792
neutral	0.056	0.000	0.029	0.004	0.188	0.003	0.720
neutral	0.041	0.000	0.027	0.002	0.176	0.003	0.752
neutral	0.025	0.000	0.023	0.004	0.170	0.003	0.775
neutral	0.049	0.000	0.028	0.003	0.122	0.002	0.797
neutral	0.035	0.000	0.019	0.001	0.123	0.002	0.820
neutral	0.040	0.000	0.012	0.001	0.082	0.003	0.862
neutral	0.049	0.000	0.015	0.002	0.106	0.002	0.825
neutral	0.052	0.000	0.013	0.002	0.087	0.001	0.845
neutral	0.084	0.000	0.012	0.005	0.138	0.002	0.759
neutral	0.041	0.000	0.042	0.010	0.132	0.003	0.773
neutral	0.067	0.000	0.053	0.004	0.168	0.002	0.706
neutral	0.047	0.000	0.036	0.004	0.119	0.003	0.792
neutral	0.081	0.000	0.048	0.005	0.225	0.002	0.638
neutral	0.036	0.000	0.036	0.008	0.219	0.002	0.699
neutral	0.057	0.000	0.063	0.006	0.190	0.004	0.680
neutral	0.046	0.000	0.047	0.004	0.234	0.004	0.664
neutral	0.044	0.000	0.013	0.003	0.080	0.002	0.858
neutral	0.055	0.000	0.018	0.003	0.130	0.002	0.792
neutral	0.050	0.000	0.010	0.004	0.141	0.001	0.794
neutral	0.064	0.000	0.017	0.005	0.152	0.003	0.760
neutral	0.072	0.000	0.012	0.004	0.171	0.002	0.739
neutral	0.045	0.000	0.020	0.003	0.135	0.002	0.794
neutral	0.038	0.000	0.016	0.003	0.093	0.001	0.849
neutral	0.060	0.000	0.028	0.004	0.182	0.002	0.724
neutral	0.105	0.000	0.032	0.007	0.178	0.002	0.676
neutral	0.061	0.000	0.018	0.002	0.137	0.003	0.779
neutral	0.049	0.000	0.017	0.002	0.095	0.004	0.833
neutral	0.076	0.000	0.018	0.005	0.124	0.002	0.776
neutral	0.063	0.000	0.028	0.003	0.124	0.002	0.780
neutral	0.074	0.000	0.061	0.005	0.250	0.003	0.606
neutral	0.037	0.000	0.026	0.002	0.127	0.003	0.805
neutral	0.063	0.000	0.021	0.004	0.147	0.002	0.763
neutral	0.071	0.000	0.028	0.003	0.131	0.002	0.764
neutral	0.055	0.000	0.022	0.003	0.117	0.002	0.801
neutral	0.050	0.000	0.024	0.003	0.129	0.002	0.792
neutral	0.049	0.000	0.021	0.005	0.078	0.001	0.847
neutral	0.042	0.000	0.037	0.007	0.182	0.002	0.730
neutral	0.036	0.000	0.041	0.004	0.134	0.003	0.782
neutral	0.038	0.000	0.023	0.004	0.088	0.002	0.844
neutral	0.042	0.000	0.023	0.003	0.115	0.002	0.815
neutral	0.068	0.000	0.034	0.004	0.142	0.002	0.750
neutral	0.073	0.000	0.028	0.004	0.137	0.003	0.756
neutral	0.052	0.000	0.016	0.004	0.089	0.002	0.837
neutral	0.072	0.000	0.027	0.005	0.143	0.003	0.750
neutral	0.063	0.000	0.035	0.003	0.171	0.003	0.725
neutral	0.045	0.000	0.014	0.005	0.131	0.001	0.803
neutral	0.057	0.000	0.038	0.004	0.226	0.003	0.672
neutral	0.038	0.000	0.022	0.004	0.137	0.001	0.798
neutral	0.044	0.000	0.030	0.004	0.137	0.003	0.782
neutral	0.044	0.000	0.023	0.006	0.182	0.002	0.743
neutral	0.027	0.000	0.012	0.005	0.068	0.001	0.888
neutral	0.045	0.000	0.017	0.006	0.121	0.001	0.810
neutral	0.043	0.000	0.015	0.003	0.108	0.001	0.830
neutral	0.052	0.000	0.030	0.003	0.140	0.002	0.773
neutral	0.061	0.000	0.027	0.003	0.130	0.003	0.777
neutral	0.079	0.000	0.041	0.005	0.165	0.003	0.708
neutral	0.025	0.000	0.025	0.003	0.128	0.002	0.818
neutral	0.054	0.000	0.061	0.005	0.238	0.003	0.638
neutral	0.058	0.000	0.039	0.004	0.153	0.003	0.742
neutral	0.088	0.000	0.045	0.005	0.175	0.003	0.684
neutral	0.033	0.000	0.023	0.006	0.160	0.001	0.777
neutral	0.049	0.000	0.026	0.005	0.226	0.002	0.692
neutral	0.064	0.000	0.020	0.005	0.150	0.002	0.759
neutral	0.095	0.000	0.045	0.005	0.183	0.004	0.668
neutral	0.032	0.000	0.026	0.007	0.146	0.001	0.787
neutral	0.042	0.000	0.032	0.005	0.144	0.002	0.777
neutral	0.052	0.000	0.023	0.005	0.119	0.002	0.800
neutral	0.072	0.000	0.035	0.004	0.138	0.003	0.748
neutral	0.054	0.000	0.016	0.006	0.099	0.001	0.823
neutral	0.052	0.000	0.017	0.006	0.106	0.002	0.817
neutral	0.084	0.000	0.034	0.003	0.212	0.003	0.663
neutral	0.054	0.000	0.032	0.003	0.130	0.003	0.778
neutral	0.050	0.000	0.037	0.005	0.186	0.003	0.719
neutral	0.050	0.000	0.032	0.004	0.172	0.001	0.741
neutral	0.058	0.000	0.022	0.005	0.149	0.002	0.764
neutral	0.065	0.000	0.029	0.002	0.136	0.004	0.763
neutral	0.042	0.000	0.030	0.009	0.160	0.002	0.757
neutral	0.055	0.000	0.035	0.003	0.160	0.003	0.743
neutral	0.061	0.000	0.042	0.004	0.188	0.004	0.702
neutral	0.055	0.000	0.031	0.004	0.148	0.003	0.759
neutral	0.068	0.000	0.029	0.004	0.149	0.002	0.748
neutral	0.046	0.000	0.022	0.006	0.128	0.002	0.796
neutral	0.025	0.000	0.023	0.003	0.185	0.001	0.762
neutral	0.045	0.000	0.034	0.006	0.160	0.002	0.753
neutral	0.038	0.000	0.024	0.003	0.166	0.002	0.767
neutral	0.049	0.000	0.047	0.006	0.153	0.004	0.741
neutral	0.037	0.000	0.046	0.005	0.197	0.002	0.713
neutral	0.046	0.000	0.030	0.004	0.191	0.001	0.728
neutral	0.055	0.000	0.048	0.004	0.193	0.002	0.697
neutral	0.052	0.000	0.036	0.005	0.149	0.004	0.753
neutral	0.036	0.000	0.031	0.004	0.121	0.003	0.805
neutral	0.039	0.000	0.021	0.002	0.118	0.002	0.818
neutral	0.041	0.000	0.030	0.003	0.155	0.003	0.768
neutral	0.039	0.000	0.032	0.003	0.121	0.002	0.803
neutral	0.062	0.000	0.066	0.006	0.197	0.006	0.664
neutral	0.053	0.000	0.024	0.005	0.200	0.002	0.715
neutral	0.044	0.000	0.024	0.004	0.123	0.002	0.803
neutral	0.050	0.000	0.040	0.004	0.195	0.002	0.710
neutral	0.042	0.000	0.035	0.005	0.219	0.002	0.697
neutral	0.056	0.000	0.038	0.004	0.172	0.003	0.727
neutral	0.072	0.000	0.058	0.005	0.240	0.006	0.619
neutral	0.051	0.000	0.027	0.005	0.141	0.002	0.774
neutral	0.045	0.000	0.060	0.007	0.221	0.006	0.662
neutral	0.033	0.000	0.019	0.002	0.106	0.002	0.837
neutral	0.042	0.000	0.025	0.004	0.154	0.002	0.774
neutral	0.039	0.000	0.024	0.003	0.110	0.003	0.821
neutral	0.033	0.000	0.024	0.002	0.131	0.003	0.807
neutral	0.045	0.000	0.024	0.004	0.205	0.002	0.720
neutral	0.043	0.000	0.058	0.004	0.192	0.006	0.697
neutral	0.032	0.000	0.030	0.004	0.141	0.002	0.792
neutral	0.034	0.000	0.022	0.004	0.112	0.002	0.825
neutral	0.054	0.000	0.029	0.003	0.143	0.004	0.767
neutral	0.049	0.000	0.033	0.004	0.120	0.002	0.792
neutral	0.058	0.000	0.046	0.004	0.173	0.003	0.716
neutral	0.052	0.000	0.026	0.003	0.152	0.002	0.766
neutral	0.042	0.000	0.022	0.003	0.114	0.002	0.817
neutral	0.054	0.000	0.019	0.005	0.132	0.002	0.788
neutral	0.050	0.000	0.032	0.003	0.162	0.002	0.752
neutral	0.043	0.000	0.021	0.005	0.114	0.001	0.817
neutral	0.044	0.000	0.040	0.005	0.145	0.003	0.763
neutral	0.035	0.000	0.038	0.004	0.159	0.002	0.761
neutral	0.048	0.000	0.037	0.003	0.149	0.002	0.760
neutral	0.043	0.000	0.039	0.003	0.226	0.003	0.686
neutral	0.052	0.000	0.027	0.006	0.227	0.003	0.685
neutral	0.049	0.000	0.037	0.004	0.240	0.002	0.668
neutral	0.037	0.000	0.018	0.005	0.129	0.001	0.809
neutral	0.060	0.000	0.018	0.005	0.199	0.002	0.716
neutral	0.054	0.000	0.030	0.011	0.223	0.002	0.680
neutral	0.049	0.000	0.065	0.004	0.218	0.004	0.660
neutral	0.031	0.000	0.048	0.004	0.197	0.002	0.718
neutral	0.049	0.000	0.029	0.003	0.199	0.002	0.719
neutral	0.047	0.000	0.034	0.003	0.196	0.002	0.718
neutral	0.041	0.000	0.017	0.004	0.097	0.002	0.839
neutral	0.048	0.000	0.018	0.006	0.092	0.001	0.834
neutral	0.081	0.000	0.024	0.006	0.193	0.002	0.694
neutral	0.055	0.000	0.020	0.003	0.167	0.002	0.753
neutral	0.053	0.000	0.027	0.004	0.134	0.002	0.780
neutral	0.029	0.000	0.026	0.006	0.126	0.001	0.811
neutral	0.044	0.000	0.022	0.003	0.180	0.001	0.750
neutral	0.046	0.000	0.030	0.006	0.147	0.002	0.770
neutral	0.034	0.000	0.033	0.003	0.157	0.002	0.772
neutral	0.040	0.000	0.030	0.008	0.113	0.003	0.806
neutral	0.038	0.000	0.032	0.004	0.176	0.001	0.748
neutral	0.057	0.000	0.045	0.006	0.179	0.002	0.711
neutral	0.063	0.000	0.054	0.005	0.191	0.003	0.684
neutral	0.046	0.000	0.040	0.003	0.226	0.003	0.682
neutral	0.068	0.000	0.021	0.008	0.161	0.001	0.741
neutral	0.057	0.000	0.038	0.002	0.195	0.004	0.704
neutral	0.051	0.000	0.045	0.003	0.172	0.003	0.727
neutral	0.044	0.000	0.019	0.006	0.174	0.002	0.754
neutral	0.043	0.000	0.053	0.004	0.205	0.003	0.692
neutral	0.039	0.000	0.035	0.005	0.170	0.002	0.749
neutral	0.053	0.000	0.035	0.002	0.198	0.002	0.711
neutral	0.051	0.000	0.071	0.004	0.248	0.004	0.622
neutral	0.045	0.000	0.026	0.003	0.181	0.002	0.743
neutral	0.048	0.000	0.034	0.002	0.180	0.001	0.735
neutral	0.052	0.000	0.025	0.006	0.104	0.001	0.812
neutral	0.043	0.000	0.034	0.004	0.202	0.001	0.716
neutral	0.047	0.000	0.037	0.003	0.167	0.003	0.745
neutral	0.071	0.000	0.079	0.003	0.285	0.004	0.558
neutral	0.052	0.000	0.020	0.003	0.123	0.002	0.801
neutral	0.067	0.000	0.052	0.004	0.275	0.002	0.599
neutral	0.058	0.000	0.034	0.002	0.188	0.002	0.715
