prediction	angry	disgust	fear	happy	sad	surprise	neutral
neutral	0.049	0.005	0.017	0.002	0.162	0.000	0.764
neutral	0.084	0.004	0.028	0.002	0.160	0.000	0.721
neutral	0.076	0.000	0.096	0.207	0.216	0.097	0.307
neutral	0.063	0.002	0.024	0.001	0.129	0.000	0.780
neutral	0.044	0.002	0.018	0.001	0.153	0.000	0.782
neutral	0.100	0.013	0.034	0.001	0.235	0.000	0.618
neutral	0.042	0.001	0.019	0.001	0.124	0.000	0.812
neutral	0.054	0.003	0.025	0.001	0.142	0.000	0.775
neutral	0.086	0.001	0.156	0.083	0.247	0.130	0.298
neutral	0.062	0.005	0.026	0.001	0.156	0.000	0.750
neutral	0.030	0.005	0.024	0.000	0.149	0.000	0.791
neutral	0.059	0.002	0.031	0.002	0.120	0.000	0.786
neutral	0.085	0.011	0.037	0.001	0.188	0.000	0.678
neutral	0.044	0.004	0.035	0.002	0.135	0.000	0.779
neutral	0.035	0.002	0.032	0.001	0.112	0.000	0.817
neutral	0.050	0.002	0.038	0.001	0.175	0.000	0.735
neutral	0.063	0.001	0.035	0.001	0.151	0.000	0.748
neutral	0.093	0.001	0.033	0.002	0.101	0.000	0.769
neutral	0.068	0.000	0.038	0.006	0.090	0.000	0.797
neutral	0.111	0.001	0.046	0.006	0.129	0.001	0.705
neutral	0.051	0.000	0.019	0.004	0.091	0.001	0.834
neutral	0.058	0.000	0.024	0.005	0.110	0.001	0.803
neutral	0.047	0.000	0.023	0.004	0.106	0.001	0.819
neutral	0.103	0.000	0.045	0.002	0.118	0.000	0.731
neutral	0.047	0.001	0.036	0.003	0.096	0.001	0.816
neutral	0.094	0.002	0.041	0.002	0.136	0.001	0.725
neutral	0.115	0.002	0.033	0.002	0.107	0.001	0.740
neutral	0.080	0.001	0.030	0.002	0.108	0.000	0.777
neutral	0.048	0.004	0.022	0.002	0.103	0.000	0.821
neutral	0.054	0.001	0.031	0.002	0.122	0.000	0.790
neutral	0.038	0.001	0.036	0.002	0.127	0.001	0.794
neutral	0.058	0.001	0.031	0.004	0.107	0.001	0.799
neutral	0.039	0.001	0.015	0.004	0.081	0.001	0.859
neutral	0.036	0.001	0.019	0.003	0.074	0.001	0.867
neutral	0.058	0.001	0.032	0.003	0.229	0.000	0.676
neutral	0.111	0.008	0.063	0.002	0.311	0.000	0.506
neutral	0.038	0.000	0.027	0.002	0.076	0.000	0.857
neutral	0.052	0.001	0.049	0.001	0.144	0.000	0.753
neutral	0.075	0.002	0.048	0.004	0.147	0.001	0.724
neutral	0.048	0.000	0.057	0.005	0.139	0.001	0.750
neutral	0.101	0.000	0.059	0.003	0.168	0.000	0.669
neutral	0.036	0.000	0.035	0.003	0.126	0.001	0.799
neutral	0.065	0.001	0.038	0.005	0.112	0.001	0.779
neutral	0.042	0.000	0.031	0.003	0.087	0.000	0.838
neutral	0.081	0.001	0.028	0.004	0.098	0.001	0.786
neutral	0.089	0.001	0.037	0.003	0.146	0.001	0.725
neutral	0.041	0.001	0.020	0.001	0.109	0.000	0.828
neutral	0.063	0.001	0.027	0.002	0.110	0.000	0.796
neutral	0.141	0.000	0.102	0.003	0.319	0.003	0.431
neutral	0.195	0.000	0.075	0.001	0.308	0.001	0.419
neutral	0.107	0.001	0.049	0.002	0.187	0.001	0.653
neutral	0.060	0.001	0.043	0.000	0.283	0.000	0.611
neutral	0.063	0.001	0.060	0.001	0.150	0.000	0.725
neutral	0.034	0.001	0.038	0.000	0.235	0.000	0.692
neutral	0.083	0.003	0.055	0.001	0.188	0.000	0.670
neutral	0.063	0.011	0.030	0.003	0.240	0.000	0.654
neutral	0.102	0.005	0.030	0.003	0.190	0.000	0.669
neutral	0.091	0.004	0.038	0.002	0.205	0.001	0.659
neutral	0.097	0.003	0.032	0.004	0.157	0.000	0.707
neutral	0.061	0.002	0.021	0.003	0.099	0.001	0.813
neutral	0.095	0.009	0.022	0.003	0.169	0.000	0.702
neutral	0.088	0.003	0.052	0.003	0.216	0.001	0.638
neutral	0.085	0.001	0.027	0.002	0.134	0.001	0.750
neutral	0.114	0.003	0.059	0.003	0.286	0.001	0.536
neutral	0.071	0.002	0.054	0.001	0.194	0.000	0.678
neutral	0.101	0.004	0.086	0.001	0.264	0.000	0.543
neutral	0.101	0.003	0.073	0.001	0.243	0.000	0.579
neutral	0.077	0.006	0.068	0.001	0.275	0.000	0.572
neutral	0.099	0.001	0.062	0.004	0.238	0.002	0.594
neutral	0.090	0.000	0.063	0.003	0.169	0.001	0.674
neutral	0.050	0.000	0.037	0.001	0.115	0.001	0.795
neutral	0.097	0.000	0.113	0.001	0.261	0.000	0.527
neutral	0.058	0.001	0.042	0.001	0.131	0.001	0.767
neutral	0.086	0.001	0.041	0.003	0.128	0.001	0.740
neutral	0.090	0.000	0.037	0.001	0.117	0.001	0.754
neutral	0.077	0.000	0.047	0.002	0.107	0.000	0.766
neutral	0.118	0.000	0.073	0.001	0.155	0.001	0.653
neutral	0.101	0.001	0.055	0.002	0.153	0.001	0.688
neutral	0.104	0.004	0.068	0.005	0.187	0.001	0.632
neutral	0.137	0.001	0.028	0.002	0.204	0.000	0.628
sad	0.100	0.000	0.106	0.060	0.340	0.079	0.313
neutral	0.062	0.001	0.032	0.002	0.115	0.000	0.787
neutral	0.054	0.000	0.027	0.001	0.106	0.000	0.812
neutral	0.092	0.000	0.059	0.001	0.174	0.001	0.672
neutral	0.070	0.001	0.051	0.001	0.175	0.000	0.702
neutral	0.091	0.002	0.064	0.001	0.205	0.000	0.638
neutral	0.115	0.001	0.061	0.001	0.243	0.000	0.579
neutral	0.081	0.004	0.043	0.001	0.305	0.000	0.566
neutral	0.054	0.002	0.032	0.001	0.187	0.000	0.725
neutral	0.124	0.001	0.042	0.001	0.168	0.000	0.663
neutral	0.078	0.001	0.056	0.001	0.238	0.000	0.626
neutral	0.054	0.002	0.032	0.003	0.143	0.000	0.765
neutral	0.072	0.007	0.059	0.002	0.195	0.000	0.664
neutral	0.071	0.005	0.070	0.002	0.226	0.000	0.626
neutral	0.076	0.006	0.063	0.003	0.175	0.000	0.676
neutral	0.091	0.003	0.068	0.003	0.222	0.000	0.612
neutral	0.109	0.005	0.046	0.001	0.283	0.000	0.555
neutral	0.122	0.001	0.071	0.001	0.254	0.000	0.550
neutral	0.103	0.006	0.060	0.002	0.167	0.000	0.662
neutral	0.170	0.015	0.079	0.002	0.262	0.000	0.471
neutral	0.086	0.007	0.086	0.006	0.189	0.002	0.625
neutral	0.128	0.006	0.080	0.002	0.258	0.000	0.525
neutral	0.183	0.011	0.082	0.002	0.309	0.000	0.414
neutral	0.125	0.017	0.087	0.004	0.280	0.000	0.487
neutral	0.107	0.017	0.098	0.004	0.242	0.002	0.531
neutral	0.094	0.009	0.083	0.005	0.185	0.002	0.624
neutral	0.087	0.003	0.053	0.001	0.110	0.000	0.746
neutral	0.102	0.005	0.042	0.004	0.143	0.000	0.705
neutral	0.115	0.009	0.041	0.003	0.125	0.001	0.706
neutral	0.261	0.004	0.088	0.002	0.223	0.001	0.422
neutral	0.166	0.005	0.070	0.002	0.215	0.001	0.541
neutral	0.150	0.008	0.076	0.001	0.219	0.001	0.545
neutral	0.096	0.014	0.054	0.003	0.158	0.000	0.674
neutral	0.069	0.004	0.064	0.001	0.182	0.001	0.679
neutral	0.074	0.003	0.077	0.001	0.247	0.000	0.597
neutral	0.073	0.002	0.090	0.001	0.311	0.000	0.522
neutral	0.068	0.005	0.031	0.002	0.175	0.000	0.719
neutral	0.143	0.005	0.046	0.003	0.213	0.001	0.589
neutral	0.081	0.004	0.035	0.003	0.117	0.002	0.759
neutral	0.081	0.003	0.023	0.003	0.133	0.000	0.758
neutral	0.099	0.003	0.031	0.001	0.174	0.001	0.692
neutral	0.110	0.002	0.049	0.003	0.149	0.002	0.685
neutral	0.122	0.005	0.041	0.004	0.151	0.001	0.675
neutral	0.080	0.001	0.041	0.002	0.127	0.002	0.747
neutral	0.064	0.003	0.050	0.001	0.172	0.000	0.709
neutral	0.100	0.005	0.053	0.003	0.154	0.000	0.685
neutral	0.040	0.004	0.037	0.003	0.130	0.000	0.786
neutral	0.105	0.007	0.043	0.002	0.212	0.000	0.631
neutral	0.196	0.022	0.047	0.002	0.170	0.000	0.562
neutral	0.077	0.003	0.037	0.001	0.159	0.000	0.722
neutral	0.076	0.003	0.037	0.001	0.157	0.000	0.725
neutral	0.118	0.006	0.045	0.001	0.161	0.001	0.666
neutral	0.143	0.008	0.054	0.002	0.177	0.001	0.615
neutral	0.126	0.005	0.043	0.002	0.153	0.001	0.670
neutral	0.084	0.003	0.063	0.002	0.155	0.002	0.692
neutral	0.156	0.016	0.060	0.002	0.183	0.001	0.581
neutral	0.067	0.006	0.023	0.002	0.143	0.000	0.758
neutral	0.122	0.011	0.069	0.002	0.193	0.000	0.603
neutral	0.139	0.005	0.060	0.002	0.193	0.001	0.601
neutral	0.086	0.003	0.036	0.002	0.168	0.001	0.704
neutral	0.090	0.001	0.046	0.001	0.143	0.001	0.718
neutral	0.141	0.005	0.042	0.004	0.169	0.001	0.638
neutral	0.108	0.005	0.047	0.002	0.181	0.001	0.656
neutral	0.082	0.006	0.043	0.003	0.156	0.001	0.708
neutral	0.034	0.000	0.036	0.001	0.121	0.001	0.807
neutral	0.067	0.010	0.054	0.004	0.155	0.002	0.707
neutral	0.095	0.001	0.046	0.001	0.137	0.001	0.719
neutral	0.108	0.001	0.042	0.002	0.121	0.001	0.724
neutral	0.104	0.005	0.045	0.005	0.109	0.002	0.730
neutral	0.065	0.003	0.038	0.002	0.269	0.001	0.622
neutral	0.053	0.001	0.072	0.001	0.187	0.000	0.686
neutral	0.110	0.001	0.105	0.001	0.316	0.000	0.466
neutral	0.041	0.001	0.032	0.001	0.210	0.000	0.714
neutral	0.105	0.003	0.043	0.001	0.123	0.001	0.724
neutral	0.072	0.010	0.051	0.005	0.145	0.002	0.715
neutral	0.058	0.003	0.033	0.002	0.097	0.002	0.806
neutral	0.072	0.003	0.021	0.001	0.135	0.000	0.768
neutral	0.075	0.000	0.055	0.001	0.119	0.002	0.748
neutral	0.115	0.003	0.046	0.002	0.205	0.001	0.628
neutral	0.102	0.002	0.036	0.001	0.140	0.001	0.717
neutral	0.118	0.005	0.053	0.002	0.187	0.001	0.634
neutral	0.113	0.006	0.039	0.002	0.167	0.001	0.673
neutral	0.058	0.006	0.041	0.005	0.094	0.000	0.795
neutral	0.073	0.001	0.052	0.004	0.109	0.001	0.761
neutral	0.031	0.001	0.032	0.006	0.067	0.001	0.862
neutral	0.044	0.001	0.025	0.007	0.074	0.001	0.848
neutral	0.044	0.002	0.030	0.013	0.091	0.001	0.819
neutral	0.084	0.002	0.046	0.010	0.135	0.002	0.721
neutral	0.073	0.003	0.057	0.006	0.144	0.001	0.715
neutral	0.055	0.002	0.029	0.009	0.172	0.001	0.732
neutral	0.047	0.001	0.033	0.007	0.144	0.000	0.768
neutral	0.013	0.002	0.009	0.055	0.061	0.000	0.859
neutral	0.019	0.001	0.006	0.024	0.065	0.000	0.883
neutral	0.036	0.002	0.010	0.016	0.099	0.000	0.836
neutral	0.019	0.001	0.006	0.021	0.089	0.000	0.864
neutral	0.020	0.001	0.008	0.048	0.098	0.000	0.825
neutral	0.013	0.000	0.006	0.036	0.077	0.000	0.867
neutral	0.024	0.000	0.008	0.024	0.079	0.000	0.864
neutral	0.039	0.000	0.016	0.030	0.109	0.000	0.806
neutral	0.058	0.000	0.020	0.026	0.228	0.000	0.668
neutral	0.051	0.000	0.019	0.029	0.206	0.000	0.694
neutral	0.018	0.000	0.005	0.036	0.143	0.000	0.798
neutral	0.048	0.000	0.014	0.024	0.182	0.000	0.732
neutral	0.084	0.002	0.016	0.029	0.215	0.001	0.654
neutral	0.061	0.002	0.017	0.018	0.183	0.000	0.720
neutral	0.060	0.001	0.018	0.015	0.161	0.000	0.745
neutral	0.033	0.001	0.017	0.016	0.166	0.000	0.767
neutral	0.044	0.001	0.016	0.013	0.183	0.000	0.743
neutral	0.104	0.007	0.027	0.019	0.357	0.000	0.486
neutral	0.154	0.007	0.022	0.017	0.291	0.000	0.510
neutral	0.113	0.002	0.026	0.064	0.173	0.003	0.619
neutral	0.040	0.002	0.011	0.027	0.189	0.000	0.731
neutral	0.044	0.001	0.010	0.030	0.141	0.000	0.773
neutral	0.036	0.001	0.008	0.051	0.083	0.000	0.820
neutral	0.033	0.001	0.012	0.044	0.122	0.000	0.788
neutral	0.031	0.002	0.007	0.060	0.072	0.000	0.828
neutral	0.047	0.003	0.011	0.044	0.170	0.000	0.725
neutral	0.038	0.002	0.011	0.019	0.164	0.000	0.767
neutral	0.063	0.002	0.020	0.016	0.145	0.000	0.754
neutral	0.038	0.003	0.013	0.027	0.161	0.000	0.757
neutral	0.052	0.003	0.016	0.025	0.128	0.000	0.776
neutral	0.019	0.002	0.009	0.062	0.129	0.000	0.780
neutral	0.046	0.001	0.018	0.021	0.193	0.000	0.720
neutral	0.051	0.003	0.019	0.009	0.179	0.000	0.739
neutral	0.056	0.003	0.014	0.030	0.184	0.001	0.713
neutral	0.044	0.004	0.019	0.033	0.186	0.000	0.712
neutral	0.076	0.010	0.041	0.015	0.262	0.000	0.595
neutral	0.070	0.024	0.032	0.014	0.236	0.000	0.624
neutral	0.052	0.013	0.059	0.005	0.307	0.001	0.563
neutral	0.064	0.044	0.036	0.013	0.210	0.001	0.632
neutral	0.080	0.010	0.058	0.010	0.323	0.001	0.519
neutral	0.092	0.121	0.078	0.006	0.294	0.001	0.408
neutral	0.087	0.038	0.042	0.021	0.219	0.001	0.594
neutral	0.092	0.014	0.028	0.035	0.171	0.001	0.658
neutral	0.092	0.042	0.088	0.004	0.266	0.001	0.509
neutral	0.076	0.022	0.036	0.008	0.201	0.001	0.656
neutral	0.051	0.020	0.070	0.002	0.249	0.001	0.608
neutral	0.059	0.011	0.054	0.004	0.213	0.001	0.658
neutral	0.070	0.024	0.027	0.008	0.072	0.000	0.800
neutral	0.082	0.018	0.034	0.013	0.118	0.001	0.734
neutral	0.052	0.035	0.071	0.006	0.209	0.001	0.625
neutral	0.077	0.014	0.085	0.006	0.236	0.002	0.580
neutral	0.084	0.023	0.067	0.004	0.203	0.001	0.618
neutral	0.067	0.039	0.030	0.015	0.125	0.000	0.724
neutral	0.056	0.016	0.042	0.012	0.158	0.001	0.716
neutral	0.039	0.022	0.043	0.005	0.177	0.001	0.713
neutral	0.048	0.011	0.044	0.007	0.137	0.001	0.752
neutral	0.072	0.006	0.043	0.016	0.078	0.002	0.784
neutral	0.094	0.033	0.053	0.014	0.107	0.001	0.699
neutral	0.048	0.006	0.019	0.007	0.063	0.001	0.856
neutral	0.056	0.009	0.041	0.007	0.110	0.001	0.776
neutral	0.054	0.010	0.045	0.009	0.114	0.001	0.767
neutral	0.049	0.003	0.053	0.011	0.103	0.003	0.779
neutral	0.081	0.010	0.046	0.011	0.124	0.002	0.726
neutral	0.093	0.018	0.050	0.015	0.163	0.001	0.661
neutral	0.094	0.007	0.061	0.002	0.232	0.001	0.603
neutral	0.077	0.021	0.043	0.003	0.165	0.000	0.689
neutral	0.071	0.021	0.062	0.007	0.255	0.001	0.583
neutral	0.063	0.016	0.041	0.002	0.140	0.001	0.737
neutral	0.148	0.016	0.069	0.006	0.192	0.001	0.568
neutral	0.082	0.022	0.045	0.010	0.151	0.001	0.689
neutral	0.035	0.008	0.037	0.008	0.082	0.003	0.828
neutral	0.077	0.015	0.044	0.008	0.118	0.002	0.735
neutral	0.087	0.010	0.054	0.006	0.150	0.002	0.690
neutral	0.042	0.007	0.044	0.007	0.082	0.005	0.813
neutral	0.086	0.002	0.068	0.003	0.130	0.001	0.710
neutral	0.078	0.011	0.047	0.004	0.098	0.003	0.760
neutral	0.065	0.010	0.062	0.006	0.128	0.002	0.727
neutral	0.058	0.009	0.042	0.003	0.157	0.000	0.731
neutral	0.130	0.007	0.058	0.005	0.144	0.001	0.655
neutral	0.066	0.011	0.029	0.004	0.130	0.000	0.760
neutral	0.112	0.006	0.055	0.002	0.214	0.000	0.610
neutral	0.125	0.007	0.047	0.005	0.206	0.000	0.609
neutral	0.109	0.005	0.054	0.001	0.232	0.000	0.597
neutral	0.094	0.002	0.059	0.006	0.178	0.001	0.658
neutral	0.080	0.007	0.047	0.006	0.150	0.001	0.709
neutral	0.074	0.007	0.048	0.010	0.118	0.001	0.743
neutral	0.070	0.007	0.058	0.008	0.120	0.001	0.736
neutral	0.109	0.001	0.070	0.004	0.134	0.001	0.681
neutral	0.094	0.003	0.039	0.018	0.153	0.001	0.691
neutral	0.066	0.007	0.052	0.012	0.127	0.001	0.735
neutral	0.062	0.003	0.035	0.008	0.125	0.001	0.765
neutral	0.091	0.019	0.048	0.005	0.212	0.000	0.625
neutral	0.122	0.006	0.052	0.005	0.202	0.000	0.613
neutral	0.062	0.010	0.041	0.004	0.142	0.001	0.740
neutral	0.120	0.005	0.035	0.008	0.191	0.000	0.640
neutral	0.127	0.009	0.056	0.004	0.199	0.001	0.605
neutral	0.074	0.013	0.062	0.006	0.177	0.002	0.666
neutral	0.090	0.003	0.062	0.006	0.152	0.001	0.686
neutral	0.046	0.003	0.053	0.006	0.134	0.001	0.758
neutral	0.050	0.003	0.033	0.016	0.110	0.001	0.788
neutral	0.066	0.006	0.050	0.017	0.155	0.001	0.704
neutral	0.074	0.003	0.048	0.013	0.132	0.002	0.728
neutral	0.049	0.002	0.045	0.007	0.107	0.001	0.790
neutral	0.106	0.001	0.084	0.009	0.154	0.001	0.646
neutral	0.127	0.011	0.091	0.006	0.177	0.002	0.585
neutral	0.116	0.011	0.117	0.008	0.126	0.003	0.619
neutral	0.187	0.003	0.115	0.005	0.153	0.004	0.534
neutral	0.084	0.018	0.073	0.002	0.343	0.000	0.480
neutral	0.109	0.057	0.057	0.005	0.223	0.000	0.547
neutral	0.072	0.026	0.066	0.008	0.143	0.001	0.684
neutral	0.083	0.054	0.047	0.020	0.148	0.001	0.648
neutral	0.074	0.018	0.047	0.008	0.146	0.001	0.707
neutral	0.059	0.014	0.097	0.010	0.183	0.001	0.635
neutral	0.076	0.063	0.056	0.010	0.148	0.001	0.646
neutral	0.080	0.007	0.059	0.011	0.179	0.001	0.664
neutral	0.084	0.019	0.067	0.011	0.176	0.001	0.642
neutral	0.053	0.008	0.041	0.015	0.133	0.001	0.749
neutral	0.042	0.008	0.050	0.013	0.128	0.001	0.758
neutral	0.087	0.025	0.057	0.014	0.132	0.002	0.682
neutral	0.070	0.013	0.066	0.012	0.147	0.002	0.690
neutral	0.108	0.025	0.062	0.023	0.150	0.001	0.631
neutral	0.048	0.009	0.044	0.022	0.096	0.001	0.780
neutral	0.091	0.040	0.061	0.015	0.141	0.002	0.650
neutral	0.129	0.037	0.074	0.017	0.160	0.002	0.579
neutral	0.101	0.016	0.067	0.027	0.132	0.001	0.656
neutral	0.038	0.013	0.040	0.019	0.092	0.001	0.797
neutral	0.096	0.035	0.073	0.007	0.219	0.001	0.569
neutral	0.079	0.028	0.060	0.005	0.233	0.001	0.595
neutral	0.075	0.081	0.048	0.008	0.171	0.001	0.615
neutral	0.092	0.015	0.060	0.005	0.231	0.001	0.596
neutral	0.075	0.023	0.075	0.010	0.198	0.001	0.617
neutral	0.068	0.016	0.056	0.004	0.175	0.001	0.680
neutral	0.098	0.003	0.080	0.003	0.177	0.001	0.638
neutral	0.074	0.037	0.056	0.011	0.147	0.001	0.674
neutral	0.060	0.044	0.049	0.007	0.161	0.001	0.679
neutral	0.070	0.021	0.072	0.005	0.136	0.002	0.694
neutral	0.057	0.015	0.059	0.012	0.149	0.002	0.706
neutral	0.069	0.005	0.061	0.010	0.124	0.001	0.731
neutral	0.094	0.002	0.057	0.004	0.157	0.001	0.685
neutral	0.078	0.005	0.064	0.008	0.142	0.001	0.702
neutral	0.071	0.007	0.066	0.010	0.149	0.002	0.696
neutral	0.051	0.013	0.062	0.022	0.144	0.001	0.707
neutral	0.071	0.015	0.061	0.015	0.161	0.002	0.676
neutral	0.113	0.019	0.048	0.009	0.156	0.001	0.654
neutral	0.087	0.017	0.064	0.010	0.216	0.001	0.604
neutral	0.075	0.010	0.052	0.012	0.173	0.001	0.677
neutral	0.066	0.018	0.040	0.009	0.113	0.000	0.753
neutral	0.044	0.011	0.060	0.017	0.143	0.001	0.724
neutral	0.055	0.014	0.058	0.013	0.147	0.002	0.711
neutral	0.137	0.012	0.061	0.004	0.168	0.001	0.616
neutral	0.056	0.008	0.050	0.017	0.139	0.001	0.728
neutral	0.054	0.012	0.056	0.030	0.161	0.002	0.685
neutral	0.056	0.007	0.055	0.021	0.185	0.002	0.673
neutral	0.052	0.017	0.063	0.029	0.133	0.002	0.704
neutral	0.088	0.008	0.049	0.005	0.239	0.001	0.611
neutral	0.083	0.024	0.081	0.015	0.238	0.001	0.557
neutral	0.070	0.026	0.061	0.020	0.143	0.001	0.679
neutral	0.160	0.016	0.081	0.003	0.255	0.002	0.483
neutral	0.076	0.010	0.069	0.005	0.211	0.001	0.628
neutral	0.057	0.005	0.051	0.007	0.171	0.001	0.710
neutral	0.106	0.013	0.073	0.004	0.208	0.001	0.595
neutral	0.063	0.010	0.067	0.023	0.116	0.001	0.720
neutral	0.078	0.004	0.068	0.020	0.168	0.001	0.660
neutral	0.094	0.004	0.095	0.015	0.167	0.001	0.622
neutral	0.131	0.004	0.089	0.012	0.159	0.002	0.603
neutral	0.118	0.005	0.073	0.011	0.153	0.001	0.640
neutral	0.086	0.003	0.057	0.011	0.099	0.002	0.742
neutral	0.091	0.007	0.063	0.013	0.178	0.001	0.648
neutral	0.079	0.009	0.059	0.007	0.220	0.000	0.626
neutral	0.141	0.007	0.059	0.004	0.265	0.000	0.524
neutral	0.096	0.019	0.062	0.006	0.206	0.001	0.610
neutral	0.095	0.008	0.070	0.004	0.206	0.000	0.617
neutral	0.071	0.005	0.061	0.003	0.230	0.000	0.630
neutral	0.129	0.009	0.069	0.004	0.231	0.001	0.557
neutral	0.094	0.009	0.068	0.004	0.218	0.001	0.607
neutral	0.121	0.043	0.060	0.003	0.278	0.000	0.494
neutral	0.118	0.009	0.057	0.002	0.233	0.000	0.580
neutral	0.108	0.006	0.067	0.003	0.256	0.000	0.559
neutral	0.110	0.006	0.051	0.003	0.208	0.000	0.622
neutral	0.102	0.012	0.054	0.003	0.231	0.000	0.599
neutral	0.060	0.019	0.052	0.003	0.151	0.000	0.715
neutral	0.092	0.004	0.052	0.003	0.210	0.001	0.638
neutral	0.107	0.008	0.049	0.003	0.225	0.000	0.607
neutral	0.141	0.008	0.046	0.004	0.265	0.000	0.536
neutral	0.100	0.008	0.064	0.002	0.233	0.000	0.592
neutral	0.092	0.005	0.057	0.003	0.240	0.000	0.603
neutral	0.118	0.011	0.066	0.002	0.220	0.000	0.582
neutral	0.094	0.016	0.059	0.003	0.200	0.001	0.627
neutral	0.082	0.012	0.050	0.004	0.130	0.001	0.721
neutral	0.138	0.016	0.051	0.002	0.250	0.000	0.542
neutral	0.061	0.013	0.055	0.006	0.149	0.001	0.714
neutral	0.095	0.002	0.070	0.003	0.196	0.001	0.634
neutral	0.109	0.011	0.070	0.004	0.193	0.001	0.611
neutral	0.093	0.005	0.080	0.005	0.211	0.001	0.606
neutral	0.069	0.009	0.060	0.006	0.161	0.001	0.694
neutral	0.071	0.004	0.065	0.003	0.241	0.000	0.617
neutral	0.092	0.005	0.044	0.005	0.201	0.000	0.653
neutral	0.118	0.013	0.061	0.002	0.248	0.000	0.558
neutral	0.079	0.014	0.051	0.005	0.204	0.000	0.649
neutral	0.057	0.007	0.054	0.004	0.204	0.000	0.674
neutral	0.071	0.005	0.046	0.003	0.225	0.000	0.649
neutral	0.063	0.006	0.039	0.002	0.296	0.000	0.594
neutral	0.089	0.005	0.079	0.002	0.275	0.001	0.550
neutral	0.063	0.005	0.049	0.003	0.225	0.001	0.655
neutral	0.110	0.013	0.070	0.006	0.223	0.000	0.578
neutral	0.061	0.007	0.054	0.005	0.188	0.001	0.685
neutral	0.092	0.012	0.053	0.008	0.208	0.000	0.627
neutral	0.074	0.007	0.041	0.005	0.189	0.000	0.684
neutral	0.079	0.004	0.042	0.002	0.173	0.000	0.701
neutral	0.038	0.001	0.027	0.002	0.121	0.000	0.812
neutral	0.069	0.005	0.037	0.005	0.199	0.000	0.684
neutral	0.076	0.011	0.041	0.004	0.215	0.000	0.654
neutral	0.063	0.008	0.053	0.003	0.269	0.000	0.603
neutral	0.134	0.008	0.081	0.002	0.347	0.000	0.428
neutral	0.052	0.004	0.041	0.005	0.141	0.000	0.756
neutral	0.037	0.006	0.030	0.006	0.134	0.000	0.787
neutral	0.052	0.003	0.048	0.006	0.201	0.001	0.690
neutral	0.055	0.003	0.046	0.007	0.161	0.001	0.727
neutral	0.062	0.003	0.051	0.005	0.215	0.001	0.664
neutral	0.043	0.004	0.041	0.006	0.187	0.001	0.719
neutral	0.062	0.009	0.059	0.005	0.259	0.000	0.605
neutral	0.072	0.003	0.062	0.004	0.206	0.001	0.653
neutral	0.076	0.003	0.045	0.004	0.175	0.000	0.697
neutral	0.050	0.007	0.037	0.006	0.148	0.000	0.751
neutral	0.090	0.013	0.051	0.004	0.227	0.000	0.616
neutral	0.066	0.008	0.041	0.003	0.274	0.000	0.609
neutral	0.088	0.004	0.066	0.003	0.280	0.000	0.559
neutral	0.123	0.007	0.045	0.002	0.234	0.000	0.588
neutral	0.086	0.006	0.047	0.002	0.219	0.000	0.639
neutral	0.106	0.005	0.052	0.002	0.177	0.000	0.658
neutral	0.192	0.010	0.065	0.002	0.309	0.000	0.422
neutral	0.088	0.005	0.058	0.001	0.252	0.000	0.596
neutral	0.075	0.007	0.039	0.002	0.224	0.000	0.653
neutral	0.115	0.005	0.051	0.003	0.208	0.000	0.617
neutral	0.091	0.004	0.054	0.004	0.248	0.000	0.599
neutral	0.113	0.007	0.059	0.003	0.199	0.000	0.619
neutral	0.064	0.003	0.055	0.004	0.228	0.000	0.646
neutral	0.078	0.003	0.049	0.004	0.204	0.000	0.662
neutral	0.054	0.005	0.048	0.002	0.190	0.000	0.702
neutral	0.071	0.005	0.065	0.002	0.270	0.000	0.587
neutral	0.077	0.004	0.050	0.002	0.220	0.000	0.647
neutral	0.048	0.006	0.034	0.003	0.148	0.000	0.760
neutral	0.063	0.004	0.036	0.007	0.205	0.000	0.684
neutral	0.081	0.005	0.050	0.001	0.234	0.000	0.629
neutral	0.068	0.004	0.062	0.002	0.223	0.000	0.641
neutral	0.047	0.001	0.033	0.005	0.109	0.000	0.805
neutral	0.073	0.004	0.089	0.003	0.267	0.001	0.562
neutral	0.068	0.001	0.048	0.005	0.143	0.000	0.735
neutral	0.085	0.003	0.082	0.002	0.263	0.000	0.564
neutral	0.104	0.005	0.055	0.002	0.284	0.000	0.550
neutral	0.100	0.000	0.066	0.129	0.288	0.052	0.365
neutral	0.057	0.004	0.040	0.003	0.160	0.000	0.736
neutral	0.039	0.005	0.045	0.005	0.144	0.000	0.761
neutral	0.103	0.004	0.054	0.002	0.247	0.000	0.589
neutral	0.073	0.004	0.060	0.003	0.210	0.000	0.650
neutral	0.093	0.003	0.071	0.003	0.216	0.001	0.614
neutral	0.063	0.003	0.047	0.003	0.194	0.000	0.689
neutral	0.058	0.003	0.040	0.008	0.157	0.001	0.733
neutral	0.057	0.007	0.046	0.003	0.195	0.000	0.692
neutral	0.077	0.006	0.057	0.004	0.207	0.000	0.649
neutral	0.082	0.008	0.061	0.004	0.245	0.000	0.600
neutral	0.091	0.004	0.077	0.005	0.234	0.001	0.588
neutral	0.084	0.002	0.063	0.005	0.199	0.000	0.646
neutral	0.041	0.004	0.039	0.006	0.182	0.000	0.728
neutral	0.061	0.004	0.051	0.003	0.203	0.000	0.678
neutral	0.044	0.005	0.035	0.004	0.151	0.000	0.760
neutral	0.075	0.006	0.063	0.006	0.216	0.000	0.633
neutral	0.118	0.007	0.062	0.006	0.177	0.001	0.629
neutral	0.090	0.003	0.079	0.006	0.216	0.001	0.606
neutral	0.077	0.011	0.052	0.008	0.197	0.001	0.655
neutral	0.056	0.005	0.038	0.008	0.166	0.000	0.727
neutral	0.069	0.002	0.048	0.011	0.192	0.001	0.678
neutral	0.079	0.006	0.072	0.004	0.208	0.000	0.630
neutral	0.092	0.003	0.063	0.012	0.215	0.001	0.613
neutral	0.110	0.001	0.073	0.003	0.173	0.002	0.638
neutral	0.104	0.006	0.071	0.005	0.226	0.001	0.587
neutral	0.136	0.008	0.067	0.003	0.277	0.001	0.509
neutral	0.079	0.010	0.066	0.007	0.181	0.001	0.656
neutral	0.074	0.014	0.052	0.007	0.209	0.000	0.643
neutral	0.122	0.005	0.080	0.005	0.195	0.001	0.593
neutral	0.087	0.004	0.068	0.006	0.209	0.001	0.625
neutral	0.083	0.004	0.071	0.011	0.153	0.003	0.676
neutral	0.064	0.009	0.041	0.009	0.190	0.001	0.686
neutral	0.074	0.005	0.053	0.011	0.214	0.000	0.643
neutral	0.128	0.008	0.073	0.004	0.270	0.001	0.517
neutral	0.068	0.006	0.050	0.007	0.220	0.001	0.647
neutral	0.109	0.011	0.067	0.002	0.211	0.000	0.600
neutral	0.093	0.007	0.065	0.010	0.220	0.001	0.604
neutral	0.122	0.008	0.070	0.007	0.214	0.001	0.577
neutral	0.068	0.003	0.056	0.007	0.181	0.001	0.685
neutral	0.084	0.005	0.047	0.008	0.186	0.001	0.670
neutral	0.072	0.005	0.055	0.008	0.161	0.001	0.698
neutral	0.101	0.003	0.067	0.012	0.214	0.001	0.602
neutral	0.088	0.003	0.073	0.009	0.221	0.002	0.606
neutral	0.094	0.002	0.078	0.010	0.184	0.002	0.630
neutral	0.092	0.006	0.074	0.007	0.235	0.001	0.586
neutral	0.079	0.008	0.040	0.004	0.274	0.000	0.596
neutral	0.122	0.013	0.058	0.005	0.256	0.000	0.545
neutral	0.075	0.008	0.041	0.008	0.187	0.000	0.681
neutral	0.089	0.004	0.051	0.007	0.215	0.001	0.634
neutral	0.102	0.005	0.064	0.009	0.230	0.000	0.590
neutral	0.090	0.007	0.063	0.004	0.189	0.000	0.648
neutral	0.108	0.003	0.077	0.001	0.217	0.000	0.593
neutral	0.094	0.010	0.049	0.003	0.241	0.000	0.604
neutral	0.108	0.005	0.090	0.002	0.273	0.000	0.521
neutral	0.097	0.017	0.038	0.003	0.322	0.000	0.522
neutral	0.096	0.009	0.050	0.004	0.279	0.000	0.562
neutral	0.098	0.007	0.052	0.003	0.197	0.000	0.642
neutral	0.110	0.008	0.072	0.005	0.241	0.001	0.564
neutral	0.100	0.004	0.054	0.002	0.219	0.000	0.620
neutral	0.085	0.003	0.056	0.011	0.191	0.001	0.654
neutral	0.071	0.005	0.037	0.007	0.164	0.000	0.716
neutral	0.056	0.004	0.036	0.003	0.169	0.000	0.732
neutral	0.073	0.006	0.054	0.007	0.211	0.001	0.648
neutral	0.072	0.004	0.067	0.003	0.244	0.000	0.609
neutral	0.069	0.002	0.050	0.003	0.201	0.002	0.673
neutral	0.085	0.009	0.080	0.003	0.285	0.000	0.538
neutral	0.086	0.009	0.049	0.007	0.273	0.000	0.575
neutral	0.119	0.006	0.056	0.003	0.247	0.000	0.569
neutral	0.102	0.005	0.056	0.006	0.234	0.001	0.598
neutral	0.086	0.042	0.063	0.003	0.254	0.001	0.552
neutral	0.132	0.003	0.077	0.005	0.233	0.000	0.549
neutral	0.096	0.013	0.051	0.006	0.230	0.001	0.603
neutral	0.104	0.006	0.098	0.003	0.250	0.000	0.539
neutral	0.111	0.005	0.067	0.003	0.230	0.001	0.583
neutral	0.112	0.008	0.060	0.007	0.240	0.001	0.572
neutral	0.090	0.011	0.057	0.008	0.203	0.000	0.630
neutral	0.108	0.008	0.064	0.008	0.301	0.001	0.511
neutral	0.089	0.004	0.057	0.004	0.187	0.000	0.658
neutral	0.119	0.011	0.064	0.002	0.325	0.000	0.479
neutral	0.123	0.017	0.069	0.004	0.325	0.001	0.461
neutral	0.061	0.010	0.038	0.007	0.096	0.001	0.787
neutral	0.163	0.011	0.106	0.003	0.147	0.001	0.570
neutral	0.116	0.023	0.056	0.005	0.211	0.001	0.588
neutral	0.108	0.005	0.069	0.004	0.111	0.003	0.701
neutral	0.135	0.005	0.081	0.009	0.203	0.002	0.565
neutral	0.114	0.005	0.067	0.008	0.227	0.001	0.578
neutral	0.057	0.004	0.038	0.005	0.106	0.001	0.789
neutral	0.077	0.004	0.047	0.006	0.164	0.001	0.701
neutral	0.070	0.005	0.047	0.006	0.136	0.001	0.736
neutral	0.052	0.006	0.041	0.006	0.097	0.001	0.796
neutral	0.111	0.010	0.055	0.006	0.244	0.001	0.573
neutral	0.112	0.009	0.072	0.004	0.125	0.002	0.677
neutral	0.127	0.007	0.078	0.004	0.146	0.001	0.637
neutral	0.060	0.014	0.043	0.005	0.165	0.001	0.712
neutral	0.114	0.019	0.053	0.007	0.124	0.001	0.682
neutral	0.078	0.021	0.046	0.006	0.261	0.001	0.588
neutral	0.099	0.008	0.054	0.005	0.259	0.001	0.573
neutral	0.050	0.016	0.035	0.009	0.137	0.001	0.753
neutral	0.059	0.014	0.058	0.008	0.153	0.001	0.707
neutral	0.077	0.010	0.067	0.008	0.161	0.001	0.676
neutral	0.068	0.012	0.051	0.007	0.215	0.000	0.646
neutral	0.053	0.011	0.058	0.006	0.168	0.001	0.703
neutral	0.069	0.009	0.060	0.011	0.152	0.001	0.698
neutral	0.048	0.011	0.060	0.004	0.232	0.000	0.644
neutral	0.041	0.003	0.051	0.003	0.185	0.000	0.717
neutral	0.071	0.008	0.054	0.008	0.183	0.001	0.676
neutral	0.064	0.035	0.050	0.008	0.209	0.001	0.633
neutral	0.074	0.027	0.059	0.006	0.243	0.001	0.590
neutral	0.058	0.022	0.055	0.006	0.275	0.000	0.583
neutral	0.114	0.011	0.104	0.003	0.311	0.000	0.456
neutral	0.136	0.013	0.076	0.003	0.206	0.001	0.564
neutral	0.084	0.004	0.069	0.003	0.223	0.001	0.614
neutral	0.089	0.016	0.071	0.006	0.236	0.001	0.582
neutral	0.091	0.016	0.063	0.006	0.249	0.000	0.574
sad	0.145	0.023	0.068	0.002	0.382	0.000	0.380
neutral	0.062	0.011	0.051	0.004	0.221	0.001	0.650
neutral	0.127	0.014	0.069	0.005	0.275	0.000	0.509
neutral	0.070	0.006	0.054	0.005	0.177	0.001	0.687
neutral	0.061	0.006	0.041	0.005	0.119	0.001	0.767
neutral	0.078	0.005	0.066	0.009	0.177	0.001	0.664
neutral	0.066	0.003	0.057	0.008	0.132	0.001	0.734
neutral	0.117	0.006	0.089	0.004	0.276	0.001	0.507
neutral	0.184	0.006	0.095	0.003	0.248	0.001	0.463
neutral	0.087	0.014	0.090	0.006	0.292	0.001	0.509
neutral	0.117	0.009	0.099	0.008	0.181	0.002	0.584
neutral	0.097	0.007	0.080	0.002	0.328	0.000	0.485
neutral	0.092	0.018	0.064	0.004	0.278	0.001	0.543
neutral	0.145	0.008	0.094	0.002	0.277	0.001	0.474
neutral	0.126	0.011	0.069	0.004	0.325	0.000	0.465
neutral	0.094	0.021	0.057	0.002	0.302	0.000	0.524
neutral	0.146	0.019	0.114	0.002	0.344	0.000	0.375
neutral	0.073	0.007	0.050	0.003	0.230	0.000	0.637
neutral	0.119	0.015	0.083	0.002	0.363	0.001	0.417
neutral	0.079	0.008	0.047	0.002	0.170	0.000	0.694
neutral	0.121	0.008	0.072	0.001	0.356	0.000	0.441
neutral	0.111	0.017	0.071	0.003	0.367	0.000	0.431
neutral	0.191	0.012	0.079	0.001	0.321	0.000	0.395
neutral	0.163	0.026	0.068	0.003	0.191	0.001	0.548
neutral	0.068	0.002	0.052	0.007	0.122	0.002	0.748
neutral	0.063	0.004	0.030	0.006	0.103	0.001	0.793
neutral	0.129	0.004	0.068	0.006	0.161	0.001	0.632
neutral	0.149	0.003	0.110	0.007	0.192	0.002	0.537
neutral	0.047	0.009	0.041	0.010	0.093	0.001	0.798
neutral	0.084	0.013	0.062	0.009	0.223	0.001	0.608
sad	0.146	0.019	0.082	0.002	0.381	0.000	0.370
neutral	0.103	0.005	0.064	0.002	0.172	0.001	0.654
neutral	0.071	0.016	0.048	0.004	0.217	0.000	0.644
neutral	0.114	0.009	0.055	0.004	0.160	0.001	0.658
neutral	0.081	0.006	0.056	0.005	0.170	0.001	0.681
neutral	0.080	0.060	0.058	0.007	0.249	0.001	0.545
neutral	0.073	0.035	0.058	0.007	0.160	0.001	0.666
neutral	0.107	0.020	0.047	0.022	0.186	0.000	0.618
neutral	0.039	0.001	0.019	0.036	0.084	0.001	0.820
neutral	0.060	0.003	0.022	0.016	0.164	0.000	0.734
neutral	0.046	0.003	0.027	0.016	0.140	0.001	0.767
neutral	0.067	0.010	0.036	0.010	0.167	0.000	0.710
neutral	0.066	0.004	0.039	0.005	0.210	0.000	0.675
neutral	0.082	0.001	0.050	0.018	0.157	0.001	0.690
neutral	0.092	0.002	0.072	0.014	0.179	0.001	0.640
neutral	0.081	0.005	0.051	0.011	0.197	0.002	0.653
neutral	0.090	0.024	0.038	0.013	0.161	0.001	0.673
neutral	0.092	0.006	0.062	0.014	0.142	0.003	0.682
neutral	0.039	0.008	0.039	0.030	0.107	0.001	0.776
neutral	0.040	0.011	0.068	0.016	0.117	0.002	0.745
neutral	0.081	0.007	0.069	0.017	0.145	0.001	0.680
neutral	0.054	0.007	0.061	0.017	0.128	0.001	0.732
neutral	0.074	0.004	0.071	0.009	0.141	0.002	0.699
neutral	0.040	0.004	0.039	0.016	0.105	0.001	0.795
neutral	0.052	0.009	0.059	0.013	0.123	0.001	0.743
neutral	0.049	0.002	0.026	0.010	0.078	0.000	0.835
neutral	0.075	0.014	0.037	0.008	0.155	0.001	0.710
neutral	0.108	0.010	0.048	0.006	0.212	0.000	0.616
neutral	0.125	0.014	0.041	0.007	0.219	0.001	0.595
neutral	0.097	0.009	0.041	0.004	0.184	0.000	0.664
neutral	0.108	0.015	0.048	0.008	0.257	0.001	0.564
neutral	0.108	0.012	0.040	0.007	0.214	0.001	0.618
neutral	0.099	0.015	0.052	0.006	0.186	0.001	0.642
neutral	0.109	0.026	0.061	0.005	0.245	0.001	0.552
neutral	0.097	0.020	0.040	0.006	0.208	0.000	0.629
neutral	0.128	0.029	0.041	0.008	0.196	0.000	0.598
neutral	0.118	0.002	0.052	0.005	0.177	0.001	0.645
neutral	0.131	0.005	0.071	0.005	0.146	0.001	0.641
neutral	0.131	0.005	0.058	0.003	0.195	0.001	0.607
neutral	0.090	0.005	0.056	0.003	0.137	0.000	0.708
neutral	0.129	0.008	0.066	0.004	0.197	0.001	0.595
neutral	0.069	0.002	0.035	0.007	0.117	0.001	0.769
neutral	0.085	0.001	0.056	0.004	0.156	0.001	0.697
neutral	0.094	0.006	0.071	0.009	0.181	0.001	0.637
neutral	0.075	0.004	0.058	0.008	0.164	0.001	0.690
neutral	0.097	0.018	0.041	0.005	0.213	0.000	0.625
neutral	0.075	0.022	0.029	0.005	0.199	0.000	0.669
neutral	0.071	0.004	0.037	0.009	0.126	0.000	0.752
neutral	0.088	0.002	0.046	0.006	0.137	0.001	0.720
neutral	0.124	0.021	0.040	0.005	0.213	0.000	0.596
neutral	0.095	0.021	0.042	0.006	0.176	0.001	0.660
neutral	0.094	0.014	0.036	0.006	0.167	0.000	0.681
neutral	0.139	0.016	0.078	0.003	0.190	0.000	0.573
neutral	0.114	0.020	0.046	0.007	0.206	0.001	0.606
neutral	0.124	0.016	0.046	0.005	0.196	0.000	0.613
neutral	0.081	0.005	0.034	0.004	0.103	0.000	0.773
neutral	0.154	0.006	0.079	0.004	0.157	0.001	0.600
neutral	0.107	0.006	0.053	0.006	0.140	0.001	0.687
neutral	0.084	0.012	0.039	0.006	0.127	0.000	0.732
neutral	0.087	0.009	0.038	0.006	0.196	0.001	0.664
neutral	0.121	0.015	0.038	0.004	0.234	0.000	0.588
neutral	0.082	0.009	0.033	0.005	0.197	0.000	0.674
neutral	0.106	0.009	0.036	0.004	0.237	0.000	0.607
neutral	0.160	0.017	0.057	0.003	0.228	0.000	0.534
neutral	0.111	0.026	0.046	0.007	0.240	0.000	0.569
neutral	0.077	0.010	0.084	0.004	0.247	0.001	0.577
neutral	0.049	0.007	0.050	0.008	0.128	0.001	0.758
neutral	0.034	0.002	0.032	0.009	0.090	0.001	0.833
neutral	0.055	0.005	0.041	0.010	0.124	0.001	0.763
neutral	0.095	0.010	0.063	0.013	0.178	0.002	0.639
neutral	0.074	0.004	0.045	0.012	0.111	0.001	0.753
neutral	0.063	0.007	0.045	0.011	0.150	0.001	0.724
neutral	0.062	0.011	0.050	0.016	0.168	0.001	0.691
neutral	0.093	0.019	0.040	0.008	0.230	0.000	0.609
neutral	0.057	0.019	0.044	0.011	0.180	0.001	0.688
neutral	0.129	0.006	0.054	0.005	0.160	0.000	0.646
neutral	0.084	0.018	0.030	0.007	0.217	0.000	0.645
neutral	0.073	0.039	0.044	0.010	0.155	0.001	0.676
neutral	0.187	0.003	0.066	0.003	0.223	0.000	0.517
neutral	0.132	0.033	0.059	0.007	0.218	0.001	0.550
neutral	0.085	0.003	0.054	0.007	0.127	0.001	0.723
neutral	0.080	0.022	0.059	0.009	0.221	0.002	0.608
neutral	0.065	0.006	0.052	0.010	0.143	0.001	0.724
neutral	0.083	0.060	0.053	0.011	0.210	0.001	0.582
neutral	0.115	0.022	0.066	0.009	0.216	0.001	0.571
neutral	0.133	0.037	0.064	0.006	0.260	0.001	0.499
neutral	0.048	0.008	0.036	0.007	0.179	0.000	0.722
neutral	0.099	0.033	0.036	0.008	0.259	0.000	0.564
neutral	0.120	0.013	0.064	0.005	0.223	0.001	0.576
neutral	0.167	0.003	0.070	0.003	0.274	0.000	0.482
neutral	0.091	0.022	0.049	0.010	0.184	0.001	0.642
neutral	0.066	0.014	0.051	0.009	0.214	0.001	0.645
neutral	0.108	0.013	0.070	0.005	0.227	0.001	0.577
neutral	0.108	0.005	0.062	0.005	0.169	0.000	0.651
neutral	0.085	0.008	0.067	0.010	0.180	0.001	0.649
neutral	0.082	0.011	0.062	0.010	0.154	0.002	0.679
neutral	0.065	0.006	0.044	0.004	0.128	0.001	0.751
neutral	0.091	0.002	0.079	0.007	0.126	0.004	0.691
neutral	0.065	0.008	0.059	0.012	0.149	0.002	0.706
neutral	0.054	0.017	0.054	0.006	0.137	0.002	0.731
neutral	0.086	0.008	0.057	0.014	0.164	0.002	0.668
neutral	0.059	0.021	0.051	0.015	0.163	0.002	0.688
neutral	0.089	0.005	0.070	0.005	0.136	0.001	0.694
neutral	0.103	0.013	0.052	0.005	0.237	0.000	0.590
neutral	0.044	0.028	0.053	0.007	0.188	0.001	0.679
neutral	0.100	0.014	0.076	0.006	0.169	0.003	0.634
neutral	0.121	0.017	0.088	0.007	0.206	0.002	0.559
neutral	0.051	0.014	0.050	0.008	0.147	0.002	0.728
neutral	0.084	0.009	0.052	0.005	0.113	0.001	0.737
neutral	0.101	0.007	0.071	0.005	0.154	0.001	0.661
neutral	0.109	0.001	0.057	0.007	0.136	0.001	0.689
neutral	0.043	0.015	0.053	0.018	0.148	0.002	0.721
neutral	0.072	0.003	0.059	0.004	0.106	0.001	0.754
neutral	0.095	0.007	0.055	0.012	0.138	0.001	0.692
neutral	0.059	0.050	0.045	0.007	0.222	0.001	0.617
neutral	0.047	0.026	0.049	0.006	0.239	0.001	0.632
neutral	0.084	0.004	0.059	0.003	0.163	0.000	0.686
neutral	0.103	0.002	0.068	0.005	0.202	0.001	0.620
neutral	0.121	0.002	0.055	0.005	0.174	0.000	0.643
neutral	0.083	0.001	0.041	0.007	0.105	0.001	0.761
neutral	0.064	0.006	0.071	0.011	0.122	0.005	0.720
neutral	0.081	0.009	0.049	0.008	0.141	0.001	0.712
neutral	0.081	0.003	0.055	0.010	0.133	0.001	0.715
neutral	0.082	0.005	0.072	0.007	0.136	0.003	0.695
neutral	0.153	0.007	0.060	0.003	0.255	0.000	0.521
neutral	0.080	0.001	0.056	0.004	0.145	0.000	0.712
neutral	0.090	0.003	0.053	0.009	0.126	0.001	0.718
neutral	0.084	0.002	0.059	0.006	0.136	0.000	0.712
neutral	0.091	0.002	0.049	0.004	0.178	0.000	0.676
neutral	0.103	0.015	0.073	0.006	0.178	0.001	0.625
neutral	0.049	0.002	0.040	0.003	0.112	0.000	0.794
neutral	0.114	0.003	0.052	0.009	0.157	0.001	0.664
neutral	0.123	0.004	0.051	0.005	0.230	0.000	0.586
neutral	0.091	0.003	0.056	0.003	0.228	0.000	0.618
neutral	0.061	0.024	0.062	0.009	0.208	0.001	0.636
neutral	0.129	0.008	0.040	0.008	0.175	0.000	0.640
neutral	0.078	0.013	0.054	0.006	0.168	0.001	0.680
neutral	0.073	0.009	0.058	0.010	0.147	0.001	0.702
neutral	0.107	0.002	0.073	0.004	0.197	0.000	0.616
neutral	0.065	0.004	0.047	0.009	0.099	0.000	0.776
neutral	0.080	0.008	0.073	0.002	0.326	0.000	0.510
neutral	0.092	0.002	0.060	0.005	0.141	0.001	0.700
neutral	0.089	0.004	0.048	0.004	0.195	0.000	0.659
neutral	0.099	0.010	0.045	0.004	0.244	0.000	0.597
neutral	0.077	0.002	0.039	0.010	0.111	0.000	0.762
neutral	0.062	0.005	0.039	0.008	0.123	0.000	0.763
neutral	0.086	0.005	0.051	0.006	0.180	0.000	0.672
neutral	0.074	0.002	0.049	0.006	0.138	0.000	0.731
neutral	0.083	0.003	0.049	0.006	0.199	0.000	0.661
neutral	0.097	0.002	0.057	0.008	0.136	0.001	0.699
neutral	0.064	0.002	0.047	0.013	0.124	0.001	0.748
neutral	0.059	0.004	0.037	0.010	0.101	0.001	0.789
neutral	0.045	0.001	0.026	0.017	0.077	0.001	0.834
neutral	0.017	0.001	0.015	0.033	0.061	0.001	0.873
neutral	0.023	0.000	0.008	0.064	0.078	0.000	0.826
neutral	0.017	0.000	0.011	0.035	0.077	0.000	0.859
neutral	0.029	0.001	0.013	0.047	0.110	0.001	0.799
neutral	0.021	0.001	0.010	0.076	0.089	0.000	0.804
neutral	0.027	0.001	0.014	0.055	0.152	0.001	0.751
neutral	0.021	0.001	0.010	0.039	0.108	0.001	0.820
neutral	0.013	0.000	0.008	0.029	0.057	0.000	0.892
neutral	0.014	0.001	0.007	0.026	0.073	0.000	0.878
neutral	0.025	0.001	0.021	0.026	0.084	0.001	0.843
neutral	0.020	0.002	0.012	0.041	0.083	0.000	0.842
neutral	0.030	0.002	0.017	0.047	0.102	0.000	0.802
neutral	0.024	0.001	0.019	0.023	0.101	0.000	0.831
neutral	0.033	0.002	0.019	0.034	0.109	0.000	0.802
neutral	0.039	0.003	0.022	0.033	0.116	0.000	0.787
neutral	0.030	0.001	0.019	0.024	0.087	0.000	0.838
neutral	0.034	0.001	0.032	0.025	0.069	0.002	0.837
neutral	0.032	0.001	0.018	0.040	0.082	0.001	0.828
neutral	0.034	0.001	0.026	0.021	0.076	0.001	0.841
neutral	0.036	0.001	0.028	0.017	0.072	0.001	0.847
neutral	0.036	0.002	0.026	0.026	0.081	0.001	0.829
neutral	0.046	0.007	0.034	0.022	0.155	0.000	0.737
neutral	0.047	0.005	0.028	0.014	0.144	0.000	0.762
neutral	0.040	0.003	0.033	0.007	0.132	0.000	0.784
neutral	0.051	0.004	0.025	0.011	0.116	0.000	0.792
neutral	0.042	0.002	0.021	0.013	0.081	0.000	0.840
neutral	0.048	0.002	0.013	0.022	0.093	0.000	0.823
neutral	0.038	0.002	0.014	0.035	0.088	0.000	0.822
neutral	0.056	0.003	0.023	0.013	0.118	0.000	0.787
neutral	0.062	0.001	0.038	0.016	0.083	0.001	0.798
neutral	0.068	0.002	0.036	0.017	0.126	0.001	0.749
neutral	0.044	0.001	0.024	0.022	0.068	0.001	0.840
neutral	0.039	0.001	0.044	0.012	0.061	0.001	0.841
neutral	0.065	0.002	0.032	0.020	0.100	0.002	0.779
neutral	0.053	0.003	0.035	0.023	0.113	0.001	0.773
neutral	0.053	0.002	0.025	0.025	0.076	0.001	0.819
neutral	0.063	0.002	0.039	0.024	0.106	0.001	0.765
neutral	0.045	0.001	0.039	0.022	0.063	0.002	0.827
neutral	0.058	0.003	0.031	0.021	0.071	0.001	0.816
neutral	0.061	0.010	0.031	0.018	0.120	0.001	0.759
neutral	0.074	0.005	0.043	0.011	0.117	0.001	0.749
neutral	0.070	0.007	0.044	0.009	0.130	0.000	0.739
neutral	0.071	0.006	0.057	0.011	0.135	0.001	0.719
neutral	0.070	0.006	0.035	0.013	0.176	0.001	0.699
neutral	0.043	0.004	0.036	0.016	0.150	0.000	0.750
neutral	0.046	0.001	0.037	0.016	0.087	0.001	0.811
neutral	0.059	0.001	0.043	0.011	0.109	0.001	0.776
neutral	0.065	0.004	0.036	0.021	0.143	0.001	0.729
neutral	0.071	0.002	0.041	0.016	0.140	0.001	0.728
neutral	0.049	0.003	0.041	0.015	0.081	0.001	0.811
neutral	0.031	0.003	0.033	0.020	0.095	0.001	0.818
neutral	0.066	0.003	0.066	0.011	0.140	0.001	0.712
neutral	0.056	0.001	0.044	0.007	0.160	0.000	0.732
neutral	0.028	0.002	0.041	0.017	0.073	0.001	0.836
neutral	0.046	0.002	0.046	0.014	0.133	0.000	0.759
neutral	0.048	0.004	0.042	0.012	0.133	0.001	0.761
neutral	0.062	0.001	0.050	0.012	0.135	0.001	0.740
neutral	0.059	0.002	0.056	0.012	0.099	0.001	0.771
neutral	0.068	0.004	0.046	0.013	0.177	0.001	0.691
neutral	0.051	0.002	0.046	0.013	0.120	0.001	0.768
neutral	0.059	0.002	0.043	0.011	0.096	0.001	0.787
neutral	0.055	0.001	0.060	0.009	0.116	0.002	0.757
neutral	0.044	0.007	0.042	0.019	0.105	0.001	0.782
neutral	0.062	0.001	0.037	0.006	0.143	0.001	0.750
neutral	0.045	0.002	0.075	0.012	0.087	0.003	0.776
neutral	0.046	0.001	0.061	0.018	0.073	0.003	0.798
neutral	0.021	0.002	0.022	0.019	0.053	0.001	0.883
neutral	0.023	0.001	0.009	0.097	0.066	0.000	0.803
neutral	0.019	0.000	0.009	0.177	0.057	0.002	0.735
happy	0.001	0.000	0.000	0.766	0.001	0.001	0.232
happy	0.000	0.000	0.000	0.883	0.001	0.000	0.116
happy	0.000	0.000	0.000	0.935	0.001	0.000	0.064
happy	0.000	0.000	0.000	0.977	0.000	0.000	0.023
happy	0.000	0.000	0.000	0.979	0.000	0.000	0.020
happy	0.000	0.000	0.000	0.967	0.000	0.000	0.032
happy	0.000	0.000	0.000	0.958	0.001	0.000	0.041
happy	0.001	0.000	0.000	0.937	0.001	0.000	0.061
happy	0.001	0.000	0.000	0.933	0.001	0.000	0.065
happy	0.001	0.000	0.000	0.920	0.002	0.000	0.078
happy	0.001	0.000	0.000	0.935	0.001	0.000	0.063
