prediction	angry	disgust	fear	happy	sad	surprise	neutral
neutral	0.019	0.000	0.000	0.076	0.030	0.002	0.873
neutral	0.030	0.000	0.001	0.029	0.036	0.001	0.904
neutral	0.027	0.000	0.001	0.065	0.041	0.001	0.864
neutral	0.079	0.001	0.001	0.076	0.040	0.001	0.803
neutral	0.057	0.001	0.000	0.133	0.023	0.001	0.784
neutral	0.078	0.001	0.001	0.100	0.052	0.001	0.767
neutral	0.059	0.000	0.000	0.066	0.029	0.001	0.843
neutral	0.040	0.000	0.000	0.056	0.033	0.001	0.869
neutral	0.028	0.000	0.000	0.070	0.020	0.002	0.880
neutral	0.037	0.000	0.000	0.074	0.027	0.001	0.862
neutral	0.033	0.002	0.002	0.058	0.088	0.000	0.817
neutral	0.054	0.001	0.001	0.079	0.033	0.001	0.833
neutral	0.063	0.001	0.001	0.136	0.041	0.001	0.757
neutral	0.047	0.000	0.000	0.167	0.020	0.001	0.765
neutral	0.057	0.000	0.000	0.141	0.025	0.001	0.776
neutral	0.056	0.000	0.000	0.151	0.018	0.003	0.772
neutral	0.066	0.000	0.001	0.151	0.020	0.001	0.761
neutral	0.083	0.000	0.000	0.101	0.021	0.001	0.793
neutral	0.068	0.000	0.000	0.099	0.020	0.001	0.811
neutral	0.075	0.000	0.000	0.144	0.017	0.002	0.762
neutral	0.077	0.000	0.000	0.110	0.027	0.002	0.785
neutral	0.090	0.001	0.001	0.188	0.030	0.001	0.689
neutral	0.070	0.000	0.000	0.183	0.018	0.002	0.727
neutral	0.038	0.000	0.000	0.083	0.030	0.001	0.847
neutral	0.050	0.003	0.002	0.071	0.171	0.000	0.703
neutral	0.034	0.001	0.001	0.060	0.041	0.001	0.863
neutral	0.060	0.001	0.001	0.085	0.059	0.001	0.794
sad	0.274	0.000	0.040	0.138	0.280	0.001	0.266
neutral	0.065	0.001	0.001	0.119	0.050	0.001	0.763
neutral	0.075	0.001	0.001	0.128	0.045	0.001	0.749
neutral	0.056	0.000	0.001	0.094	0.056	0.001	0.792
neutral	0.058	0.001	0.001	0.134	0.041	0.001	0.765
neutral	0.032	0.000	0.000	0.192	0.021	0.001	0.753
angry	0.316	0.000	0.075	0.204	0.205	0.001	0.199
neutral	0.063	0.002	0.001	0.239	0.034	0.001	0.661
neutral	0.053	0.000	0.000	0.140	0.033	0.001	0.772
neutral	0.074	0.002	0.001	0.226	0.040	0.001	0.657
neutral	0.071	0.000	0.000	0.157	0.025	0.002	0.743
neutral	0.068	0.000	0.000	0.191	0.022	0.001	0.717
neutral	0.113	0.000	0.000	0.050	0.027	0.001	0.808
neutral	0.081	0.000	0.000	0.147	0.027	0.001	0.743
neutral	0.068	0.000	0.000	0.070	0.031	0.001	0.829
neutral	0.059	0.000	0.000	0.178	0.020	0.001	0.741
neutral	0.073	0.000	0.000	0.125	0.026	0.002	0.774
neutral	0.070	0.001	0.001	0.173	0.036	0.002	0.718
neutral	0.095	0.002	0.001	0.162	0.047	0.001	0.692
neutral	0.052	0.000	0.000	0.134	0.027	0.001	0.785
neutral	0.105	0.001	0.001	0.211	0.029	0.001	0.651
neutral	0.074	0.000	0.000	0.143	0.022	0.002	0.758
neutral	0.071	0.000	0.000	0.101	0.026	0.001	0.800
neutral	0.058	0.000	0.000	0.115	0.027	0.001	0.798
neutral	0.079	0.001	0.000	0.157	0.034	0.002	0.728
neutral	0.054	0.000	0.001	0.094	0.034	0.004	0.813
neutral	0.076	0.000	0.000	0.079	0.037	0.001	0.805
neutral	0.044	0.000	0.000	0.131	0.023	0.002	0.799
neutral	0.053	0.001	0.001	0.070	0.036	0.001	0.839
neutral	0.073	0.002	0.001	0.096	0.077	0.001	0.750
neutral	0.054	0.000	0.001	0.043	0.050	0.001	0.851
neutral	0.045	0.001	0.001	0.063	0.060	0.002	0.829
neutral	0.021	0.001	0.001	0.044	0.051	0.001	0.882
neutral	0.068	0.001	0.001	0.024	0.078	0.000	0.829
angry	0.388	0.000	0.032	0.254	0.196	0.001	0.129
neutral	0.039	0.000	0.001	0.038	0.055	0.000	0.867
neutral	0.032	0.000	0.000	0.054	0.040	0.001	0.872
neutral	0.074	0.003	0.001	0.035	0.058	0.001	0.829
neutral	0.067	0.000	0.001	0.061	0.041	0.003	0.827
neutral	0.054	0.000	0.001	0.123	0.038	0.005	0.779
neutral	0.084	0.000	0.001	0.170	0.035	0.006	0.703
neutral	0.051	0.000	0.001	0.092	0.027	0.004	0.825
neutral	0.031	0.000	0.001	0.042	0.052	0.000	0.873
neutral	0.039	0.001	0.001	0.057	0.063	0.000	0.839
neutral	0.044	0.001	0.001	0.061	0.045	0.001	0.848
neutral	0.034	0.000	0.000	0.051	0.035	0.001	0.878
neutral	0.037	0.000	0.000	0.097	0.025	0.002	0.839
neutral	0.019	0.000	0.000	0.075	0.028	0.001	0.875
neutral	0.039	0.001	0.000	0.084	0.030	0.001	0.846
neutral	0.055	0.001	0.000	0.067	0.032	0.001	0.845
neutral	0.047	0.000	0.000	0.082	0.027	0.002	0.841
neutral	0.028	0.000	0.000	0.104	0.023	0.001	0.843
neutral	0.074	0.001	0.000	0.086	0.027	0.001	0.810
neutral	0.050	0.001	0.001	0.113	0.040	0.002	0.793
neutral	0.047	0.002	0.001	0.265	0.036	0.001	0.649
neutral	0.038	0.001	0.001	0.129	0.034	0.001	0.796
neutral	0.031	0.001	0.001	0.067	0.029	0.002	0.871
neutral	0.035	0.001	0.000	0.133	0.025	0.001	0.804
neutral	0.037	0.002	0.000	0.189	0.027	0.001	0.744
neutral	0.042	0.002	0.000	0.211	0.027	0.001	0.717
neutral	0.040	0.004	0.001	0.277	0.035	0.000	0.642
neutral	0.036	0.002	0.000	0.340	0.026	0.001	0.595
neutral	0.039	0.003	0.000	0.311	0.030	0.001	0.617
neutral	0.052	0.004	0.001	0.317	0.040	0.001	0.585
angry	0.302	0.000	0.051	0.259	0.164	0.002	0.222
neutral	0.029	0.003	0.000	0.465	0.018	0.001	0.484
happy	0.019	0.003	0.000	0.720	0.007	0.000	0.250
happy	0.017	0.001	0.000	0.771	0.006	0.000	0.205
neutral	0.017	0.002	0.000	0.397	0.014	0.000	0.568
happy	0.027	0.004	0.000	0.575	0.015	0.000	0.379
neutral	0.043	0.001	0.000	0.259	0.020	0.000	0.676
happy	0.054	0.003	0.000	0.546	0.020	0.000	0.376
happy	0.050	0.002	0.000	0.558	0.012	0.000	0.378
happy	0.040	0.000	0.000	0.555	0.007	0.000	0.397
neutral	0.030	0.000	0.001	0.371	0.022	0.000	0.576
happy	0.021	0.000	0.000	0.513	0.007	0.000	0.458
happy	0.058	0.001	0.000	0.501	0.009	0.000	0.431
neutral	0.061	0.001	0.001	0.254	0.037	0.000	0.646
neutral	0.050	0.004	0.001	0.164	0.045	0.000	0.737
neutral	0.033	0.002	0.001	0.205	0.045	0.001	0.714
happy	0.011	0.000	0.000	0.655	0.003	0.001	0.330
angry	0.349	0.000	0.056	0.231	0.114	0.002	0.247
neutral	0.022	0.000	0.000	0.439	0.014	0.000	0.524
neutral	0.019	0.000	0.000	0.403	0.011	0.001	0.566
neutral	0.059	0.001	0.000	0.247	0.022	0.001	0.671
neutral	0.047	0.001	0.000	0.130	0.031	0.000	0.791
neutral	0.043	0.001	0.000	0.151	0.035	0.000	0.769
neutral	0.054	0.001	0.000	0.112	0.034	0.000	0.798
neutral	0.064	0.001	0.000	0.128	0.035	0.000	0.772
neutral	0.052	0.001	0.000	0.061	0.046	0.000	0.839
neutral	0.190	0.000	0.055	0.204	0.190	0.001	0.358
neutral	0.059	0.001	0.001	0.048	0.067	0.001	0.824
neutral	0.052	0.001	0.001	0.062	0.067	0.000	0.817
neutral	0.074	0.001	0.001	0.040	0.092	0.000	0.791
neutral	0.062	0.001	0.001	0.049	0.091	0.000	0.796
sad	0.220	0.000	0.044	0.203	0.289	0.002	0.241
neutral	0.064	0.002	0.001	0.043	0.111	0.000	0.778
neutral	0.065	0.002	0.001	0.041	0.095	0.000	0.795
neutral	0.061	0.002	0.001	0.046	0.097	0.000	0.793
neutral	0.062	0.001	0.001	0.037	0.078	0.000	0.822
neutral	0.065	0.001	0.001	0.049	0.054	0.000	0.831
neutral	0.051	0.000	0.000	0.049	0.037	0.000	0.862
neutral	0.057	0.001	0.001	0.067	0.066	0.001	0.808
neutral	0.038	0.001	0.001	0.065	0.058	0.001	0.837
neutral	0.058	0.001	0.001	0.036	0.057	0.001	0.847
neutral	0.054	0.001	0.001	0.038	0.046	0.001	0.860
neutral	0.036	0.001	0.000	0.046	0.045	0.001	0.871
neutral	0.050	0.001	0.001	0.056	0.054	0.001	0.838
neutral	0.054	0.000	0.000	0.049	0.038	0.002	0.857
neutral	0.032	0.000	0.000	0.035	0.022	0.003	0.907
neutral	0.042	0.001	0.001	0.057	0.044	0.002	0.854
neutral	0.056	0.001	0.000	0.037	0.039	0.001	0.865
neutral	0.052	0.000	0.001	0.054	0.057	0.002	0.834
neutral	0.067	0.001	0.001	0.067	0.062	0.001	0.801
neutral	0.043	0.001	0.001	0.042	0.047	0.001	0.865
neutral	0.040	0.001	0.001	0.035	0.060	0.001	0.863
neutral	0.039	0.001	0.001	0.034	0.066	0.001	0.859
neutral	0.044	0.000	0.001	0.030	0.061	0.001	0.863
neutral	0.036	0.000	0.000	0.021	0.035	0.001	0.907
neutral	0.034	0.000	0.001	0.038	0.047	0.001	0.881
neutral	0.032	0.000	0.001	0.059	0.075	0.001	0.832
neutral	0.033	0.000	0.001	0.036	0.053	0.003	0.875
neutral	0.025	0.000	0.001	0.026	0.050	0.002	0.896
neutral	0.038	0.000	0.001	0.045	0.076	0.001	0.839
neutral	0.059	0.000	0.001	0.037	0.078	0.001	0.824
neutral	0.028	0.000	0.001	0.022	0.052	0.001	0.895
neutral	0.031	0.000	0.001	0.028	0.052	0.001	0.888
neutral	0.023	0.000	0.000	0.031	0.043	0.001	0.901
neutral	0.028	0.000	0.001	0.044	0.054	0.002	0.871
neutral	0.032	0.000	0.001	0.030	0.059	0.002	0.876
neutral	0.058	0.000	0.001	0.028	0.062	0.003	0.849
neutral	0.035	0.000	0.001	0.026	0.053	0.001	0.885
neutral	0.036	0.000	0.000	0.025	0.045	0.001	0.892
neutral	0.030	0.000	0.001	0.022	0.042	0.001	0.905
neutral	0.059	0.000	0.001	0.037	0.069	0.004	0.831
neutral	0.044	0.002	0.001	0.035	0.084	0.001	0.833
neutral	0.040	0.000	0.001	0.024	0.052	0.002	0.881
neutral	0.303	0.000	0.061	0.149	0.146	0.002	0.339
neutral	0.047	0.001	0.001	0.043	0.049	0.001	0.858
neutral	0.048	0.000	0.001	0.028	0.048	0.002	0.874
happy	0.193	0.000	0.038	0.334	0.175	0.002	0.258
neutral	0.037	0.001	0.001	0.019	0.067	0.001	0.874
neutral	0.032	0.001	0.001	0.035	0.060	0.001	0.871
neutral	0.035	0.001	0.001	0.023	0.068	0.001	0.872
neutral	0.048	0.000	0.001	0.031	0.056	0.001	0.864
neutral	0.045	0.000	0.001	0.032	0.058	0.001	0.864
neutral	0.056	0.000	0.001	0.032	0.055	0.001	0.855
angry	0.375	0.000	0.047	0.169	0.122	0.003	0.284
neutral	0.038	0.001	0.001	0.036	0.055	0.001	0.869
neutral	0.065	0.000	0.001	0.045	0.051	0.001	0.837
neutral	0.058	0.000	0.001	0.024	0.057	0.001	0.859
neutral	0.046	0.001	0.001	0.033	0.069	0.001	0.849
neutral	0.054	0.000	0.001	0.034	0.064	0.001	0.846
neutral	0.055	0.001	0.001	0.038	0.065	0.001	0.839
neutral	0.047	0.001	0.001	0.044	0.087	0.001	0.818
neutral	0.034	0.000	0.001	0.041	0.054	0.001	0.868
neutral	0.051	0.001	0.001	0.028	0.060	0.001	0.859
neutral	0.044	0.001	0.001	0.025	0.046	0.001	0.883
neutral	0.046	0.001	0.001	0.031	0.056	0.001	0.864
neutral	0.054	0.001	0.001	0.030	0.055	0.001	0.858
neutral	0.054	0.001	0.001	0.021	0.098	0.002	0.824
neutral	0.051	0.001	0.001	0.034	0.047	0.001	0.865
neutral	0.047	0.001	0.001	0.032	0.053	0.001	0.866
happy	0.207	0.000	0.034	0.392	0.143	0.002	0.222
neutral	0.074	0.001	0.001	0.020	0.063	0.001	0.841
neutral	0.071	0.003	0.002	0.037	0.122	0.001	0.765
neutral	0.053	0.001	0.001	0.038	0.091	0.001	0.816
neutral	0.058	0.001	0.001	0.043	0.090	0.001	0.807
neutral	0.048	0.001	0.001	0.031	0.061	0.001	0.857
neutral	0.052	0.001	0.001	0.017	0.074	0.001	0.854
neutral	0.049	0.002	0.002	0.019	0.101	0.001	0.827
neutral	0.044	0.001	0.001	0.027	0.074	0.001	0.852
neutral	0.059	0.001	0.001	0.025	0.089	0.001	0.823
neutral	0.040	0.001	0.001	0.014	0.058	0.001	0.885
neutral	0.035	0.001	0.001	0.017	0.054	0.001	0.891
neutral	0.054	0.001	0.001	0.009	0.088	0.001	0.847
neutral	0.051	0.001	0.001	0.017	0.077	0.001	0.853
neutral	0.230	0.000	0.071	0.177	0.221	0.002	0.299
neutral	0.055	0.001	0.001	0.013	0.085	0.001	0.844
angry	0.330	0.000	0.065	0.223	0.136	0.002	0.243
neutral	0.080	0.003	0.002	0.024	0.139	0.001	0.752
neutral	0.073	0.003	0.001	0.023	0.104	0.001	0.795
happy	0.221	0.000	0.058	0.297	0.168	0.003	0.253
neutral	0.043	0.002	0.002	0.027	0.081	0.002	0.844
neutral	0.053	0.000	0.000	0.056	0.031	0.003	0.857
neutral	0.052	0.000	0.001	0.035	0.041	0.004	0.867
neutral	0.038	0.000	0.000	0.041	0.042	0.004	0.874
neutral	0.044	0.000	0.001	0.047	0.049	0.001	0.858
neutral	0.028	0.000	0.001	0.028	0.052	0.001	0.890
neutral	0.051	0.001	0.001	0.025	0.082	0.001	0.839
neutral	0.043	0.000	0.001	0.020	0.056	0.001	0.880
neutral	0.059	0.000	0.000	0.063	0.039	0.001	0.837
neutral	0.125	0.001	0.001	0.164	0.051	0.001	0.657
neutral	0.137	0.002	0.002	0.123	0.097	0.001	0.638
neutral	0.039	0.001	0.001	0.026	0.083	0.001	0.848
neutral	0.046	0.004	0.002	0.039	0.118	0.001	0.791
neutral	0.054	0.004	0.001	0.014	0.163	0.000	0.763
neutral	0.059	0.004	0.002	0.025	0.127	0.000	0.783
neutral	0.039	0.002	0.001	0.023	0.115	0.001	0.819
neutral	0.046	0.001	0.001	0.028	0.053	0.001	0.872
neutral	0.037	0.001	0.001	0.029	0.056	0.001	0.876
neutral	0.037	0.000	0.001	0.034	0.061	0.001	0.866
neutral	0.047	0.001	0.001	0.044	0.060	0.001	0.846
neutral	0.029	0.001	0.001	0.047	0.067	0.001	0.854
neutral	0.035	0.000	0.001	0.035	0.071	0.001	0.856
neutral	0.030	0.001	0.001	0.034	0.060	0.001	0.873
neutral	0.048	0.000	0.001	0.027	0.082	0.001	0.841
neutral	0.031	0.001	0.001	0.030	0.059	0.001	0.877
neutral	0.028	0.000	0.001	0.031	0.045	0.001	0.894
neutral	0.043	0.001	0.001	0.027	0.059	0.002	0.868
neutral	0.028	0.000	0.001	0.016	0.057	0.001	0.896
neutral	0.028	0.001	0.001	0.022	0.070	0.001	0.877
neutral	0.022	0.000	0.001	0.023	0.052	0.001	0.901
neutral	0.042	0.000	0.001	0.030	0.051	0.001	0.874
neutral	0.047	0.001	0.001	0.033	0.079	0.002	0.838
neutral	0.049	0.001	0.001	0.034	0.086	0.001	0.828
neutral	0.018	0.000	0.001	0.032	0.043	0.002	0.904
neutral	0.040	0.001	0.001	0.028	0.111	0.001	0.818
neutral	0.036	0.000	0.001	0.035	0.068	0.001	0.858
neutral	0.031	0.000	0.001	0.027	0.061	0.001	0.878
neutral	0.028	0.001	0.001	0.032	0.065	0.001	0.874
neutral	0.031	0.001	0.001	0.023	0.078	0.001	0.865
neutral	0.035	0.001	0.001	0.028	0.075	0.001	0.859
neutral	0.025	0.000	0.001	0.020	0.062	0.002	0.891
neutral	0.019	0.000	0.001	0.021	0.056	0.001	0.901
neutral	0.034	0.000	0.001	0.028	0.063	0.001	0.873
neutral	0.032	0.001	0.001	0.020	0.062	0.001	0.882
neutral	0.035	0.001	0.001	0.034	0.065	0.001	0.864
neutral	0.041	0.001	0.001	0.026	0.094	0.001	0.835
neutral	0.033	0.001	0.001	0.024	0.064	0.001	0.876
neutral	0.033	0.001	0.001	0.026	0.086	0.001	0.853
neutral	0.039	0.000	0.001	0.031	0.070	0.001	0.857
neutral	0.033	0.000	0.001	0.027	0.073	0.001	0.865
neutral	0.036	0.001	0.001	0.040	0.057	0.001	0.864
neutral	0.041	0.001	0.001	0.033	0.077	0.001	0.847
neutral	0.037	0.001	0.001	0.037	0.092	0.001	0.831
neutral	0.029	0.001	0.001	0.027	0.058	0.001	0.883
neutral	0.051	0.001	0.001	0.026	0.084	0.002	0.833
neutral	0.285	0.000	0.050	0.163	0.193	0.002	0.309
neutral	0.056	0.002	0.002	0.023	0.110	0.001	0.806
neutral	0.051	0.001	0.001	0.022	0.073	0.002	0.850
neutral	0.032	0.001	0.001	0.024	0.058	0.003	0.881
neutral	0.057	0.001	0.001	0.037	0.050	0.001	0.854
neutral	0.046	0.001	0.001	0.026	0.069	0.002	0.855
neutral	0.034	0.001	0.001	0.030	0.072	0.001	0.861
neutral	0.039	0.001	0.001	0.048	0.062	0.001	0.848
neutral	0.049	0.001	0.001	0.021	0.052	0.001	0.876
neutral	0.076	0.001	0.001	0.028	0.071	0.001	0.821
neutral	0.047	0.000	0.001	0.022	0.057	0.002	0.871
neutral	0.037	0.001	0.001	0.062	0.058	0.001	0.840
neutral	0.054	0.001	0.001	0.023	0.062	0.002	0.858
neutral	0.073	0.003	0.002	0.048	0.097	0.001	0.777
neutral	0.051	0.001	0.001	0.062	0.069	0.001	0.815
neutral	0.051	0.000	0.001	0.023	0.061	0.002	0.862
neutral	0.067	0.001	0.001	0.031	0.057	0.001	0.842
neutral	0.049	0.001	0.001	0.024	0.076	0.001	0.848
neutral	0.041	0.001	0.001	0.025	0.055	0.001	0.876
neutral	0.031	0.001	0.001	0.014	0.071	0.001	0.881
neutral	0.026	0.000	0.001	0.021	0.064	0.001	0.886
neutral	0.043	0.002	0.001	0.010	0.100	0.001	0.844
neutral	0.019	0.000	0.001	0.030	0.046	0.002	0.903
neutral	0.023	0.000	0.001	0.027	0.062	0.001	0.884
neutral	0.041	0.002	0.002	0.014	0.105	0.001	0.836
neutral	0.026	0.001	0.001	0.021	0.081	0.001	0.869
neutral	0.050	0.002	0.002	0.030	0.099	0.001	0.817
neutral	0.035	0.001	0.001	0.032	0.061	0.001	0.869
neutral	0.032	0.001	0.001	0.023	0.070	0.000	0.873
neutral	0.061	0.005	0.002	0.029	0.136	0.000	0.767
neutral	0.044	0.002	0.001	0.014	0.121	0.001	0.818
neutral	0.044	0.001	0.001	0.020	0.095	0.001	0.838
neutral	0.082	0.003	0.001	0.011	0.148	0.000	0.755
neutral	0.057	0.004	0.002	0.014	0.151	0.000	0.772
neutral	0.073	0.002	0.001	0.010	0.122	0.000	0.791
neutral	0.033	0.001	0.001	0.014	0.071	0.001	0.878
neutral	0.041	0.001	0.001	0.022	0.074	0.002	0.859
neutral	0.056	0.002	0.001	0.024	0.089	0.001	0.827
neutral	0.058	0.001	0.001	0.020	0.080	0.001	0.839
neutral	0.061	0.003	0.001	0.016	0.112	0.001	0.806
neutral	0.030	0.001	0.002	0.021	0.127	0.000	0.819
neutral	0.036	0.001	0.002	0.020	0.130	0.000	0.811
neutral	0.051	0.001	0.002	0.005	0.174	0.000	0.768
neutral	0.055	0.001	0.002	0.009	0.171	0.000	0.761
neutral	0.043	0.002	0.003	0.023	0.237	0.000	0.693
neutral	0.040	0.002	0.003	0.020	0.215	0.000	0.720
neutral	0.060	0.003	0.003	0.018	0.190	0.000	0.726
neutral	0.041	0.003	0.002	0.014	0.109	0.000	0.831
neutral	0.041	0.001	0.001	0.031	0.085	0.001	0.839
neutral	0.050	0.001	0.001	0.028	0.084	0.001	0.834
neutral	0.037	0.001	0.001	0.023	0.054	0.001	0.883
neutral	0.057	0.002	0.001	0.024	0.099	0.001	0.816
neutral	0.055	0.001	0.001	0.040	0.073	0.001	0.829
neutral	0.043	0.000	0.001	0.044	0.070	0.002	0.841
neutral	0.062	0.001	0.001	0.039	0.061	0.001	0.836
neutral	0.042	0.002	0.001	0.024	0.075	0.001	0.855
neutral	0.048	0.003	0.001	0.022	0.101	0.001	0.825
neutral	0.061	0.001	0.001	0.019	0.087	0.001	0.830
neutral	0.057	0.001	0.001	0.035	0.065	0.001	0.839
neutral	0.045	0.001	0.001	0.035	0.054	0.001	0.864
neutral	0.088	0.001	0.001	0.044	0.059	0.001	0.806
neutral	0.050	0.001	0.001	0.034	0.060	0.001	0.854
neutral	0.043	0.001	0.001	0.029	0.070	0.001	0.855
neutral	0.062	0.000	0.001	0.024	0.063	0.002	0.848
angry	0.346	0.000	0.050	0.141	0.156	0.002	0.304
neutral	0.055	0.001	0.001	0.022	0.098	0.001	0.822
neutral	0.049	0.001	0.001	0.018	0.070	0.001	0.862
neutral	0.041	0.001	0.001	0.025	0.087	0.001	0.843
neutral	0.031	0.000	0.001	0.023	0.069	0.002	0.874
neutral	0.046	0.001	0.001	0.015	0.091	0.001	0.844
neutral	0.080	0.001	0.001	0.016	0.068	0.004	0.832
neutral	0.033	0.001	0.001	0.026	0.054	0.002	0.883
neutral	0.030	0.001	0.001	0.034	0.066	0.001	0.867
neutral	0.029	0.000	0.001	0.016	0.082	0.001	0.871
neutral	0.052	0.001	0.001	0.020	0.072	0.001	0.853
neutral	0.060	0.001	0.001	0.023	0.107	0.001	0.806
neutral	0.028	0.001	0.001	0.024	0.066	0.001	0.879
neutral	0.037	0.000	0.001	0.024	0.054	0.003	0.882
neutral	0.075	0.001	0.001	0.026	0.086	0.001	0.810
neutral	0.052	0.000	0.001	0.029	0.061	0.001	0.855
neutral	0.062	0.001	0.002	0.022	0.098	0.001	0.814
neutral	0.048	0.000	0.001	0.035	0.071	0.001	0.843
angry	0.362	0.000	0.052	0.164	0.132	0.003	0.286
neutral	0.054	0.001	0.001	0.020	0.087	0.001	0.836
neutral	0.050	0.001	0.001	0.024	0.090	0.001	0.833
neutral	0.047	0.001	0.001	0.025	0.048	0.001	0.878
neutral	0.039	0.000	0.001	0.022	0.053	0.001	0.883
neutral	0.046	0.001	0.001	0.031	0.053	0.001	0.867
neutral	0.072	0.001	0.001	0.040	0.051	0.001	0.834
neutral	0.042	0.000	0.001	0.028	0.052	0.001	0.876
neutral	0.044	0.001	0.001	0.024	0.061	0.002	0.868
neutral	0.044	0.001	0.001	0.031	0.058	0.001	0.864
neutral	0.202	0.000	0.048	0.238	0.225	0.002	0.285
neutral	0.084	0.001	0.002	0.028	0.110	0.001	0.773
neutral	0.037	0.000	0.001	0.030	0.043	0.001	0.888
neutral	0.034	0.000	0.001	0.025	0.048	0.002	0.889
neutral	0.043	0.001	0.001	0.034	0.057	0.001	0.863
neutral	0.040	0.001	0.001	0.033	0.044	0.001	0.880
neutral	0.077	0.001	0.002	0.027	0.108	0.001	0.783
neutral	0.053	0.001	0.001	0.032	0.077	0.001	0.835
neutral	0.216	0.000	0.061	0.125	0.295	0.002	0.301
neutral	0.065	0.002	0.002	0.041	0.096	0.001	0.793
angry	0.348	0.000	0.032	0.259	0.127	0.001	0.232
neutral	0.047	0.001	0.001	0.036	0.073	0.001	0.840
neutral	0.064	0.001	0.001	0.038	0.091	0.001	0.804
neutral	0.052	0.002	0.001	0.033	0.056	0.001	0.856
neutral	0.057	0.001	0.001	0.030	0.061	0.001	0.849
neutral	0.053	0.002	0.002	0.020	0.106	0.001	0.816
angry	0.270	0.000	0.062	0.155	0.247	0.002	0.264
neutral	0.054	0.000	0.001	0.023	0.073	0.004	0.845
neutral	0.056	0.001	0.001	0.018	0.076	0.001	0.846
neutral	0.058	0.002	0.002	0.031	0.112	0.001	0.795
neutral	0.058	0.002	0.002	0.023	0.104	0.001	0.809
neutral	0.051	0.001	0.001	0.026	0.093	0.001	0.826
neutral	0.051	0.001	0.002	0.030	0.113	0.001	0.802
neutral	0.066	0.004	0.002	0.036	0.136	0.001	0.755
neutral	0.094	0.003	0.002	0.039	0.129	0.001	0.733
neutral	0.103	0.001	0.001	0.031	0.110	0.001	0.753
neutral	0.097	0.002	0.001	0.055	0.096	0.001	0.749
neutral	0.085	0.002	0.002	0.031	0.080	0.001	0.799
neutral	0.062	0.003	0.002	0.033	0.120	0.001	0.780
neutral	0.042	0.001	0.001	0.033	0.063	0.001	0.859
neutral	0.095	0.002	0.001	0.044	0.085	0.001	0.772
neutral	0.053	0.001	0.001	0.018	0.101	0.001	0.824
neutral	0.037	0.001	0.001	0.020	0.075	0.001	0.865
neutral	0.071	0.001	0.001	0.023	0.084	0.001	0.818
neutral	0.042	0.001	0.001	0.018	0.087	0.001	0.849
neutral	0.045	0.001	0.001	0.014	0.104	0.001	0.833
neutral	0.033	0.000	0.001	0.021	0.068	0.001	0.876
neutral	0.056	0.001	0.001	0.022	0.080	0.001	0.839
neutral	0.036	0.002	0.001	0.019	0.105	0.001	0.835
neutral	0.047	0.001	0.001	0.021	0.091	0.002	0.837
neutral	0.039	0.000	0.001	0.022	0.078	0.002	0.857
neutral	0.039	0.000	0.001	0.016	0.085	0.002	0.857
neutral	0.039	0.000	0.001	0.024	0.066	0.001	0.868
neutral	0.053	0.001	0.001	0.022	0.074	0.001	0.848
neutral	0.052	0.001	0.001	0.024	0.079	0.001	0.842
neutral	0.039	0.001	0.001	0.032	0.074	0.001	0.853
neutral	0.058	0.000	0.001	0.013	0.077	0.002	0.849
neutral	0.036	0.001	0.001	0.022	0.063	0.001	0.877
neutral	0.031	0.001	0.001	0.016	0.085	0.002	0.864
neutral	0.033	0.000	0.001	0.022	0.066	0.001	0.877
neutral	0.032	0.001	0.001	0.026	0.060	0.001	0.880
neutral	0.320	0.000	0.061	0.171	0.119	0.003	0.325
neutral	0.052	0.000	0.001	0.019	0.074	0.002	0.851
neutral	0.038	0.000	0.001	0.025	0.063	0.001	0.871
neutral	0.038	0.000	0.001	0.030	0.047	0.001	0.882
neutral	0.041	0.000	0.001	0.029	0.072	0.002	0.856
neutral	0.037	0.001	0.001	0.024	0.087	0.001	0.848
neutral	0.038	0.000	0.001	0.024	0.055	0.003	0.879
neutral	0.037	0.000	0.001	0.021	0.061	0.002	0.877
neutral	0.055	0.000	0.001	0.027	0.086	0.001	0.829
neutral	0.048	0.000	0.001	0.021	0.077	0.001	0.852
neutral	0.038	0.000	0.001	0.022	0.071	0.001	0.866
neutral	0.232	0.000	0.067	0.186	0.199	0.003	0.313
neutral	0.034	0.000	0.001	0.031	0.050	0.003	0.881
neutral	0.050	0.001	0.002	0.027	0.097	0.001	0.822
neutral	0.030	0.001	0.001	0.028	0.072	0.001	0.866
neutral	0.043	0.000	0.001	0.028	0.064	0.002	0.862
neutral	0.037	0.000	0.001	0.031	0.051	0.001	0.879
neutral	0.043	0.000	0.001	0.024	0.056	0.001	0.875
neutral	0.030	0.000	0.001	0.032	0.053	0.001	0.883
neutral	0.041	0.001	0.001	0.027	0.061	0.001	0.868
neutral	0.048	0.001	0.001	0.021	0.066	0.001	0.863
neutral	0.061	0.000	0.001	0.026	0.086	0.001	0.824
neutral	0.062	0.001	0.002	0.020	0.090	0.001	0.825
neutral	0.057	0.001	0.001	0.040	0.055	0.001	0.845
neutral	0.076	0.001	0.002	0.024	0.096	0.001	0.800
neutral	0.046	0.000	0.001	0.016	0.103	0.001	0.832
neutral	0.169	0.000	0.057	0.215	0.198	0.002	0.359
neutral	0.056	0.001	0.001	0.028	0.077	0.001	0.835
neutral	0.046	0.001	0.002	0.025	0.080	0.001	0.846
neutral	0.044	0.003	0.002	0.026	0.104	0.001	0.820
neutral	0.069	0.001	0.001	0.025	0.078	0.001	0.826
neutral	0.045	0.001	0.001	0.027	0.092	0.001	0.833
neutral	0.106	0.003	0.003	0.026	0.165	0.001	0.696
neutral	0.056	0.001	0.001	0.030	0.066	0.001	0.845
neutral	0.062	0.003	0.002	0.027	0.113	0.001	0.793
neutral	0.238	0.000	0.044	0.233	0.197	0.002	0.285
neutral	0.050	0.002	0.002	0.028	0.116	0.001	0.800
neutral	0.034	0.001	0.001	0.029	0.082	0.001	0.852
neutral	0.044	0.002	0.002	0.022	0.102	0.001	0.828
neutral	0.039	0.001	0.002	0.019	0.077	0.002	0.861
neutral	0.052	0.001	0.002	0.023	0.098	0.001	0.823
neutral	0.042	0.001	0.001	0.033	0.069	0.001	0.853
neutral	0.047	0.000	0.001	0.018	0.075	0.001	0.857
neutral	0.035	0.001	0.001	0.019	0.096	0.001	0.846
neutral	0.048	0.000	0.001	0.025	0.067	0.002	0.857
angry	0.351	0.000	0.042	0.195	0.212	0.001	0.199
neutral	0.047	0.000	0.002	0.014	0.166	0.001	0.770
neutral	0.024	0.000	0.001	0.012	0.093	0.002	0.868
neutral	0.033	0.001	0.001	0.019	0.105	0.001	0.840
neutral	0.235	0.000	0.059	0.195	0.166	0.003	0.343
neutral	0.033	0.001	0.001	0.022	0.110	0.001	0.832
neutral	0.047	0.000	0.001	0.015	0.078	0.001	0.858
neutral	0.057	0.001	0.001	0.030	0.078	0.001	0.832
neutral	0.056	0.001	0.001	0.022	0.073	0.001	0.845
neutral	0.051	0.001	0.001	0.029	0.075	0.001	0.842
neutral	0.052	0.001	0.001	0.026	0.090	0.002	0.828
neutral	0.035	0.001	0.001	0.028	0.076	0.001	0.858
neutral	0.047	0.001	0.001	0.018	0.087	0.001	0.844
neutral	0.048	0.001	0.002	0.025	0.125	0.001	0.797
neutral	0.049	0.001	0.001	0.019	0.100	0.001	0.828
neutral	0.039	0.002	0.001	0.023	0.095	0.001	0.838
neutral	0.041	0.001	0.001	0.019	0.089	0.001	0.847
neutral	0.036	0.001	0.001	0.030	0.045	0.001	0.887
neutral	0.035	0.002	0.001	0.025	0.086	0.001	0.850
neutral	0.039	0.001	0.001	0.015	0.075	0.002	0.867
neutral	0.043	0.001	0.002	0.023	0.102	0.001	0.828
neutral	0.076	0.001	0.001	0.019	0.087	0.002	0.814
neutral	0.054	0.001	0.001	0.019	0.091	0.001	0.833
neutral	0.050	0.000	0.001	0.017	0.078	0.001	0.853
neutral	0.043	0.000	0.001	0.022	0.092	0.003	0.838
neutral	0.036	0.000	0.001	0.036	0.042	0.001	0.885
neutral	0.043	0.001	0.001	0.023	0.055	0.001	0.876
neutral	0.033	0.001	0.001	0.032	0.048	0.001	0.884
neutral	0.036	0.001	0.001	0.028	0.057	0.001	0.877
neutral	0.043	0.001	0.001	0.038	0.059	0.001	0.857
neutral	0.036	0.001	0.001	0.025	0.069	0.002	0.866
neutral	0.035	0.001	0.001	0.015	0.096	0.001	0.851
neutral	0.045	0.001	0.002	0.028	0.093	0.001	0.831
neutral	0.035	0.001	0.001	0.027	0.068	0.001	0.866
neutral	0.258	0.000	0.044	0.239	0.107	0.001	0.350
neutral	0.046	0.002	0.001	0.032	0.077	0.001	0.841
neutral	0.050	0.000	0.001	0.051	0.044	0.001	0.853
neutral	0.214	0.000	0.039	0.260	0.188	0.002	0.297
neutral	0.052	0.000	0.001	0.027	0.045	0.002	0.873
neutral	0.087	0.001	0.001	0.040	0.057	0.001	0.813
neutral	0.044	0.000	0.000	0.048	0.029	0.003	0.875
neutral	0.087	0.001	0.001	0.031	0.085	0.001	0.794
neutral	0.050	0.000	0.001	0.024	0.064	0.001	0.860
neutral	0.032	0.001	0.001	0.020	0.069	0.001	0.877
neutral	0.061	0.002	0.001	0.037	0.080	0.001	0.818
neutral	0.041	0.001	0.001	0.029	0.069	0.001	0.859
neutral	0.042	0.000	0.001	0.029	0.053	0.002	0.874
neutral	0.029	0.000	0.001	0.027	0.051	0.001	0.890
angry	0.251	0.000	0.075	0.195	0.240	0.002	0.238
neutral	0.060	0.002	0.001	0.039	0.065	0.001	0.833
neutral	0.201	0.000	0.054	0.279	0.131	0.003	0.331
neutral	0.045	0.001	0.001	0.035	0.061	0.001	0.857
neutral	0.071	0.001	0.001	0.035	0.054	0.001	0.838
neutral	0.051	0.001	0.001	0.033	0.059	0.001	0.855
neutral	0.072	0.001	0.001	0.049	0.051	0.001	0.825
neutral	0.038	0.001	0.001	0.040	0.057	0.001	0.862
neutral	0.034	0.001	0.001	0.028	0.059	0.001	0.877
neutral	0.037	0.001	0.001	0.049	0.041	0.001	0.870
neutral	0.040	0.001	0.001	0.028	0.065	0.001	0.864
neutral	0.041	0.000	0.001	0.032	0.049	0.001	0.876
neutral	0.027	0.001	0.001	0.025	0.064	0.001	0.880
neutral	0.045	0.001	0.001	0.037	0.069	0.001	0.846
neutral	0.042	0.001	0.001	0.022	0.065	0.001	0.869
neutral	0.042	0.000	0.001	0.038	0.073	0.002	0.844
neutral	0.045	0.001	0.001	0.033	0.077	0.001	0.841
neutral	0.064	0.000	0.001	0.062	0.049	0.001	0.822
neutral	0.048	0.000	0.001	0.060	0.049	0.003	0.838
neutral	0.080	0.001	0.001	0.036	0.072	0.001	0.809
neutral	0.039	0.001	0.001	0.024	0.078	0.001	0.855
neutral	0.046	0.001	0.001	0.034	0.073	0.001	0.845
neutral	0.049	0.003	0.002	0.010	0.158	0.000	0.778
neutral	0.057	0.003	0.001	0.022	0.141	0.000	0.775
neutral	0.030	0.001	0.001	0.024	0.097	0.001	0.846
neutral	0.036	0.001	0.001	0.036	0.081	0.001	0.844
neutral	0.199	0.000	0.067	0.193	0.223	0.003	0.315
neutral	0.053	0.001	0.001	0.035	0.072	0.001	0.837
neutral	0.041	0.001	0.000	0.023	0.055	0.001	0.879
neutral	0.034	0.001	0.001	0.045	0.074	0.001	0.844
neutral	0.025	0.000	0.001	0.032	0.044	0.001	0.896
neutral	0.025	0.000	0.001	0.034	0.044	0.001	0.895
neutral	0.035	0.000	0.001	0.038	0.046	0.001	0.879
neutral	0.049	0.001	0.001	0.043	0.061	0.001	0.844
angry	0.305	0.000	0.040	0.193	0.259	0.001	0.202
neutral	0.051	0.001	0.001	0.053	0.052	0.001	0.841
neutral	0.048	0.001	0.001	0.031	0.068	0.001	0.851
neutral	0.052	0.000	0.001	0.037	0.053	0.001	0.855
neutral	0.043	0.000	0.001	0.031	0.053	0.001	0.871
neutral	0.043	0.000	0.001	0.033	0.051	0.001	0.870
neutral	0.054	0.001	0.001	0.052	0.072	0.001	0.818
neutral	0.044	0.000	0.001	0.032	0.062	0.001	0.860
neutral	0.053	0.001	0.001	0.047	0.062	0.001	0.835
neutral	0.103	0.002	0.001	0.048	0.086	0.001	0.760
neutral	0.045	0.000	0.001	0.033	0.044	0.001	0.876
neutral	0.034	0.000	0.001	0.042	0.039	0.002	0.882
neutral	0.043	0.000	0.001	0.035	0.048	0.002	0.871
neutral	0.033	0.000	0.001	0.022	0.064	0.001	0.878
neutral	0.050	0.001	0.001	0.023	0.083	0.002	0.839
neutral	0.033	0.001	0.001	0.025	0.063	0.001	0.876
neutral	0.035	0.002	0.001	0.020	0.100	0.001	0.841
neutral	0.035	0.002	0.001	0.017	0.090	0.001	0.855
neutral	0.033	0.000	0.001	0.010	0.090	0.001	0.864
neutral	0.233	0.000	0.041	0.230	0.154	0.003	0.339
neutral	0.039	0.000	0.002	0.019	0.095	0.001	0.844
neutral	0.033	0.001	0.001	0.011	0.091	0.001	0.863
neutral	0.041	0.002	0.001	0.023	0.103	0.001	0.828
happy	0.284	0.000	0.037	0.368	0.156	0.001	0.154
neutral	0.044	0.001	0.001	0.039	0.090	0.001	0.824
neutral	0.066	0.001	0.001	0.024	0.074	0.001	0.833
neutral	0.081	0.001	0.001	0.082	0.053	0.002	0.782
neutral	0.039	0.001	0.001	0.070	0.050	0.001	0.837
neutral	0.048	0.002	0.001	0.037	0.074	0.001	0.837
neutral	0.073	0.001	0.001	0.072	0.053	0.001	0.799
neutral	0.301	0.000	0.061	0.167	0.153	0.003	0.315
neutral	0.068	0.001	0.001	0.031	0.063	0.001	0.834
neutral	0.038	0.001	0.001	0.039	0.049	0.001	0.872
neutral	0.038	0.001	0.001	0.033	0.056	0.001	0.870
neutral	0.057	0.001	0.001	0.035	0.083	0.001	0.823
neutral	0.029	0.000	0.001	0.051	0.054	0.001	0.864
neutral	0.052	0.001	0.001	0.027	0.070	0.001	0.849
neutral	0.048	0.001	0.001	0.019	0.055	0.001	0.875
neutral	0.056	0.001	0.001	0.035	0.063	0.001	0.842
neutral	0.077	0.001	0.001	0.044	0.088	0.001	0.787
neutral	0.070	0.002	0.002	0.021	0.103	0.000	0.802
neutral	0.079	0.006	0.002	0.022	0.127	0.001	0.765
neutral	0.172	0.000	0.067	0.189	0.183	0.003	0.388
neutral	0.035	0.002	0.001	0.041	0.058	0.001	0.863
neutral	0.037	0.001	0.001	0.042	0.068	0.001	0.850
neutral	0.040	0.000	0.001	0.032	0.068	0.001	0.858
neutral	0.019	0.000	0.001	0.039	0.039	0.002	0.900
angry	0.293	0.000	0.056	0.166	0.196	0.001	0.287
neutral	0.018	0.000	0.001	0.021	0.040	0.002	0.919
neutral	0.034	0.000	0.000	0.025	0.037	0.002	0.901
neutral	0.026	0.001	0.001	0.032	0.067	0.001	0.871
neutral	0.032	0.001	0.002	0.020	0.129	0.001	0.816
neutral	0.041	0.001	0.001	0.023	0.079	0.001	0.854
neutral	0.249	0.000	0.049	0.217	0.151	0.003	0.332
neutral	0.033	0.001	0.001	0.053	0.074	0.001	0.837
neutral	0.071	0.003	0.002	0.039	0.116	0.001	0.768
neutral	0.086	0.003	0.002	0.025	0.103	0.001	0.781
neutral	0.094	0.002	0.001	0.054	0.100	0.001	0.749
neutral	0.110	0.003	0.002	0.057	0.124	0.001	0.704
neutral	0.051	0.005	0.002	0.055	0.127	0.001	0.760
neutral	0.037	0.001	0.001	0.046	0.063	0.001	0.851
neutral	0.037	0.001	0.001	0.037	0.068	0.001	0.855
neutral	0.038	0.001	0.001	0.036	0.062	0.001	0.861
neutral	0.041	0.000	0.001	0.033	0.049	0.001	0.874
neutral	0.033	0.000	0.001	0.034	0.044	0.001	0.887
happy	0.252	0.000	0.022	0.435	0.116	0.002	0.174
neutral	0.042	0.002	0.001	0.021	0.082	0.001	0.852
neutral	0.054	0.001	0.001	0.029	0.071	0.001	0.842
neutral	0.026	0.000	0.001	0.026	0.042	0.001	0.905
neutral	0.040	0.000	0.001	0.031	0.058	0.001	0.868
neutral	0.198	0.000	0.055	0.162	0.126	0.003	0.455
neutral	0.047	0.000	0.001	0.032	0.066	0.001	0.851
neutral	0.042	0.001	0.001	0.030	0.062	0.001	0.863
neutral	0.044	0.001	0.001	0.028	0.069	0.001	0.855
neutral	0.034	0.001	0.001	0.034	0.049	0.001	0.881
neutral	0.042	0.001	0.001	0.033	0.065	0.001	0.857
neutral	0.046	0.001	0.001	0.041	0.065	0.001	0.845
neutral	0.076	0.002	0.001	0.018	0.098	0.001	0.804
neutral	0.047	0.001	0.001	0.040	0.054	0.001	0.857
neutral	0.026	0.001	0.001	0.022	0.073	0.001	0.876
sad	0.205	0.000	0.054	0.232	0.261	0.002	0.246
neutral	0.041	0.001	0.001	0.021	0.079	0.001	0.856
neutral	0.041	0.001	0.001	0.030	0.090	0.001	0.835
neutral	0.049	0.001	0.001	0.022	0.060	0.001	0.867
neutral	0.039	0.002	0.001	0.044	0.091	0.001	0.822
neutral	0.208	0.000	0.034	0.327	0.094	0.003	0.334
neutral	0.051	0.001	0.001	0.031	0.056	0.001	0.859
neutral	0.045	0.001	0.001	0.046	0.061	0.001	0.845
angry	0.451	0.000	0.073	0.157	0.166	0.002	0.152
neutral	0.033	0.000	0.002	0.013	0.110	0.000	0.841
neutral	0.026	0.001	0.001	0.029	0.087	0.001	0.855
neutral	0.052	0.001	0.001	0.028	0.079	0.001	0.839
neutral	0.038	0.001	0.001	0.019	0.102	0.000	0.839
neutral	0.027	0.000	0.001	0.018	0.078	0.001	0.875
neutral	0.060	0.001	0.001	0.011	0.098	0.000	0.828
neutral	0.050	0.001	0.001	0.043	0.048	0.001	0.856
neutral	0.056	0.001	0.001	0.036	0.054	0.001	0.852
neutral	0.039	0.001	0.001	0.040	0.061	0.001	0.857
neutral	0.025	0.000	0.001	0.074	0.034	0.003	0.862
neutral	0.204	0.000	0.041	0.121	0.309	0.002	0.322
neutral	0.028	0.001	0.001	0.077	0.039	0.001	0.853
neutral	0.021	0.000	0.000	0.094	0.016	0.001	0.867
neutral	0.015	0.000	0.000	0.374	0.005	0.001	0.605
neutral	0.016	0.000	0.000	0.442	0.008	0.001	0.533
happy	0.006	0.000	0.000	0.598	0.008	0.001	0.387
happy	0.007	0.000	0.000	0.546	0.005	0.001	0.441
neutral	0.043	0.000	0.000	0.156	0.017	0.000	0.783
neutral	0.043	0.001	0.001	0.089	0.025	0.002	0.838
neutral	0.071	0.003	0.002	0.176	0.036	0.001	0.710
neutral	0.052	0.004	0.002	0.235	0.034	0.001	0.672
neutral	0.006	0.000	0.000	0.473	0.008	0.002	0.510
happy	0.000	0.000	0.000	0.925	0.001	0.001	0.074
happy	0.003	0.000	0.000	0.838	0.006	0.000	0.153
neutral	0.022	0.001	0.001	0.391	0.029	0.000	0.556
happy	0.013	0.000	0.000	0.502	0.017	0.000	0.467
neutral	0.019	0.000	0.000	0.445	0.014	0.000	0.521
neutral	0.031	0.000	0.000	0.296	0.027	0.001	0.645
neutral	0.065	0.004	0.002	0.121	0.074	0.003	0.731
happy	0.006	0.000	0.000	0.855	0.002	0.000	0.137
happy	0.008	0.000	0.000	0.585	0.011	0.000	0.395
happy	0.012	0.000	0.000	0.584	0.012	0.000	0.392
neutral	0.045	0.003	0.001	0.069	0.057	0.000	0.825
neutral	0.045	0.002	0.001	0.036	0.094	0.000	0.822
neutral	0.084	0.003	0.001	0.028	0.126	0.000	0.758
neutral	0.075	0.003	0.001	0.023	0.142	0.000	0.755
neutral	0.077	0.001	0.001	0.041	0.076	0.001	0.804
neutral	0.062	0.002	0.001	0.053	0.075	0.000	0.805
neutral	0.028	0.001	0.001	0.015	0.118	0.000	0.836
neutral	0.055	0.001	0.001	0.017	0.085	0.000	0.841
neutral	0.044	0.001	0.001	0.051	0.055	0.000	0.848
neutral	0.052	0.001	0.001	0.027	0.059	0.001	0.859
neutral	0.055	0.001	0.001	0.038	0.059	0.001	0.846
neutral	0.045	0.001	0.001	0.033	0.057	0.001	0.863
sad	0.183	0.000	0.070	0.144	0.311	0.003	0.290
neutral	0.059	0.001	0.001	0.033	0.063	0.001	0.842
neutral	0.056	0.001	0.001	0.029	0.062	0.001	0.851
neutral	0.054	0.001	0.001	0.035	0.062	0.001	0.847
neutral	0.053	0.001	0.001	0.037	0.045	0.001	0.863
neutral	0.059	0.001	0.001	0.034	0.072	0.001	0.832
neutral	0.057	0.001	0.001	0.046	0.048	0.001	0.848
neutral	0.041	0.000	0.001	0.041	0.051	0.002	0.865
neutral	0.076	0.001	0.001	0.034	0.082	0.002	0.805
neutral	0.044	0.000	0.001	0.048	0.042	0.001	0.864
neutral	0.047	0.000	0.001	0.055	0.056	0.003	0.838
neutral	0.092	0.001	0.001	0.040	0.113	0.001	0.752
neutral	0.109	0.001	0.001	0.026	0.120	0.001	0.741
neutral	0.066	0.001	0.001	0.037	0.070	0.002	0.824
neutral	0.073	0.001	0.001	0.018	0.077	0.003	0.827
neutral	0.052	0.001	0.001	0.054	0.070	0.002	0.820
neutral	0.048	0.000	0.001	0.032	0.054	0.001	0.864
neutral	0.065	0.001	0.002	0.044	0.125	0.001	0.762
neutral	0.070	0.000	0.001	0.021	0.092	0.004	0.812
neutral	0.056	0.000	0.001	0.019	0.079	0.004	0.841
neutral	0.095	0.002	0.001	0.031	0.123	0.001	0.747
neutral	0.072	0.001	0.001	0.017	0.092	0.003	0.814
neutral	0.083	0.002	0.001	0.051	0.115	0.002	0.746
neutral	0.080	0.001	0.001	0.027	0.102	0.002	0.788
neutral	0.082	0.001	0.001	0.031	0.101	0.002	0.783
neutral	0.074	0.001	0.001	0.024	0.106	0.002	0.794
neutral	0.063	0.001	0.001	0.029	0.069	0.003	0.834
neutral	0.086	0.000	0.001	0.017	0.077	0.004	0.815
neutral	0.067	0.001	0.001	0.030	0.048	0.001	0.852
neutral	0.077	0.004	0.001	0.019	0.137	0.001	0.760
neutral	0.082	0.004	0.002	0.014	0.204	0.000	0.695
neutral	0.072	0.003	0.002	0.018	0.150	0.000	0.755
neutral	0.067	0.001	0.001	0.029	0.106	0.003	0.793
neutral	0.087	0.001	0.001	0.020	0.115	0.003	0.774
neutral	0.054	0.001	0.001	0.062	0.088	0.005	0.789
neutral	0.078	0.001	0.001	0.041	0.078	0.001	0.801
neutral	0.053	0.001	0.001	0.013	0.121	0.001	0.810
neutral	0.055	0.002	0.001	0.024	0.109	0.001	0.807
neutral	0.059	0.001	0.001	0.014	0.102	0.001	0.822
neutral	0.053	0.001	0.001	0.029	0.105	0.002	0.808
neutral	0.051	0.001	0.001	0.025	0.103	0.002	0.818
neutral	0.051	0.001	0.001	0.031	0.103	0.003	0.811
neutral	0.043	0.000	0.001	0.039	0.074	0.002	0.841
neutral	0.042	0.000	0.001	0.035	0.080	0.003	0.839
neutral	0.048	0.000	0.001	0.024	0.057	0.002	0.868
neutral	0.098	0.001	0.001	0.016	0.107	0.002	0.775
neutral	0.037	0.000	0.001	0.029	0.051	0.001	0.881
neutral	0.065	0.001	0.001	0.014	0.104	0.002	0.813
neutral	0.040	0.001	0.001	0.027	0.060	0.002	0.870
sad	0.220	0.000	0.039	0.219	0.261	0.002	0.259
neutral	0.048	0.000	0.000	0.027	0.068	0.004	0.852
neutral	0.067	0.001	0.001	0.030	0.094	0.005	0.803
neutral	0.045	0.000	0.001	0.033	0.055	0.002	0.863
neutral	0.035	0.000	0.001	0.056	0.048	0.003	0.858
neutral	0.062	0.001	0.001	0.031	0.105	0.003	0.796
neutral	0.039	0.000	0.001	0.033	0.059	0.001	0.867
neutral	0.039	0.000	0.001	0.022	0.053	0.002	0.883
neutral	0.038	0.000	0.001	0.035	0.074	0.002	0.851
neutral	0.081	0.001	0.001	0.017	0.115	0.003	0.781
neutral	0.054	0.001	0.001	0.017	0.084	0.004	0.840
neutral	0.041	0.000	0.001	0.036	0.079	0.002	0.840
neutral	0.048	0.001	0.001	0.028	0.082	0.002	0.838
neutral	0.066	0.000	0.001	0.032	0.107	0.005	0.788
neutral	0.031	0.000	0.001	0.031	0.057	0.001	0.878
neutral	0.044	0.001	0.001	0.040	0.072	0.003	0.839
neutral	0.063	0.000	0.001	0.017	0.115	0.003	0.801
neutral	0.067	0.001	0.001	0.028	0.125	0.002	0.775
neutral	0.068	0.001	0.001	0.014	0.105	0.003	0.809
neutral	0.093	0.001	0.001	0.016	0.122	0.002	0.765
neutral	0.050	0.001	0.001	0.036	0.067	0.002	0.843
neutral	0.076	0.001	0.001	0.018	0.100	0.002	0.802
neutral	0.078	0.001	0.001	0.024	0.085	0.003	0.808
neutral	0.053	0.001	0.001	0.012	0.082	0.002	0.849
neutral	0.067	0.002	0.001	0.010	0.127	0.001	0.792
neutral	0.068	0.004	0.002	0.040	0.159	0.002	0.725
neutral	0.074	0.002	0.003	0.043	0.092	0.002	0.784
neutral	0.092	0.004	0.002	0.043	0.117	0.001	0.741
neutral	0.082	0.002	0.002	0.022	0.116	0.001	0.775
neutral	0.099	0.002	0.002	0.039	0.087	0.001	0.771
neutral	0.062	0.001	0.002	0.029	0.091	0.002	0.813
neutral	0.088	0.001	0.002	0.028	0.121	0.003	0.757
neutral	0.081	0.001	0.001	0.015	0.088	0.004	0.812
neutral	0.038	0.001	0.002	0.031	0.087	0.002	0.839
neutral	0.034	0.001	0.002	0.018	0.099	0.001	0.845
neutral	0.061	0.000	0.001	0.024	0.087	0.002	0.825
neutral	0.049	0.000	0.001	0.026	0.062	0.001	0.862
neutral	0.052	0.000	0.001	0.042	0.050	0.002	0.853
neutral	0.042	0.000	0.001	0.045	0.043	0.003	0.867
neutral	0.065	0.000	0.001	0.036	0.071	0.004	0.823
neutral	0.044	0.000	0.001	0.035	0.059	0.003	0.858
neutral	0.058	0.000	0.001	0.047	0.055	0.005	0.833
neutral	0.070	0.001	0.002	0.020	0.107	0.002	0.799
neutral	0.042	0.001	0.001	0.032	0.070	0.002	0.852
neutral	0.045	0.000	0.001	0.034	0.074	0.004	0.843
neutral	0.033	0.000	0.001	0.017	0.065	0.002	0.882
neutral	0.032	0.000	0.001	0.023	0.057	0.001	0.886
neutral	0.028	0.000	0.001	0.028	0.052	0.002	0.889
neutral	0.041	0.001	0.001	0.036	0.064	0.002	0.856
neutral	0.047	0.000	0.001	0.030	0.054	0.002	0.866
neutral	0.072	0.002	0.001	0.026	0.125	0.003	0.772
neutral	0.040	0.000	0.001	0.029	0.051	0.001	0.877
neutral	0.046	0.000	0.001	0.028	0.057	0.002	0.866
neutral	0.098	0.001	0.003	0.026	0.148	0.002	0.722
neutral	0.108	0.001	0.002	0.027	0.112	0.001	0.750
neutral	0.073	0.001	0.003	0.032	0.099	0.002	0.790
neutral	0.057	0.001	0.001	0.049	0.071	0.005	0.815
neutral	0.067	0.001	0.001	0.031	0.093	0.005	0.803
neutral	0.076	0.001	0.001	0.022	0.110	0.003	0.788
neutral	0.042	0.000	0.001	0.048	0.043	0.006	0.860
neutral	0.052	0.000	0.001	0.043	0.058	0.007	0.839
neutral	0.054	0.000	0.001	0.044	0.042	0.004	0.855
neutral	0.061	0.000	0.001	0.049	0.070	0.004	0.816
neutral	0.045	0.000	0.001	0.029	0.065	0.001	0.858
neutral	0.055	0.001	0.001	0.042	0.060	0.003	0.838
neutral	0.067	0.000	0.001	0.050	0.064	0.004	0.814
neutral	0.051	0.000	0.001	0.045	0.059	0.003	0.841
neutral	0.057	0.000	0.001	0.035	0.072	0.003	0.832
neutral	0.088	0.000	0.001	0.044	0.086	0.005	0.776
neutral	0.045	0.000	0.001	0.032	0.074	0.003	0.846
neutral	0.074	0.001	0.001	0.038	0.074	0.005	0.807
neutral	0.071	0.001	0.002	0.045	0.066	0.002	0.813
neutral	0.038	0.000	0.001	0.017	0.064	0.002	0.878
neutral	0.053	0.000	0.001	0.031	0.050	0.002	0.864
neutral	0.051	0.000	0.001	0.037	0.084	0.006	0.822
neutral	0.036	0.000	0.001	0.029	0.081	0.003	0.850
neutral	0.042	0.000	0.001	0.056	0.063	0.006	0.831
neutral	0.028	0.000	0.001	0.024	0.066	0.001	0.880
neutral	0.036	0.000	0.001	0.021	0.067	0.002	0.873
neutral	0.054	0.000	0.001	0.036	0.075	0.008	0.827
neutral	0.026	0.000	0.001	0.036	0.050	0.006	0.880
neutral	0.034	0.000	0.002	0.026	0.085	0.001	0.851
neutral	0.048	0.001	0.002	0.032	0.077	0.001	0.838
