prediction	angry	disgust	fear	happy	sad	surprise	neutral
neutral	0.146	0.000	0.026	0.078	0.147	0.009	0.595
neutral	0.066	0.000	0.093	0.113	0.237	0.081	0.411
neutral	0.249	0.001	0.070	0.102	0.233	0.023	0.323
angry	0.409	0.001	0.097	0.055	0.209	0.030	0.198
angry	0.379	0.001	0.088	0.064	0.186	0.009	0.274
angry	0.420	0.001	0.069	0.048	0.171	0.012	0.280
angry	0.277	0.000	0.232	0.067	0.209	0.022	0.193
angry	0.500	0.003	0.085	0.067	0.163	0.007	0.175
angry	0.294	0.001	0.144	0.119	0.173	0.008	0.262
angry	0.403	0.001	0.097	0.067	0.241	0.005	0.186
angry	0.379	0.002	0.033	0.067	0.301	0.003	0.216
angry	0.350	0.001	0.051	0.081	0.273	0.009	0.235
angry	0.410	0.000	0.012	0.051	0.256	0.004	0.267
angry	0.368	0.000	0.013	0.036	0.310	0.003	0.269
angry	0.394	0.000	0.025	0.039	0.254	0.008	0.279
angry	0.493	0.000	0.011	0.016	0.189	0.001	0.290
angry	0.406	0.000	0.025	0.050	0.144	0.007	0.368
angry	0.527	0.000	0.008	0.016	0.178	0.002	0.270
neutral	0.179	0.000	0.057	0.032	0.232	0.028	0.471
neutral	0.093	0.000	0.069	0.061	0.231	0.026	0.519
neutral	0.066	0.000	0.041	0.043	0.204	0.022	0.624
neutral	0.097	0.000	0.046	0.038	0.185	0.026	0.608
angry	0.556	0.000	0.021	0.020	0.249	0.005	0.149
angry	0.441	0.000	0.050	0.075	0.199	0.012	0.222
angry	0.366	0.000	0.113	0.046	0.170	0.008	0.297
angry	0.501	0.001	0.043	0.025	0.243	0.008	0.179
neutral	0.205	0.000	0.024	0.062	0.137	0.015	0.556
neutral	0.120	0.000	0.045	0.093	0.153	0.022	0.567
neutral	0.133	0.000	0.062	0.082	0.214	0.012	0.496
neutral	0.150	0.000	0.028	0.152	0.143	0.024	0.502
neutral	0.173	0.000	0.025	0.062	0.263	0.008	0.469
neutral	0.116	0.000	0.042	0.063	0.198	0.008	0.572
neutral	0.082	0.000	0.037	0.040	0.193	0.018	0.631
neutral	0.225	0.000	0.009	0.028	0.200	0.004	0.534
neutral	0.126	0.000	0.089	0.051	0.267	0.012	0.456
neutral	0.339	0.000	0.011	0.029	0.198	0.006	0.417
neutral	0.115	0.000	0.032	0.068	0.232	0.017	0.537
neutral	0.086	0.000	0.044	0.059	0.246	0.016	0.548
neutral	0.161	0.000	0.040	0.034	0.271	0.011	0.482
neutral	0.168	0.000	0.013	0.014	0.288	0.006	0.512
sad	0.146	0.000	0.016	0.020	0.421	0.003	0.394
neutral	0.226	0.000	0.019	0.025	0.348	0.007	0.376
neutral	0.254	0.000	0.016	0.039	0.280	0.011	0.400
neutral	0.195	0.000	0.022	0.052	0.304	0.006	0.421
neutral	0.104	0.000	0.037	0.048	0.357	0.009	0.445
neutral	0.085	0.000	0.043	0.019	0.327	0.010	0.516
sad	0.085	0.000	0.048	0.070	0.397	0.027	0.373
sad	0.069	0.000	0.051	0.048	0.411	0.017	0.405
sad	0.114	0.000	0.043	0.044	0.396	0.015	0.388
neutral	0.105	0.000	0.028	0.035	0.370	0.012	0.450
sad	0.166	0.000	0.015	0.072	0.524	0.007	0.217
sad	0.323	0.000	0.019	0.046	0.339	0.012	0.262
neutral	0.241	0.000	0.017	0.021	0.350	0.015	0.357
neutral	0.126	0.000	0.028	0.122	0.200	0.019	0.505
neutral	0.179	0.000	0.017	0.188	0.181	0.013	0.422
neutral	0.099	0.000	0.028	0.037	0.287	0.015	0.535
neutral	0.155	0.000	0.024	0.038	0.262	0.013	0.509
neutral	0.086	0.000	0.025	0.032	0.281	0.009	0.567
sad	0.112	0.000	0.014	0.035	0.505	0.007	0.326
sad	0.145	0.000	0.024	0.063	0.394	0.006	0.368
neutral	0.169	0.000	0.027	0.135	0.222	0.012	0.435
neutral	0.135	0.000	0.012	0.225	0.263	0.005	0.359
happy	0.057	0.000	0.012	0.496	0.147	0.006	0.282
neutral	0.141	0.000	0.018	0.225	0.213	0.009	0.394
neutral	0.070	0.000	0.022	0.117	0.357	0.010	0.425
neutral	0.057	0.000	0.008	0.037	0.427	0.006	0.465
neutral	0.051	0.000	0.019	0.009	0.381	0.006	0.535
neutral	0.033	0.000	0.012	0.022	0.292	0.006	0.634
neutral	0.042	0.000	0.011	0.018	0.334	0.008	0.587
neutral	0.072	0.000	0.007	0.059	0.329	0.004	0.529
neutral	0.061	0.000	0.006	0.048	0.357	0.003	0.524
neutral	0.067	0.000	0.005	0.019	0.419	0.002	0.488
neutral	0.058	0.000	0.004	0.021	0.387	0.002	0.528
neutral	0.063	0.000	0.006	0.014	0.352	0.003	0.563
sad	0.073	0.000	0.007	0.006	0.493	0.003	0.419
neutral	0.080	0.000	0.007	0.009	0.380	0.003	0.522
sad	0.118	0.000	0.011	0.011	0.524	0.004	0.333
neutral	0.086	0.000	0.016	0.005	0.385	0.006	0.502
neutral	0.047	0.000	0.082	0.035	0.221	0.178	0.436
neutral	0.053	0.000	0.047	0.008	0.222	0.279	0.390
neutral	0.078	0.000	0.038	0.018	0.310	0.179	0.377
neutral	0.143	0.000	0.034	0.009	0.372	0.014	0.428
neutral	0.181	0.000	0.027	0.010	0.314	0.013	0.456
neutral	0.222	0.000	0.021	0.012	0.221	0.009	0.516
neutral	0.187	0.000	0.034	0.033	0.159	0.015	0.571
neutral	0.264	0.000	0.015	0.019	0.267	0.020	0.414
happy	0.197	0.000	0.007	0.447	0.101	0.016	0.232
happy	0.103	0.000	0.004	0.456	0.112	0.012	0.313
happy	0.185	0.003	0.043	0.277	0.209	0.015	0.269
neutral	0.124	0.000	0.007	0.307	0.132	0.015	0.415
sad	0.278	0.000	0.030	0.071	0.308	0.015	0.299
neutral	0.102	0.000	0.024	0.037	0.099	0.024	0.714
neutral	0.085	0.000	0.026	0.044	0.045	0.028	0.772
neutral	0.075	0.000	0.024	0.036	0.049	0.008	0.809
neutral	0.126	0.000	0.031	0.161	0.069	0.022	0.591
neutral	0.146	0.000	0.019	0.029	0.070	0.011	0.725
neutral	0.182	0.000	0.040	0.032	0.083	0.015	0.649
neutral	0.096	0.000	0.017	0.082	0.032	0.009	0.764
neutral	0.155	0.000	0.044	0.079	0.049	0.006	0.667
neutral	0.128	0.000	0.019	0.063	0.057	0.004	0.728
neutral	0.170	0.000	0.037	0.032	0.042	0.006	0.713
neutral	0.161	0.000	0.047	0.034	0.054	0.018	0.687
neutral	0.103	0.000	0.032	0.028	0.052	0.009	0.776
neutral	0.183	0.000	0.023	0.036	0.053	0.011	0.694
neutral	0.228	0.000	0.040	0.036	0.072	0.012	0.611
neutral	0.126	0.000	0.022	0.052	0.016	0.011	0.773
neutral	0.083	0.000	0.048	0.051	0.058	0.008	0.753
neutral	0.088	0.000	0.030	0.164	0.026	0.012	0.679
neutral	0.168	0.000	0.028	0.134	0.022	0.014	0.633
neutral	0.116	0.000	0.024	0.027	0.052	0.008	0.773
neutral	0.081	0.000	0.026	0.121	0.036	0.015	0.721
neutral	0.147	0.000	0.068	0.026	0.052	0.016	0.690
neutral	0.122	0.000	0.057	0.022	0.080	0.005	0.713
neutral	0.075	0.000	0.033	0.023	0.049	0.005	0.815
neutral	0.209	0.000	0.030	0.012	0.057	0.004	0.689
neutral	0.216	0.000	0.020	0.039	0.055	0.010	0.660
neutral	0.051	0.000	0.027	0.048	0.086	0.006	0.782
neutral	0.106	0.000	0.026	0.026	0.100	0.007	0.734
neutral	0.306	0.000	0.023	0.059	0.081	0.013	0.519
neutral	0.227	0.000	0.027	0.071	0.024	0.007	0.644
neutral	0.337	0.000	0.031	0.047	0.058	0.004	0.523
neutral	0.238	0.000	0.024	0.044	0.084	0.008	0.601
angry	0.420	0.000	0.019	0.079	0.068	0.007	0.407
neutral	0.219	0.000	0.029	0.028	0.066	0.004	0.653
neutral	0.277	0.000	0.014	0.094	0.023	0.007	0.585
neutral	0.160	0.000	0.039	0.021	0.080	0.026	0.674
neutral	0.181	0.000	0.032	0.113	0.029	0.015	0.630
neutral	0.171	0.000	0.042	0.242	0.029	0.028	0.488
neutral	0.344	0.000	0.025	0.077	0.049	0.009	0.496
neutral	0.182	0.000	0.035	0.094	0.031	0.024	0.634
neutral	0.257	0.000	0.029	0.093	0.026	0.014	0.582
neutral	0.252	0.000	0.023	0.151	0.021	0.020	0.533
neutral	0.136	0.000	0.018	0.115	0.047	0.011	0.674
neutral	0.188	0.000	0.025	0.088	0.038	0.014	0.646
neutral	0.126	0.000	0.041	0.073	0.050	0.016	0.693
neutral	0.202	0.000	0.018	0.088	0.039	0.011	0.642
neutral	0.082	0.000	0.009	0.160	0.075	0.004	0.669
neutral	0.087	0.000	0.021	0.048	0.092	0.010	0.742
neutral	0.100	0.000	0.018	0.023	0.089	0.004	0.766
neutral	0.124	0.000	0.010	0.014	0.122	0.004	0.727
neutral	0.121	0.000	0.054	0.064	0.101	0.011	0.650
neutral	0.112	0.000	0.031	0.059	0.059	0.022	0.718
neutral	0.149	0.000	0.019	0.017	0.099	0.006	0.710
neutral	0.137	0.000	0.026	0.019	0.122	0.007	0.689
neutral	0.169	0.000	0.014	0.037	0.080	0.009	0.691
neutral	0.257	0.000	0.012	0.037	0.079	0.005	0.611
neutral	0.137	0.000	0.021	0.025	0.086	0.009	0.723
neutral	0.217	0.000	0.016	0.067	0.049	0.012	0.639
neutral	0.183	0.000	0.017	0.040	0.038	0.014	0.708
neutral	0.147	0.000	0.023	0.022	0.064	0.010	0.733
neutral	0.113	0.000	0.033	0.030	0.076	0.013	0.735
neutral	0.189	0.000	0.019	0.028	0.046	0.015	0.703
neutral	0.166	0.000	0.019	0.045	0.047	0.016	0.708
neutral	0.183	0.000	0.026	0.029	0.050	0.011	0.702
neutral	0.129	0.000	0.022	0.028	0.062	0.010	0.748
neutral	0.104	0.000	0.043	0.029	0.088	0.012	0.724
neutral	0.188	0.000	0.019	0.040	0.058	0.014	0.679
neutral	0.174	0.000	0.022	0.079	0.066	0.013	0.646
neutral	0.129	0.000	0.033	0.033	0.106	0.010	0.689
neutral	0.188	0.000	0.019	0.018	0.068	0.008	0.698
neutral	0.136	0.000	0.023	0.019	0.076	0.008	0.737
neutral	0.077	0.000	0.023	0.024	0.085	0.010	0.781
neutral	0.100	0.000	0.047	0.056	0.037	0.007	0.752
neutral	0.224	0.000	0.014	0.060	0.060	0.008	0.634
neutral	0.126	0.000	0.026	0.014	0.057	0.003	0.773
neutral	0.129	0.000	0.012	0.125	0.046	0.005	0.683
neutral	0.158	0.000	0.021	0.180	0.038	0.009	0.593
neutral	0.171	0.000	0.015	0.090	0.051	0.005	0.668
neutral	0.172	0.000	0.016	0.124	0.044	0.012	0.632
neutral	0.073	0.000	0.021	0.102	0.046	0.021	0.736
neutral	0.133	0.000	0.024	0.076	0.029	0.019	0.718
neutral	0.168	0.000	0.025	0.019	0.032	0.039	0.717
neutral	0.156	0.000	0.046	0.007	0.046	0.035	0.710
neutral	0.236	0.000	0.042	0.015	0.086	0.018	0.602
neutral	0.176	0.000	0.028	0.018	0.048	0.039	0.691
neutral	0.178	0.000	0.020	0.024	0.070	0.023	0.686
neutral	0.171	0.000	0.018	0.024	0.070	0.021	0.695
neutral	0.167	0.000	0.024	0.012	0.041	0.029	0.726
neutral	0.268	0.000	0.037	0.018	0.102	0.021	0.554
neutral	0.164	0.000	0.102	0.036	0.076	0.073	0.549
neutral	0.165	0.000	0.031	0.015	0.051	0.039	0.699
neutral	0.170	0.000	0.031	0.028	0.084	0.026	0.661
neutral	0.197	0.000	0.025	0.013	0.078	0.011	0.675
neutral	0.052	0.000	0.086	0.030	0.034	0.075	0.724
neutral	0.062	0.000	0.038	0.014	0.034	0.041	0.811
neutral	0.146	0.000	0.132	0.009	0.223	0.024	0.467
neutral	0.060	0.000	0.066	0.038	0.045	0.072	0.719
neutral	0.173	0.000	0.133	0.015	0.107	0.044	0.528
neutral	0.327	0.000	0.045	0.009	0.113	0.010	0.496
neutral	0.203	0.000	0.054	0.028	0.074	0.049	0.592
neutral	0.045	0.000	0.026	0.028	0.049	0.021	0.831
neutral	0.086	0.000	0.112	0.028	0.071	0.034	0.669
neutral	0.135	0.000	0.090	0.040	0.073	0.059	0.604
neutral	0.177	0.000	0.036	0.005	0.094	0.010	0.678
neutral	0.140	0.000	0.115	0.095	0.063	0.085	0.502
neutral	0.090	0.000	0.055	0.064	0.072	0.052	0.666
neutral	0.217	0.000	0.083	0.021	0.081	0.031	0.566
neutral	0.164	0.000	0.084	0.056	0.096	0.038	0.561
neutral	0.174	0.000	0.113	0.017	0.160	0.016	0.521
neutral	0.142	0.000	0.027	0.041	0.071	0.012	0.706
neutral	0.126	0.000	0.041	0.039	0.068	0.023	0.703
neutral	0.213	0.000	0.015	0.009	0.065	0.008	0.690
neutral	0.134	0.000	0.029	0.016	0.079	0.010	0.731
neutral	0.101	0.000	0.031	0.046	0.088	0.013	0.721
neutral	0.255	0.000	0.020	0.024	0.064	0.013	0.624
neutral	0.092	0.000	0.032	0.008	0.081	0.009	0.778
neutral	0.084	0.000	0.051	0.021	0.059	0.023	0.763
neutral	0.116	0.000	0.021	0.010	0.093	0.004	0.755
neutral	0.131	0.000	0.038	0.047	0.083	0.012	0.689
neutral	0.154	0.000	0.019	0.026	0.086	0.006	0.708
neutral	0.157	0.000	0.021	0.011	0.101	0.006	0.703
neutral	0.120	0.000	0.027	0.036	0.100	0.014	0.704
neutral	0.092	0.000	0.011	0.025	0.086	0.005	0.781
neutral	0.110	0.000	0.021	0.022	0.114	0.007	0.725
neutral	0.088	0.000	0.033	0.022	0.138	0.007	0.713
neutral	0.098	0.000	0.023	0.014	0.125	0.006	0.733
neutral	0.103	0.000	0.027	0.015	0.121	0.004	0.730
neutral	0.082	0.000	0.016	0.014	0.113	0.004	0.772
neutral	0.089	0.000	0.054	0.021	0.099	0.010	0.728
neutral	0.106	0.000	0.037	0.027	0.096	0.010	0.725
neutral	0.126	0.000	0.018	0.017	0.056	0.005	0.778
neutral	0.131	0.000	0.028	0.031	0.039	0.019	0.753
neutral	0.120	0.000	0.020	0.025	0.082	0.003	0.751
neutral	0.133	0.000	0.025	0.045	0.077	0.020	0.701
neutral	0.155	0.000	0.021	0.045	0.049	0.017	0.713
neutral	0.186	0.000	0.041	0.021	0.121	0.018	0.613
neutral	0.138	0.000	0.018	0.029	0.085	0.009	0.722
neutral	0.095	0.000	0.041	0.035	0.094	0.022	0.713
neutral	0.169	0.000	0.018	0.023	0.068	0.011	0.711
neutral	0.131	0.000	0.040	0.015	0.077	0.014	0.723
neutral	0.157	0.000	0.028	0.018	0.078	0.007	0.711
neutral	0.130	0.000	0.060	0.030	0.074	0.023	0.683
neutral	0.178	0.000	0.022	0.017	0.123	0.006	0.652
neutral	0.112	0.000	0.057	0.022	0.081	0.010	0.717
neutral	0.090	0.000	0.044	0.023	0.077	0.008	0.758
neutral	0.137	0.000	0.026	0.008	0.090	0.010	0.728
neutral	0.092	0.000	0.043	0.038	0.093	0.018	0.716
neutral	0.119	0.000	0.051	0.015	0.120	0.019	0.676
neutral	0.122	0.000	0.026	0.015	0.091	0.008	0.738
neutral	0.044	0.000	0.026	0.059	0.041	0.032	0.797
neutral	0.031	0.000	0.040	0.052	0.065	0.038	0.775
neutral	0.053	0.000	0.019	0.028	0.049	0.017	0.834
neutral	0.028	0.000	0.034	0.030	0.050	0.028	0.830
neutral	0.051	0.000	0.042	0.027	0.051	0.034	0.796
neutral	0.047	0.000	0.027	0.065	0.063	0.026	0.772
neutral	0.065	0.000	0.043	0.027	0.041	0.039	0.784
neutral	0.080	0.000	0.074	0.079	0.121	0.062	0.584
neutral	0.067	0.000	0.066	0.058	0.104	0.043	0.662
neutral	0.137	0.000	0.010	0.032	0.074	0.008	0.738
neutral	0.075	0.000	0.049	0.024	0.050	0.064	0.738
neutral	0.050	0.000	0.054	0.025	0.053	0.033	0.784
neutral	0.048	0.000	0.011	0.033	0.040	0.008	0.859
neutral	0.052	0.000	0.045	0.022	0.057	0.043	0.781
neutral	0.050	0.000	0.048	0.022	0.062	0.037	0.781
neutral	0.087	0.000	0.029	0.062	0.070	0.018	0.734
neutral	0.029	0.000	0.010	0.031	0.026	0.016	0.888
neutral	0.057	0.000	0.012	0.042	0.043	0.009	0.837
neutral	0.047	0.000	0.048	0.028	0.061	0.012	0.805
neutral	0.046	0.000	0.017	0.040	0.049	0.009	0.839
neutral	0.049	0.000	0.016	0.027	0.030	0.017	0.861
neutral	0.068	0.000	0.053	0.038	0.064	0.023	0.754
neutral	0.052	0.000	0.036	0.023	0.082	0.014	0.793
neutral	0.048	0.000	0.025	0.050	0.126	0.007	0.744
neutral	0.032	0.000	0.012	0.023	0.033	0.011	0.889
neutral	0.029	0.000	0.021	0.042	0.026	0.031	0.852
neutral	0.036	0.000	0.017	0.041	0.060	0.009	0.837
neutral	0.050	0.000	0.020	0.033	0.063	0.017	0.817
neutral	0.043	0.000	0.012	0.021	0.116	0.010	0.799
neutral	0.097	0.000	0.020	0.036	0.161	0.005	0.681
neutral	0.045	0.000	0.035	0.012	0.257	0.009	0.642
neutral	0.040	0.000	0.025	0.014	0.280	0.007	0.635
neutral	0.031	0.000	0.017	0.016	0.098	0.009	0.828
neutral	0.029	0.000	0.015	0.008	0.262	0.004	0.681
neutral	0.018	0.000	0.015	0.009	0.139	0.005	0.814
neutral	0.030	0.000	0.017	0.015	0.073	0.004	0.861
neutral	0.030	0.000	0.015	0.023	0.049	0.007	0.876
neutral	0.029	0.000	0.017	0.012	0.059	0.007	0.876
neutral	0.021	0.000	0.012	0.015	0.145	0.008	0.799
neutral	0.026	0.000	0.018	0.011	0.111	0.010	0.824
neutral	0.014	0.000	0.015	0.011	0.083	0.010	0.868
neutral	0.015	0.000	0.017	0.009	0.110	0.006	0.842
neutral	0.019	0.000	0.021	0.020	0.076	0.026	0.837
neutral	0.016	0.000	0.022	0.012	0.094	0.010	0.846
neutral	0.022	0.000	0.016	0.007	0.104	0.004	0.847
neutral	0.028	0.000	0.016	0.007	0.188	0.006	0.754
neutral	0.030	0.000	0.016	0.016	0.143	0.012	0.783
neutral	0.036	0.000	0.026	0.012	0.271	0.009	0.645
neutral	0.044	0.000	0.023	0.023	0.256	0.006	0.648
neutral	0.028	0.000	0.023	0.026	0.217	0.005	0.701
neutral	0.047	0.000	0.018	0.019	0.230	0.004	0.682
neutral	0.048	0.000	0.009	0.016	0.162	0.003	0.762
neutral	0.062	0.000	0.019	0.034	0.149	0.005	0.731
neutral	0.028	0.000	0.043	0.016	0.424	0.007	0.482
neutral	0.043	0.000	0.008	0.018	0.221	0.002	0.708
sad	0.056	0.000	0.052	0.035	0.507	0.005	0.345
neutral	0.042	0.000	0.010	0.034	0.113	0.003	0.798
neutral	0.080	0.000	0.005	0.003	0.297	0.001	0.613
neutral	0.130	0.000	0.008	0.005	0.170	0.006	0.680
neutral	0.091	0.000	0.011	0.016	0.144	0.007	0.731
neutral	0.121	0.000	0.007	0.006	0.124	0.004	0.737
neutral	0.093	0.000	0.009	0.026	0.169	0.003	0.700
neutral	0.063	0.000	0.010	0.021	0.106	0.006	0.794
neutral	0.050	0.000	0.009	0.095	0.052	0.007	0.786
neutral	0.067	0.000	0.030	0.042	0.134	0.009	0.718
neutral	0.077	0.000	0.017	0.018	0.075	0.007	0.805
neutral	0.023	0.000	0.012	0.021	0.037	0.007	0.900
neutral	0.046	0.000	0.008	0.034	0.084	0.007	0.821
neutral	0.036	0.000	0.033	0.029	0.057	0.023	0.823
neutral	0.022	0.000	0.016	0.028	0.036	0.014	0.883
neutral	0.032	0.000	0.029	0.017	0.060	0.022	0.840
neutral	0.024	0.000	0.018	0.041	0.035	0.022	0.860
neutral	0.043	0.000	0.017	0.020	0.084	0.013	0.823
neutral	0.043	0.000	0.020	0.023	0.132	0.008	0.775
neutral	0.028	0.000	0.006	0.059	0.117	0.004	0.786
neutral	0.033	0.000	0.031	0.041	0.102	0.014	0.778
neutral	0.048	0.000	0.026	0.043	0.266	0.012	0.606
neutral	0.034	0.000	0.066	0.072	0.171	0.022	0.635
neutral	0.042	0.000	0.069	0.036	0.166	0.018	0.670
neutral	0.064	0.000	0.030	0.064	0.240	0.013	0.590
neutral	0.033	0.000	0.027	0.065	0.148	0.012	0.714
neutral	0.044	0.000	0.032	0.035	0.172	0.016	0.700
neutral	0.024	0.000	0.028	0.028	0.121	0.016	0.783
neutral	0.036	0.000	0.020	0.019	0.120	0.013	0.793
neutral	0.020	0.000	0.023	0.038	0.119	0.010	0.790
neutral	0.030	0.000	0.032	0.023	0.087	0.018	0.809
neutral	0.032	0.000	0.048	0.046	0.122	0.026	0.727
neutral	0.040	0.000	0.019	0.025	0.117	0.013	0.786
neutral	0.066	0.000	0.038	0.024	0.113	0.023	0.736
neutral	0.066	0.000	0.031	0.039	0.101	0.020	0.742
neutral	0.061	0.000	0.030	0.025	0.109	0.017	0.758
neutral	0.065	0.000	0.022	0.027	0.057	0.015	0.813
neutral	0.043	0.000	0.008	0.024	0.167	0.007	0.751
neutral	0.103	0.000	0.015	0.017	0.172	0.006	0.686
neutral	0.056	0.000	0.009	0.034	0.129	0.008	0.763
neutral	0.043	0.000	0.005	0.021	0.142	0.005	0.785
neutral	0.077	0.000	0.022	0.009	0.191	0.010	0.692
neutral	0.028	0.000	0.010	0.018	0.119	0.005	0.819
neutral	0.056	0.000	0.012	0.032	0.131	0.014	0.755
neutral	0.045	0.000	0.026	0.039	0.179	0.014	0.697
neutral	0.037	0.000	0.017	0.078	0.101	0.013	0.755
neutral	0.073	0.000	0.033	0.036	0.230	0.013	0.615
neutral	0.033	0.000	0.014	0.016	0.156	0.010	0.770
neutral	0.029	0.000	0.011	0.009	0.124	0.004	0.823
neutral	0.032	0.000	0.007	0.015	0.128	0.005	0.813
neutral	0.025	0.000	0.007	0.010	0.104	0.003	0.851
neutral	0.027	0.000	0.008	0.012	0.109	0.004	0.841
neutral	0.030	0.000	0.012	0.018	0.140	0.007	0.793
neutral	0.042	0.000	0.008	0.019	0.127	0.007	0.797
neutral	0.063	0.000	0.010	0.021	0.170	0.010	0.726
neutral	0.056	0.000	0.012	0.013	0.183	0.006	0.730
neutral	0.084	0.000	0.022	0.056	0.164	0.025	0.649
neutral	0.035	0.000	0.039	0.049	0.136	0.037	0.704
neutral	0.035	0.000	0.049	0.026	0.168	0.040	0.682
neutral	0.048	0.000	0.022	0.029	0.169	0.028	0.703
neutral	0.065	0.000	0.015	0.039	0.196	0.012	0.672
neutral	0.032	0.000	0.016	0.009	0.161	0.013	0.769
neutral	0.042	0.000	0.011	0.009	0.106	0.010	0.821
neutral	0.081	0.000	0.013	0.018	0.202	0.006	0.680
neutral	0.044	0.000	0.032	0.016	0.183	0.014	0.711
neutral	0.045	0.000	0.014	0.014	0.159	0.010	0.759
neutral	0.026	0.000	0.010	0.008	0.119	0.006	0.832
neutral	0.042	0.000	0.031	0.047	0.177	0.017	0.686
neutral	0.041	0.000	0.014	0.029	0.151	0.018	0.746
neutral	0.080	0.000	0.042	0.023	0.177	0.013	0.665
neutral	0.066	0.000	0.037	0.029	0.142	0.025	0.701
neutral	0.059	0.000	0.031	0.044	0.150	0.022	0.694
neutral	0.065	0.000	0.022	0.012	0.192	0.013	0.696
neutral	0.050	0.000	0.043	0.087	0.188	0.023	0.609
neutral	0.071	0.000	0.019	0.014	0.166	0.013	0.716
neutral	0.040	0.000	0.028	0.018	0.187	0.012	0.715
neutral	0.055	0.000	0.031	0.019	0.235	0.014	0.647
neutral	0.044	0.000	0.021	0.014	0.152	0.007	0.762
neutral	0.059	0.000	0.058	0.083	0.189	0.030	0.581
neutral	0.060	0.000	0.016	0.020	0.198	0.007	0.699
neutral	0.061	0.000	0.021	0.019	0.169	0.019	0.711
neutral	0.056	0.000	0.025	0.013	0.165	0.015	0.727
neutral	0.055	0.000	0.018	0.022	0.166	0.015	0.725
neutral	0.056	0.000	0.028	0.017	0.174	0.015	0.710
neutral	0.058	0.000	0.023	0.010	0.171	0.015	0.723
neutral	0.105	0.000	0.021	0.027	0.148	0.020	0.679
neutral	0.060	0.000	0.018	0.025	0.129	0.014	0.753
neutral	0.053	0.000	0.026	0.016	0.122	0.022	0.762
neutral	0.051	0.000	0.070	0.030	0.213	0.056	0.580
neutral	0.057	0.000	0.006	0.050	0.068	0.015	0.804
neutral	0.032	0.000	0.027	0.016	0.254	0.009	0.663
neutral	0.075	0.000	0.018	0.014	0.152	0.018	0.723
neutral	0.054	0.000	0.020	0.024	0.154	0.013	0.735
neutral	0.062	0.000	0.029	0.013	0.194	0.016	0.686
neutral	0.044	0.000	0.029	0.011	0.254	0.005	0.657
neutral	0.071	0.000	0.018	0.021	0.148	0.010	0.731
neutral	0.033	0.000	0.020	0.017	0.176	0.014	0.740
neutral	0.027	0.000	0.019	0.009	0.219	0.006	0.720
neutral	0.049	0.000	0.013	0.011	0.106	0.011	0.810
neutral	0.061	0.000	0.012	0.019	0.140	0.012	0.757
neutral	0.076	0.000	0.025	0.051	0.114	0.033	0.702
neutral	0.064	0.000	0.012	0.020	0.166	0.010	0.728
neutral	0.024	0.000	0.009	0.009	0.124	0.007	0.826
neutral	0.040	0.000	0.009	0.013	0.130	0.005	0.803
neutral	0.050	0.000	0.018	0.006	0.200	0.009	0.717
neutral	0.052	0.000	0.011	0.019	0.138	0.010	0.770
neutral	0.049	0.000	0.026	0.012	0.215	0.018	0.680
neutral	0.026	0.000	0.015	0.016	0.124	0.011	0.808
neutral	0.031	0.000	0.008	0.019	0.090	0.013	0.840
neutral	0.062	0.000	0.008	0.009	0.110	0.009	0.801
neutral	0.067	0.000	0.021	0.087	0.115	0.027	0.683
neutral	0.093	0.000	0.017	0.035	0.116	0.024	0.716
neutral	0.102	0.000	0.021	0.028	0.115	0.022	0.713
neutral	0.087	0.000	0.028	0.049	0.156	0.030	0.651
neutral	0.085	0.000	0.015	0.023	0.145	0.018	0.714
neutral	0.035	0.000	0.039	0.035	0.067	0.062	0.762
neutral	0.095	0.000	0.038	0.030	0.181	0.019	0.637
neutral	0.055	0.000	0.055	0.021	0.233	0.014	0.623
sad	0.113	0.000	0.133	0.032	0.423	0.025	0.274
angry	0.769	0.030	0.019	0.053	0.062	0.016	0.052
sad	0.042	0.000	0.162	0.049	0.362	0.069	0.315
sad	0.014	0.000	0.328	0.006	0.477	0.108	0.066
sad	0.018	0.000	0.349	0.010	0.483	0.095	0.046
sad	0.016	0.000	0.305	0.020	0.312	0.113	0.234
sad	0.052	0.000	0.323	0.040	0.338	0.032	0.214
neutral	0.092	0.000	0.009	0.027	0.146	0.004	0.722
neutral	0.013	0.000	0.004	0.044	0.161	0.002	0.775
neutral	0.049	0.000	0.022	0.230	0.164	0.006	0.530
neutral	0.030	0.000	0.151	0.069	0.092	0.050	0.608
neutral	0.040	0.000	0.050	0.048	0.157	0.022	0.683
neutral	0.042	0.000	0.060	0.040	0.150	0.020	0.687
neutral	0.076	0.000	0.058	0.020	0.091	0.023	0.732
neutral	0.024	0.000	0.013	0.017	0.081	0.009	0.856
neutral	0.086	0.000	0.016	0.009	0.060	0.006	0.824
neutral	0.026	0.000	0.028	0.028	0.086	0.013	0.817
neutral	0.062	0.000	0.038	0.020	0.093	0.007	0.779
neutral	0.058	0.000	0.020	0.043	0.104	0.011	0.764
neutral	0.049	0.000	0.012	0.036	0.032	0.009	0.862
neutral	0.020	0.000	0.016	0.057	0.112	0.007	0.788
neutral	0.018	0.000	0.015	0.097	0.042	0.015	0.813
neutral	0.021	0.000	0.023	0.059	0.027	0.029	0.841
neutral	0.063	0.000	0.022	0.070	0.115	0.018	0.711
neutral	0.102	0.000	0.018	0.140	0.254	0.022	0.464
neutral	0.110	0.000	0.014	0.103	0.198	0.023	0.553
neutral	0.134	0.000	0.008	0.215	0.267	0.011	0.365
sad	0.259	0.000	0.007	0.145	0.358	0.021	0.210
neutral	0.237	0.000	0.004	0.156	0.220	0.007	0.377
angry	0.336	0.000	0.004	0.159	0.259	0.009	0.233
happy	0.177	0.000	0.005	0.366	0.158	0.011	0.283
neutral	0.126	0.000	0.007	0.186	0.293	0.009	0.379
happy	0.136	0.000	0.009	0.384	0.159	0.028	0.284
happy	0.117	0.000	0.012	0.324	0.246	0.029	0.271
neutral	0.164	0.000	0.007	0.323	0.139	0.039	0.329
neutral	0.228	0.000	0.008	0.124	0.247	0.021	0.372
happy	0.199	0.000	0.006	0.366	0.127	0.032	0.269
neutral	0.231	0.000	0.009	0.175	0.235	0.018	0.332
neutral	0.263	0.000	0.009	0.099	0.279	0.015	0.335
happy	0.075	0.000	0.006	0.665	0.084	0.015	0.155
happy	0.136	0.000	0.005	0.483	0.088	0.013	0.274
happy	0.154	0.000	0.005	0.402	0.096	0.013	0.330
neutral	0.168	0.000	0.007	0.322	0.123	0.014	0.367
neutral	0.144	0.000	0.007	0.294	0.125	0.020	0.411
neutral	0.222	0.000	0.008	0.262	0.142	0.029	0.337
neutral	0.207	0.000	0.006	0.258	0.187	0.013	0.329
sad	0.135	0.000	0.008	0.229	0.315	0.008	0.305
angry	0.404	0.000	0.006	0.076	0.215	0.033	0.265
neutral	0.241	0.000	0.009	0.203	0.246	0.018	0.283
neutral	0.212	0.000	0.006	0.167	0.180	0.035	0.400
neutral	0.146	0.000	0.006	0.297	0.173	0.032	0.344
neutral	0.138	0.000	0.004	0.289	0.190	0.020	0.359
neutral	0.153	0.000	0.005	0.323	0.150	0.017	0.353
neutral	0.194	0.000	0.006	0.103	0.214	0.022	0.461
happy	0.145	0.000	0.004	0.358	0.180	0.012	0.302
neutral	0.161	0.000	0.007	0.237	0.208	0.021	0.366
neutral	0.169	0.000	0.004	0.260	0.149	0.019	0.399
neutral	0.156	0.000	0.004	0.313	0.178	0.016	0.334
neutral	0.235	0.000	0.007	0.149	0.193	0.024	0.392
neutral	0.148	0.000	0.005	0.198	0.176	0.032	0.441
neutral	0.219	0.000	0.003	0.210	0.243	0.011	0.313
neutral	0.200	0.000	0.007	0.172	0.179	0.038	0.404
neutral	0.235	0.000	0.010	0.139	0.223	0.034	0.358
neutral	0.197	0.000	0.009	0.176	0.202	0.040	0.375
neutral	0.187	0.000	0.006	0.242	0.186	0.035	0.344
happy	0.164	0.000	0.004	0.355	0.162	0.022	0.294
neutral	0.257	0.000	0.007	0.075	0.210	0.033	0.417
neutral	0.226	0.000	0.005	0.261	0.140	0.029	0.339
neutral	0.313	0.000	0.007	0.057	0.256	0.018	0.350
happy	0.174	0.000	0.004	0.381	0.111	0.040	0.289
neutral	0.177	0.000	0.005	0.255	0.178	0.013	0.372
neutral	0.225	0.000	0.009	0.160	0.229	0.023	0.353
neutral	0.245	0.000	0.006	0.171	0.187	0.015	0.374
neutral	0.231	0.000	0.008	0.203	0.201	0.016	0.341
angry	0.365	0.000	0.008	0.126	0.213	0.016	0.271
sad	0.260	0.000	0.008	0.195	0.269	0.019	0.250
sad	0.290	0.000	0.005	0.107	0.294	0.011	0.293
sad	0.279	0.000	0.009	0.155	0.293	0.015	0.249
angry	0.283	0.000	0.007	0.222	0.242	0.019	0.227
angry	0.318	0.000	0.005	0.094	0.276	0.014	0.293
sad	0.284	0.000	0.007	0.158	0.298	0.022	0.231
sad	0.181	0.000	0.005	0.263	0.301	0.014	0.236
angry	0.393	0.000	0.012	0.105	0.216	0.016	0.257
angry	0.344	0.000	0.009	0.165	0.203	0.016	0.261
sad	0.265	0.000	0.014	0.132	0.337	0.016	0.237
neutral	0.280	0.000	0.009	0.116	0.272	0.014	0.308
neutral	0.237	0.000	0.010	0.201	0.264	0.015	0.272
angry	0.314	0.000	0.016	0.130	0.270	0.024	0.246
sad	0.225	0.000	0.012	0.190	0.322	0.020	0.231
neutral	0.207	0.000	0.012	0.157	0.287	0.020	0.317
angry	0.354	0.000	0.012	0.157	0.211	0.024	0.243
angry	0.414	0.000	0.009	0.095	0.205	0.019	0.258
neutral	0.301	0.000	0.009	0.107	0.250	0.016	0.317
sad	0.237	0.000	0.012	0.184	0.349	0.012	0.207
angry	0.310	0.000	0.017	0.172	0.287	0.018	0.197
neutral	0.302	0.000	0.013	0.090	0.258	0.023	0.314
neutral	0.239	0.000	0.012	0.083	0.314	0.014	0.337
neutral	0.210	0.000	0.011	0.080	0.295	0.018	0.386
neutral	0.286	0.000	0.016	0.096	0.277	0.021	0.304
neutral	0.277	0.000	0.018	0.124	0.262	0.026	0.293
sad	0.159	0.000	0.019	0.214	0.314	0.029	0.264
sad	0.249	0.000	0.018	0.113	0.328	0.019	0.272
sad	0.281	0.000	0.011	0.056	0.337	0.019	0.297
neutral	0.272	0.000	0.008	0.056	0.311	0.010	0.342
sad	0.161	0.000	0.010	0.279	0.294	0.012	0.245
sad	0.205	0.000	0.010	0.220	0.288	0.014	0.263
happy	0.184	0.000	0.009	0.286	0.280	0.011	0.231
happy	0.159	0.000	0.017	0.284	0.249	0.020	0.271
sad	0.224	0.000	0.012	0.258	0.271	0.017	0.218
neutral	0.224	0.000	0.013	0.146	0.291	0.019	0.306
neutral	0.157	0.000	0.008	0.211	0.276	0.014	0.335
angry	0.343	0.000	0.010	0.134	0.215	0.029	0.269
neutral	0.199	0.000	0.011	0.181	0.209	0.023	0.377
happy	0.151	0.000	0.008	0.354	0.208	0.021	0.257
neutral	0.138	0.000	0.007	0.262	0.219	0.012	0.362
neutral	0.188	0.000	0.010	0.162	0.251	0.019	0.369
angry	0.289	0.000	0.009	0.239	0.175	0.036	0.252
angry	0.308	0.000	0.013	0.077	0.292	0.021	0.288
neutral	0.232	0.000	0.013	0.219	0.251	0.021	0.264
sad	0.217	0.000	0.017	0.141	0.346	0.017	0.263
neutral	0.237	0.000	0.011	0.168	0.227	0.023	0.335
neutral	0.198	0.000	0.015	0.203	0.253	0.030	0.300
sad	0.239	0.000	0.008	0.214	0.268	0.009	0.261
neutral	0.176	0.000	0.011	0.091	0.291	0.012	0.418
neutral	0.182	0.000	0.007	0.112	0.261	0.010	0.427
happy	0.198	0.000	0.008	0.332	0.186	0.013	0.262
neutral	0.203	0.000	0.012	0.103	0.328	0.013	0.341
sad	0.166	0.000	0.012	0.166	0.331	0.019	0.306
neutral	0.185	0.000	0.011	0.216	0.234	0.026	0.329
neutral	0.212	0.000	0.007	0.216	0.234	0.019	0.312
angry	0.372	0.000	0.011	0.113	0.240	0.031	0.233
angry	0.303	0.000	0.012	0.199	0.170	0.032	0.283
neutral	0.223	0.000	0.011	0.251	0.196	0.030	0.289
angry	0.286	0.000	0.011	0.183	0.205	0.036	0.279
neutral	0.266	0.000	0.010	0.066	0.265	0.030	0.363
neutral	0.261	0.000	0.009	0.222	0.181	0.020	0.307
happy	0.243	0.000	0.010	0.270	0.219	0.024	0.233
neutral	0.188	0.000	0.009	0.180	0.233	0.026	0.364
happy	0.242	0.000	0.007	0.327	0.143	0.022	0.258
neutral	0.236	0.000	0.008	0.114	0.246	0.022	0.375
sad	0.293	0.000	0.011	0.050	0.337	0.022	0.287
neutral	0.258	0.000	0.007	0.126	0.273	0.024	0.311
neutral	0.209	0.000	0.010	0.200	0.196	0.023	0.363
neutral	0.142	0.000	0.011	0.125	0.298	0.016	0.408
happy	0.190	0.000	0.009	0.350	0.154	0.027	0.270
angry	0.323	0.000	0.012	0.200	0.203	0.029	0.233
neutral	0.151	0.000	0.014	0.270	0.240	0.034	0.291
neutral	0.280	0.000	0.011	0.191	0.190	0.031	0.297
happy	0.242	0.000	0.011	0.254	0.235	0.030	0.227
happy	0.228	0.000	0.010	0.300	0.185	0.027	0.250
neutral	0.226	0.000	0.011	0.114	0.247	0.018	0.384
angry	0.371	0.000	0.009	0.095	0.239	0.020	0.265
angry	0.405	0.000	0.009	0.123	0.218	0.029	0.216
angry	0.327	0.000	0.016	0.181	0.201	0.065	0.210
sad	0.119	0.000	0.010	0.144	0.422	0.008	0.297
sad	0.110	0.000	0.018	0.060	0.668	0.003	0.140
sad	0.129	0.000	0.031	0.033	0.583	0.003	0.222
sad	0.144	0.000	0.019	0.027	0.632	0.003	0.176
sad	0.120	0.000	0.009	0.019	0.642	0.003	0.207
sad	0.128	0.000	0.017	0.051	0.566	0.007	0.230
sad	0.185	0.000	0.012	0.040	0.500	0.003	0.260
sad	0.213	0.000	0.021	0.055	0.392	0.024	0.294
sad	0.126	0.000	0.012	0.058	0.417	0.005	0.381
sad	0.107	0.000	0.017	0.050	0.496	0.009	0.322
neutral	0.165	0.000	0.008	0.062	0.349	0.010	0.407
sad	0.177	0.000	0.010	0.044	0.386	0.015	0.367
neutral	0.165	0.000	0.012	0.073	0.329	0.016	0.405
sad	0.213	0.000	0.008	0.063	0.411	0.020	0.285
sad	0.166	0.000	0.006	0.082	0.380	0.014	0.352
sad	0.117	0.000	0.011	0.065	0.406	0.012	0.388
sad	0.118	0.000	0.016	0.102	0.393	0.013	0.358
sad	0.134	0.000	0.010	0.092	0.414	0.007	0.343
sad	0.137	0.000	0.012	0.085	0.415	0.014	0.336
sad	0.146	0.000	0.014	0.083	0.402	0.017	0.338
neutral	0.130	0.000	0.014	0.108	0.321	0.015	0.413
sad	0.133	0.000	0.009	0.088	0.394	0.012	0.363
neutral	0.163	0.000	0.014	0.061	0.361	0.011	0.390
neutral	0.157	0.000	0.017	0.084	0.353	0.017	0.372
sad	0.201	0.000	0.023	0.063	0.396	0.024	0.292
sad	0.170	0.000	0.020	0.074	0.389	0.019	0.327
sad	0.201	0.000	0.015	0.046	0.387	0.011	0.341
sad	0.151	0.000	0.017	0.090	0.377	0.017	0.348
sad	0.211	0.000	0.016	0.053	0.394	0.011	0.315
sad	0.173	0.000	0.008	0.116	0.386	0.010	0.306
neutral	0.154	0.000	0.011	0.086	0.347	0.021	0.381
sad	0.212	0.000	0.021	0.065	0.368	0.030	0.304
neutral	0.104	0.000	0.006	0.219	0.306	0.010	0.355
neutral	0.131	0.000	0.011	0.111	0.306	0.019	0.422
neutral	0.182	0.000	0.020	0.071	0.347	0.027	0.352
neutral	0.206	0.000	0.012	0.043	0.310	0.015	0.415
sad	0.137	0.000	0.009	0.094	0.495	0.008	0.258
sad	0.144	0.000	0.008	0.164	0.417	0.008	0.259
happy	0.098	0.000	0.005	0.301	0.295	0.015	0.286
sad	0.134	0.000	0.007	0.053	0.442	0.013	0.351
sad	0.166	0.000	0.012	0.093	0.364	0.008	0.357
neutral	0.167	0.000	0.008	0.041	0.369	0.011	0.404
sad	0.191	0.000	0.012	0.038	0.393	0.013	0.354
neutral	0.110	0.000	0.015	0.063	0.307	0.018	0.488
neutral	0.265	0.000	0.014	0.076	0.277	0.026	0.342
neutral	0.256	0.000	0.016	0.062	0.315	0.020	0.330
neutral	0.132	0.000	0.014	0.143	0.254	0.017	0.440
neutral	0.243	0.004	0.029	0.065	0.255	0.002	0.402
neutral	0.212	0.004	0.140	0.151	0.201	0.005	0.286
neutral	0.188	0.000	0.034	0.077	0.220	0.007	0.473
sad	0.140	0.000	0.034	0.013	0.585	0.009	0.218
sad	0.113	0.000	0.033	0.044	0.435	0.015	0.359
neutral	0.070	0.000	0.034	0.046	0.391	0.017	0.443
sad	0.099	0.000	0.047	0.062	0.563	0.007	0.221
neutral	0.164	0.000	0.035	0.039	0.372	0.018	0.373
sad	0.112	0.000	0.032	0.036	0.471	0.021	0.328
neutral	0.179	0.000	0.018	0.073	0.259	0.024	0.447
neutral	0.118	0.000	0.016	0.105	0.348	0.008	0.406
neutral	0.114	0.000	0.009	0.047	0.315	0.007	0.508
neutral	0.116	0.000	0.011	0.060	0.348	0.009	0.456
sad	0.132	0.000	0.021	0.089	0.384	0.012	0.362
neutral	0.145	0.000	0.017	0.092	0.358	0.019	0.369
sad	0.134	0.000	0.016	0.065	0.395	0.012	0.378
sad	0.126	0.000	0.012	0.038	0.430	0.008	0.386
sad	0.125	0.000	0.019	0.167	0.372	0.014	0.302
sad	0.162	0.000	0.026	0.122	0.424	0.020	0.247
neutral	0.186	0.000	0.017	0.055	0.361	0.013	0.368
sad	0.145	0.000	0.022	0.104	0.406	0.016	0.307
sad	0.168	0.000	0.009	0.026	0.402	0.010	0.384
sad	0.192	0.000	0.014	0.064	0.407	0.011	0.312
neutral	0.146	0.000	0.008	0.062	0.367	0.008	0.409
sad	0.149	0.000	0.009	0.023	0.442	0.007	0.370
neutral	0.158	0.000	0.015	0.050	0.330	0.010	0.437
neutral	0.114	0.000	0.006	0.039	0.376	0.006	0.459
sad	0.140	0.000	0.007	0.038	0.418	0.005	0.392
neutral	0.094	0.000	0.009	0.065	0.300	0.008	0.524
neutral	0.163	0.000	0.006	0.086	0.266	0.012	0.466
neutral	0.133	0.000	0.006	0.031	0.304	0.008	0.519
neutral	0.169	0.000	0.007	0.025	0.314	0.009	0.476
neutral	0.153	0.000	0.008	0.034	0.299	0.008	0.498
neutral	0.212	0.000	0.011	0.035	0.350	0.018	0.374
neutral	0.144	0.000	0.005	0.026	0.265	0.006	0.554
neutral	0.185	0.000	0.009	0.038	0.320	0.012	0.436
neutral	0.230	0.000	0.010	0.037	0.349	0.014	0.360
neutral	0.233	0.000	0.007	0.047	0.323	0.012	0.378
neutral	0.161	0.000	0.004	0.025	0.308	0.006	0.497
neutral	0.157	0.000	0.005	0.034	0.254	0.012	0.538
neutral	0.110	0.000	0.014	0.047	0.349	0.014	0.465
neutral	0.133	0.000	0.014	0.092	0.371	0.006	0.384
neutral	0.140	0.000	0.006	0.033	0.343	0.008	0.470
neutral	0.128	0.000	0.004	0.018	0.238	0.005	0.608
neutral	0.145	0.000	0.008	0.041	0.322	0.012	0.472
neutral	0.129	0.000	0.005	0.033	0.289	0.006	0.537
neutral	0.116	0.000	0.005	0.035	0.266	0.007	0.571
neutral	0.141	0.000	0.005	0.018	0.314	0.005	0.517
neutral	0.169	0.000	0.005	0.023	0.319	0.008	0.476
neutral	0.121	0.000	0.007	0.020	0.392	0.009	0.451
neutral	0.148	0.000	0.005	0.081	0.266	0.008	0.492
neutral	0.121	0.000	0.004	0.040	0.268	0.009	0.559
neutral	0.158	0.000	0.005	0.024	0.304	0.005	0.504
neutral	0.201	0.000	0.005	0.038	0.272	0.009	0.475
neutral	0.127	0.000	0.005	0.068	0.322	0.009	0.469
neutral	0.183	0.000	0.006	0.045	0.338	0.009	0.420
neutral	0.135	0.000	0.007	0.030	0.378	0.007	0.442
neutral	0.141	0.000	0.006	0.076	0.373	0.012	0.392
sad	0.225	0.000	0.015	0.034	0.393	0.017	0.317
sad	0.150	0.000	0.006	0.049	0.406	0.008	0.381
neutral	0.171	0.000	0.004	0.065	0.322	0.009	0.429
neutral	0.169	0.000	0.005	0.062	0.363	0.009	0.392
neutral	0.130	0.000	0.005	0.135	0.322	0.011	0.397
sad	0.187	0.000	0.005	0.052	0.374	0.009	0.373
neutral	0.170	0.000	0.005	0.092	0.327	0.009	0.396
sad	0.142	0.000	0.006	0.034	0.434	0.007	0.378
neutral	0.187	0.000	0.005	0.023	0.387	0.006	0.392
neutral	0.164	0.000	0.004	0.041	0.376	0.007	0.408
sad	0.154	0.000	0.006	0.029	0.419	0.008	0.384
neutral	0.139	0.000	0.016	0.041	0.328	0.028	0.448
neutral	0.240	0.000	0.012	0.073	0.316	0.026	0.333
neutral	0.177	0.000	0.004	0.060	0.355	0.006	0.398
neutral	0.142	0.000	0.003	0.025	0.406	0.003	0.420
sad	0.155	0.000	0.007	0.027	0.424	0.008	0.380
neutral	0.212	0.000	0.008	0.030	0.357	0.009	0.383
neutral	0.240	0.000	0.007	0.033	0.342	0.010	0.368
neutral	0.249	0.000	0.009	0.037	0.338	0.014	0.353
neutral	0.153	0.000	0.006	0.028	0.398	0.007	0.407
neutral	0.151	0.000	0.005	0.089	0.342	0.011	0.402
neutral	0.123	0.000	0.005	0.069	0.348	0.007	0.449
neutral	0.154	0.000	0.004	0.053	0.330	0.008	0.450
neutral	0.097	0.000	0.004	0.075	0.367	0.008	0.449
neutral	0.136	0.000	0.004	0.096	0.260	0.011	0.493
neutral	0.158	0.000	0.004	0.092	0.307	0.009	0.430
neutral	0.191	0.000	0.004	0.043	0.306	0.006	0.449
neutral	0.173	0.000	0.006	0.112	0.327	0.010	0.373
neutral	0.178	0.000	0.003	0.047	0.310	0.007	0.455
neutral	0.160	0.000	0.003	0.026	0.325	0.004	0.483
neutral	0.112	0.000	0.004	0.042	0.335	0.008	0.500
neutral	0.150	0.000	0.004	0.033	0.337	0.005	0.470
neutral	0.159	0.000	0.006	0.024	0.366	0.005	0.440
neutral	0.207	0.000	0.004	0.016	0.377	0.004	0.392
neutral	0.195	0.000	0.006	0.034	0.377	0.008	0.379
sad	0.169	0.000	0.010	0.018	0.461	0.009	0.333
sad	0.092	0.000	0.010	0.017	0.437	0.008	0.436
neutral	0.136	0.000	0.010	0.113	0.320	0.012	0.408
sad	0.127	0.000	0.006	0.042	0.435	0.008	0.381
neutral	0.134	0.000	0.006	0.119	0.336	0.010	0.395
neutral	0.176	0.000	0.005	0.107	0.231	0.017	0.464
neutral	0.154	0.000	0.005	0.058	0.374	0.007	0.401
neutral	0.165	0.000	0.005	0.076	0.336	0.010	0.407
sad	0.157	0.000	0.006	0.083	0.379	0.010	0.365
neutral	0.159	0.000	0.005	0.048	0.362	0.007	0.419
sad	0.210	0.000	0.015	0.048	0.422	0.021	0.285
neutral	0.151	0.000	0.005	0.036	0.388	0.007	0.413
neutral	0.158	0.000	0.005	0.033	0.366	0.008	0.430
sad	0.176	0.000	0.009	0.023	0.482	0.011	0.300
neutral	0.168	0.000	0.004	0.042	0.359	0.009	0.418
neutral	0.187	0.000	0.007	0.081	0.344	0.012	0.370
neutral	0.181	0.000	0.005	0.052	0.329	0.007	0.425
sad	0.139	0.000	0.005	0.038	0.417	0.008	0.393
sad	0.190	0.000	0.009	0.034	0.439	0.011	0.317
sad	0.192	0.000	0.007	0.032	0.426	0.008	0.336
sad	0.191	0.000	0.010	0.053	0.400	0.013	0.334
sad	0.115	0.000	0.014	0.088	0.413	0.019	0.350
sad	0.127	0.000	0.007	0.034	0.460	0.009	0.363
sad	0.186	0.000	0.012	0.029	0.469	0.011	0.293
sad	0.215	0.000	0.010	0.033	0.435	0.012	0.296
sad	0.217	0.000	0.012	0.098	0.369	0.021	0.284
neutral	0.220	0.000	0.004	0.040	0.355	0.005	0.375
neutral	0.182	0.000	0.003	0.048	0.314	0.007	0.446
neutral	0.157	0.000	0.003	0.035	0.329	0.005	0.470
neutral	0.141	0.000	0.003	0.037	0.404	0.006	0.408
sad	0.181	0.000	0.010	0.045	0.407	0.012	0.345
neutral	0.160	0.000	0.005	0.045	0.380	0.010	0.399
neutral	0.126	0.000	0.004	0.066	0.361	0.007	0.437
neutral	0.168	0.000	0.004	0.043	0.332	0.008	0.446
neutral	0.197	0.000	0.006	0.054	0.353	0.012	0.379
neutral	0.163	0.000	0.003	0.055	0.304	0.007	0.468
neutral	0.183	0.000	0.006	0.045	0.328	0.008	0.430
neutral	0.191	0.000	0.005	0.046	0.345	0.008	0.405
neutral	0.226	0.000	0.005	0.052	0.354	0.009	0.355
neutral	0.198	0.000	0.004	0.039	0.367	0.007	0.385
neutral	0.214	0.000	0.005	0.029	0.368	0.008	0.375
neutral	0.242	0.000	0.005	0.045	0.347	0.007	0.353
neutral	0.191	0.000	0.003	0.049	0.328	0.006	0.422
neutral	0.190	0.000	0.005	0.035	0.371	0.009	0.389
neutral	0.127	0.000	0.003	0.047	0.402	0.006	0.415
sad	0.151	0.000	0.005	0.126	0.352	0.015	0.351
sad	0.133	0.000	0.007	0.035	0.423	0.009	0.393
sad	0.122	0.000	0.009	0.053	0.433	0.010	0.373
neutral	0.154	0.000	0.004	0.049	0.337	0.008	0.449
neutral	0.186	0.000	0.005	0.066	0.357	0.007	0.379
sad	0.134	0.000	0.005	0.157	0.355	0.012	0.337
neutral	0.140	0.000	0.004	0.054	0.306	0.007	0.489
neutral	0.199	0.000	0.003	0.061	0.340	0.007	0.390
neutral	0.124	0.000	0.004	0.046	0.338	0.006	0.482
neutral	0.158	0.000	0.005	0.037	0.380	0.008	0.413
neutral	0.184	0.000	0.004	0.043	0.359	0.008	0.402
neutral	0.176	0.000	0.004	0.039	0.380	0.007	0.393
sad	0.189	0.000	0.005	0.034	0.409	0.008	0.356
neutral	0.129	0.000	0.005	0.102	0.327	0.008	0.428
neutral	0.221	0.000	0.004	0.034	0.342	0.006	0.394
neutral	0.214	0.000	0.006	0.039	0.361	0.007	0.373
sad	0.142	0.000	0.005	0.039	0.445	0.008	0.361
neutral	0.190	0.000	0.004	0.040	0.348	0.005	0.413
neutral	0.175	0.000	0.004	0.035	0.385	0.004	0.397
sad	0.166	0.000	0.003	0.038	0.407	0.006	0.380
neutral	0.180	0.000	0.004	0.035	0.370	0.006	0.405
sad	0.251	0.000	0.004	0.032	0.382	0.004	0.327
sad	0.193	0.000	0.006	0.025	0.418	0.007	0.351
sad	0.191	0.000	0.013	0.050	0.374	0.016	0.355
neutral	0.160	0.000	0.014	0.063	0.301	0.021	0.442
sad	0.171	0.000	0.005	0.044	0.421	0.006	0.352
sad	0.177	0.000	0.005	0.066	0.403	0.007	0.342
sad	0.207	0.000	0.007	0.036	0.417	0.010	0.323
sad	0.176	0.000	0.008	0.035	0.447	0.009	0.325
neutral	0.141	0.000	0.012	0.093	0.305	0.020	0.429
sad	0.210	0.000	0.008	0.026	0.431	0.008	0.316
neutral	0.186	0.000	0.012	0.033	0.317	0.016	0.436
sad	0.193	0.000	0.006	0.035	0.464	0.010	0.293
sad	0.185	0.000	0.006	0.115	0.425	0.008	0.260
neutral	0.200	0.000	0.005	0.077	0.335	0.009	0.375
sad	0.214	0.000	0.009	0.035	0.385	0.010	0.347
neutral	0.188	0.000	0.005	0.057	0.287	0.005	0.458
sad	0.209	0.000	0.006	0.032	0.421	0.008	0.323
sad	0.202	0.000	0.013	0.065	0.379	0.020	0.321
sad	0.197	0.000	0.011	0.078	0.373	0.021	0.321
sad	0.241	0.000	0.008	0.056	0.368	0.016	0.310
sad	0.213	0.000	0.006	0.036	0.381	0.008	0.356
sad	0.161	0.000	0.011	0.095	0.395	0.021	0.317
neutral	0.240	0.000	0.004	0.036	0.325	0.009	0.386
sad	0.220	0.000	0.005	0.032	0.388	0.007	0.348
neutral	0.207	0.000	0.005	0.029	0.356	0.006	0.397
sad	0.246	0.000	0.011	0.041	0.344	0.015	0.343
neutral	0.238	0.000	0.004	0.036	0.356	0.006	0.359
neutral	0.209	0.000	0.016	0.053	0.307	0.021	0.394
sad	0.222	0.000	0.007	0.049	0.358	0.011	0.354
sad	0.200	0.000	0.005	0.049	0.391	0.008	0.347
neutral	0.207	0.000	0.010	0.059	0.352	0.020	0.352
neutral	0.231	0.000	0.004	0.042	0.350	0.011	0.362
neutral	0.212	0.000	0.006	0.047	0.343	0.015	0.377
sad	0.184	0.000	0.008	0.034	0.424	0.011	0.338
neutral	0.281	0.000	0.009	0.039	0.304	0.015	0.352
sad	0.280	0.000	0.007	0.052	0.351	0.012	0.298
neutral	0.195	0.000	0.005	0.056	0.340	0.008	0.396
neutral	0.187	0.000	0.005	0.065	0.363	0.010	0.371
sad	0.170	0.000	0.013	0.042	0.454	0.014	0.308
sad	0.121	0.000	0.007	0.048	0.432	0.010	0.382
