prediction	angry	disgust	fear	happy	sad	surprise	neutral
neutral	0.017	0.000	0.009	0.094	0.110	0.001	0.770
neutral	0.027	0.000	0.047	0.007	0.421	0.006	0.491
neutral	0.104	0.001	0.042	0.031	0.368	0.016	0.438
sad	0.250	0.002	0.074	0.145	0.262	0.009	0.259
neutral	0.090	0.001	0.035	0.214	0.135	0.006	0.519
neutral	0.038	0.000	0.031	0.224	0.280	0.003	0.424
neutral	0.040	0.000	0.014	0.192	0.090	0.002	0.663
neutral	0.017	0.000	0.006	0.230	0.066	0.002	0.678
neutral	0.044	0.000	0.010	0.165	0.115	0.001	0.666
neutral	0.085	0.000	0.018	0.025	0.237	0.000	0.635
neutral	0.035	0.000	0.013	0.045	0.132	0.000	0.774
neutral	0.057	0.000	0.012	0.020	0.139	0.000	0.771
neutral	0.062	0.000	0.020	0.054	0.133	0.000	0.731
neutral	0.054	0.000	0.027	0.043	0.181	0.000	0.696
neutral	0.022	0.000	0.011	0.009	0.116	0.000	0.841
neutral	0.062	0.000	0.030	0.025	0.130	0.000	0.753
neutral	0.026	0.000	0.042	0.021	0.207	0.001	0.703
neutral	0.049	0.000	0.027	0.015	0.197	0.001	0.710
neutral	0.016	0.000	0.020	0.015	0.242	0.000	0.706
neutral	0.030	0.000	0.031	0.072	0.186	0.002	0.679
neutral	0.041	0.000	0.015	0.024	0.283	0.000	0.637
neutral	0.027	0.000	0.012	0.022	0.151	0.001	0.786
neutral	0.058	0.000	0.017	0.047	0.131	0.001	0.746
neutral	0.036	0.000	0.025	0.013	0.259	0.001	0.666
neutral	0.034	0.000	0.017	0.012	0.304	0.001	0.632
neutral	0.029	0.000	0.026	0.067	0.169	0.001	0.709
neutral	0.036	0.000	0.016	0.025	0.260	0.001	0.662
neutral	0.036	0.000	0.033	0.007	0.397	0.001	0.527
neutral	0.031	0.000	0.071	0.010	0.383	0.001	0.503
neutral	0.038	0.000	0.043	0.020	0.308	0.001	0.589
neutral	0.025	0.000	0.060	0.008	0.268	0.001	0.638
neutral	0.048	0.000	0.031	0.007	0.357	0.001	0.555
neutral	0.027	0.000	0.020	0.068	0.146	0.002	0.737
neutral	0.019	0.000	0.029	0.037	0.151	0.001	0.764
neutral	0.032	0.000	0.014	0.017	0.125	0.001	0.811
neutral	0.041	0.000	0.011	0.018	0.189	0.001	0.739
neutral	0.023	0.000	0.011	0.074	0.106	0.001	0.785
neutral	0.017	0.000	0.013	0.135	0.181	0.001	0.653
neutral	0.062	0.000	0.007	0.017	0.169	0.001	0.744
neutral	0.029	0.000	0.015	0.036	0.167	0.001	0.752
neutral	0.020	0.000	0.015	0.022	0.207	0.001	0.735
neutral	0.037	0.000	0.021	0.038	0.242	0.005	0.657
neutral	0.177	0.002	0.026	0.249	0.123	0.010	0.413
neutral	0.188	0.003	0.017	0.094	0.201	0.031	0.467
neutral	0.268	0.002	0.043	0.068	0.208	0.025	0.386
neutral	0.133	0.000	0.016	0.188	0.302	0.006	0.354
neutral	0.184	0.000	0.025	0.134	0.301	0.006	0.350
angry	0.397	0.002	0.033	0.069	0.193	0.035	0.272
neutral	0.358	0.002	0.023	0.056	0.141	0.023	0.398
neutral	0.127	0.000	0.020	0.102	0.189	0.010	0.551
neutral	0.151	0.000	0.017	0.156	0.110	0.013	0.554
happy	0.023	0.000	0.007	0.502	0.093	0.004	0.372
neutral	0.015	0.000	0.007	0.440	0.068	0.004	0.466
neutral	0.062	0.000	0.039	0.047	0.240	0.007	0.604
neutral	0.019	0.000	0.007	0.372	0.157	0.002	0.443
neutral	0.041	0.000	0.022	0.062	0.199	0.008	0.669
neutral	0.016	0.000	0.002	0.450	0.050	0.002	0.480
neutral	0.017	0.000	0.015	0.035	0.263	0.003	0.666
neutral	0.029	0.000	0.014	0.177	0.174	0.007	0.599
neutral	0.013	0.000	0.012	0.170	0.231	0.006	0.568
neutral	0.019	0.000	0.009	0.066	0.204	0.001	0.701
neutral	0.030	0.000	0.010	0.078	0.283	0.001	0.598
neutral	0.024	0.000	0.013	0.099	0.137	0.001	0.725
neutral	0.025	0.000	0.007	0.071	0.171	0.000	0.726
neutral	0.026	0.000	0.008	0.181	0.183	0.001	0.602
neutral	0.029	0.000	0.017	0.185	0.132	0.001	0.637
neutral	0.033	0.000	0.010	0.079	0.256	0.001	0.621
neutral	0.016	0.000	0.006	0.024	0.204	0.000	0.750
neutral	0.013	0.000	0.005	0.034	0.181	0.000	0.768
neutral	0.019	0.000	0.005	0.160	0.154	0.000	0.661
neutral	0.015	0.000	0.006	0.159	0.165	0.000	0.654
neutral	0.012	0.000	0.009	0.294	0.184	0.001	0.500
neutral	0.021	0.000	0.016	0.135	0.185	0.009	0.634
neutral	0.018	0.000	0.009	0.256	0.151	0.003	0.563
neutral	0.005	0.000	0.004	0.403	0.090	0.000	0.499
neutral	0.011	0.000	0.007	0.267	0.148	0.001	0.567
neutral	0.009	0.000	0.006	0.276	0.092	0.000	0.616
neutral	0.032	0.000	0.009	0.106	0.183	0.001	0.670
neutral	0.009	0.000	0.004	0.253	0.105	0.000	0.629
neutral	0.023	0.000	0.009	0.038	0.244	0.001	0.685
neutral	0.045	0.000	0.010	0.050	0.237	0.000	0.658
neutral	0.029	0.000	0.006	0.091	0.237	0.000	0.637
neutral	0.039	0.000	0.008	0.036	0.262	0.000	0.654
neutral	0.017	0.000	0.006	0.044	0.167	0.000	0.766
neutral	0.045	0.000	0.009	0.068	0.248	0.001	0.629
neutral	0.022	0.000	0.006	0.158	0.120	0.001	0.694
neutral	0.015	0.000	0.004	0.169	0.185	0.001	0.626
neutral	0.045	0.000	0.009	0.035	0.240	0.001	0.672
neutral	0.021	0.000	0.008	0.125	0.203	0.001	0.643
neutral	0.013	0.000	0.006	0.158	0.164	0.000	0.659
neutral	0.016	0.000	0.006	0.082	0.146	0.000	0.749
neutral	0.026	0.000	0.010	0.119	0.186	0.002	0.657
neutral	0.024	0.000	0.012	0.070	0.177	0.002	0.715
neutral	0.053	0.000	0.014	0.081	0.278	0.002	0.571
neutral	0.040	0.000	0.011	0.118	0.192	0.001	0.637
neutral	0.010	0.000	0.011	0.268	0.161	0.001	0.549
neutral	0.033	0.000	0.016	0.087	0.170	0.001	0.692
neutral	0.014	0.000	0.010	0.135	0.153	0.003	0.685
neutral	0.016	0.000	0.005	0.041	0.123	0.000	0.814
neutral	0.010	0.000	0.004	0.185	0.088	0.000	0.712
neutral	0.019	0.000	0.011	0.088	0.238	0.001	0.643
neutral	0.026	0.000	0.011	0.110	0.182	0.001	0.671
neutral	0.017	0.000	0.006	0.043	0.098	0.000	0.836
neutral	0.017	0.000	0.010	0.068	0.130	0.001	0.773
neutral	0.020	0.000	0.006	0.033	0.130	0.001	0.810
neutral	0.029	0.000	0.009	0.083	0.218	0.002	0.659
neutral	0.026	0.000	0.012	0.072	0.212	0.003	0.675
neutral	0.024	0.000	0.007	0.055	0.160	0.001	0.754
neutral	0.025	0.000	0.009	0.030	0.162	0.001	0.774
neutral	0.019	0.000	0.010	0.037	0.256	0.001	0.677
neutral	0.029	0.000	0.010	0.047	0.195	0.001	0.719
neutral	0.043	0.000	0.012	0.087	0.190	0.002	0.666
neutral	0.036	0.000	0.006	0.123	0.165	0.001	0.668
neutral	0.011	0.000	0.002	0.421	0.120	0.000	0.446
neutral	0.016	0.000	0.003	0.376	0.073	0.001	0.532
neutral	0.026	0.000	0.010	0.055	0.189	0.001	0.719
neutral	0.025	0.000	0.014	0.164	0.181	0.004	0.612
neutral	0.017	0.000	0.004	0.070	0.160	0.000	0.748
neutral	0.010	0.000	0.005	0.258	0.098	0.001	0.628
neutral	0.037	0.000	0.008	0.058	0.319	0.001	0.578
neutral	0.013	0.000	0.005	0.268	0.081	0.001	0.633
neutral	0.029	0.000	0.006	0.058	0.220	0.001	0.686
neutral	0.020	0.000	0.006	0.135	0.212	0.001	0.627
neutral	0.011	0.000	0.005	0.136	0.137	0.001	0.709
neutral	0.017	0.000	0.005	0.119	0.189	0.001	0.668
neutral	0.013	0.000	0.009	0.113	0.184	0.002	0.679
neutral	0.045	0.000	0.025	0.100	0.318	0.004	0.508
neutral	0.032	0.000	0.006	0.047	0.179	0.000	0.736
neutral	0.014	0.000	0.005	0.105	0.152	0.001	0.724
neutral	0.030	0.000	0.012	0.049	0.193	0.003	0.713
neutral	0.028	0.000	0.007	0.030	0.244	0.001	0.691
neutral	0.011	0.000	0.004	0.149	0.122	0.001	0.714
neutral	0.011	0.000	0.007	0.169	0.109	0.001	0.703
neutral	0.033	0.000	0.014	0.048	0.270	0.001	0.633
neutral	0.017	0.000	0.004	0.091	0.194	0.001	0.693
neutral	0.012	0.000	0.006	0.138	0.161	0.001	0.683
neutral	0.014	0.000	0.014	0.065	0.158	0.002	0.747
neutral	0.030	0.000	0.011	0.106	0.209	0.002	0.641
neutral	0.032	0.000	0.012	0.108	0.198	0.003	0.647
neutral	0.012	0.000	0.004	0.346	0.081	0.001	0.557
neutral	0.012	0.000	0.004	0.130	0.136	0.001	0.717
neutral	0.008	0.000	0.007	0.217	0.073	0.001	0.695
neutral	0.011	0.000	0.004	0.417	0.071	0.001	0.496
neutral	0.011	0.000	0.005	0.164	0.093	0.001	0.726
neutral	0.039	0.000	0.006	0.313	0.135	0.001	0.506
neutral	0.009	0.000	0.003	0.268	0.087	0.001	0.632
neutral	0.046	0.000	0.003	0.238	0.127	0.001	0.585
neutral	0.012	0.000	0.005	0.201	0.103	0.001	0.679
neutral	0.046	0.000	0.015	0.088	0.267	0.003	0.580
neutral	0.045	0.000	0.026	0.103	0.238	0.005	0.583
neutral	0.038	0.000	0.009	0.121	0.183	0.001	0.647
neutral	0.010	0.000	0.008	0.120	0.115	0.001	0.746
neutral	0.023	0.000	0.004	0.389	0.106	0.001	0.478
neutral	0.011	0.000	0.013	0.086	0.136	0.002	0.752
neutral	0.021	0.000	0.009	0.040	0.135	0.002	0.793
neutral	0.011	0.000	0.006	0.137	0.121	0.001	0.725
neutral	0.037	0.000	0.016	0.055	0.162	0.004	0.726
neutral	0.043	0.000	0.011	0.044	0.231	0.001	0.670
neutral	0.019	0.000	0.009	0.046	0.164	0.001	0.761
neutral	0.028	0.000	0.007	0.050	0.165	0.000	0.749
neutral	0.031	0.000	0.007	0.054	0.182	0.001	0.724
neutral	0.031	0.000	0.009	0.128	0.227	0.001	0.605
neutral	0.044	0.000	0.011	0.112	0.217	0.001	0.615
neutral	0.067	0.000	0.029	0.020	0.206	0.001	0.678
neutral	0.040	0.000	0.013	0.013	0.241	0.000	0.692
neutral	0.014	0.000	0.005	0.068	0.054	0.000	0.858
neutral	0.025	0.000	0.008	0.064	0.184	0.001	0.718
neutral	0.032	0.000	0.015	0.086	0.222	0.002	0.642
neutral	0.018	0.000	0.008	0.029	0.209	0.001	0.735
neutral	0.021	0.000	0.013	0.053	0.206	0.001	0.707
neutral	0.019	0.000	0.009	0.042	0.146	0.000	0.784
neutral	0.017	0.000	0.007	0.124	0.199	0.001	0.652
neutral	0.025	0.000	0.007	0.034	0.159	0.001	0.774
neutral	0.053	0.000	0.013	0.028	0.218	0.000	0.688
neutral	0.037	0.000	0.012	0.029	0.189	0.001	0.732
neutral	0.050	0.000	0.016	0.046	0.165	0.002	0.722
neutral	0.039	0.000	0.010	0.061	0.192	0.001	0.698
neutral	0.033	0.000	0.014	0.029	0.228	0.001	0.695
neutral	0.066	0.000	0.003	0.335	0.077	0.001	0.517
neutral	0.021	0.000	0.009	0.042	0.181	0.001	0.746
neutral	0.148	0.000	0.053	0.034	0.312	0.002	0.451
neutral	0.185	0.000	0.060	0.012	0.307	0.000	0.435
neutral	0.213	0.003	0.122	0.143	0.137	0.008	0.374
angry	0.320	0.001	0.102	0.023	0.279	0.001	0.274
neutral	0.191	0.004	0.153	0.020	0.258	0.002	0.371
fear	0.172	0.000	0.418	0.011	0.183	0.008	0.208
sad	0.145	0.000	0.202	0.005	0.417	0.002	0.229
sad	0.096	0.000	0.273	0.008	0.410	0.006	0.207
neutral	0.109	0.000	0.117	0.010	0.370	0.002	0.392
neutral	0.103	0.000	0.195	0.039	0.219	0.002	0.441
neutral	0.028	0.000	0.033	0.103	0.087	0.011	0.737
neutral	0.022	0.000	0.017	0.272	0.147	0.004	0.538
neutral	0.015	0.000	0.002	0.152	0.067	0.001	0.763
neutral	0.007	0.000	0.003	0.160	0.032	0.000	0.797
neutral	0.041	0.000	0.018	0.052	0.195	0.001	0.693
neutral	0.029	0.000	0.016	0.108	0.205	0.006	0.636
neutral	0.025	0.000	0.006	0.071	0.105	0.001	0.792
neutral	0.013	0.000	0.006	0.274	0.080	0.001	0.625
neutral	0.025	0.000	0.006	0.074	0.138	0.000	0.757
neutral	0.039	0.000	0.025	0.068	0.270	0.004	0.595
neutral	0.055	0.000	0.016	0.072	0.162	0.002	0.693
neutral	0.025	0.000	0.013	0.144	0.166	0.001	0.652
neutral	0.026	0.000	0.020	0.082	0.188	0.000	0.683
neutral	0.051	0.000	0.023	0.116	0.226	0.000	0.584
neutral	0.085	0.000	0.030	0.024	0.252	0.000	0.608
neutral	0.055	0.000	0.017	0.076	0.174	0.001	0.677
neutral	0.031	0.000	0.007	0.057	0.119	0.001	0.785
neutral	0.012	0.000	0.004	0.245	0.078	0.000	0.660
neutral	0.017	0.000	0.005	0.149	0.118	0.000	0.711
neutral	0.062	0.000	0.027	0.032	0.251	0.001	0.628
neutral	0.036	0.000	0.018	0.011	0.271	0.000	0.664
neutral	0.041	0.000	0.023	0.063	0.164	0.001	0.709
neutral	0.050	0.000	0.030	0.097	0.245	0.001	0.577
neutral	0.073	0.000	0.019	0.019	0.204	0.000	0.684
neutral	0.021	0.000	0.010	0.080	0.096	0.000	0.792
neutral	0.013	0.000	0.012	0.060	0.149	0.000	0.767
neutral	0.036	0.000	0.034	0.174	0.105	0.001	0.651
neutral	0.018	0.000	0.010	0.119	0.094	0.000	0.758
neutral	0.020	0.000	0.006	0.121	0.150	0.001	0.703
neutral	0.116	0.000	0.023	0.022	0.321	0.001	0.517
neutral	0.092	0.000	0.015	0.017	0.254	0.001	0.621
neutral	0.024	0.000	0.018	0.232	0.111	0.000	0.614
neutral	0.019	0.000	0.009	0.199	0.059	0.000	0.713
neutral	0.025	0.000	0.006	0.056	0.093	0.000	0.820
neutral	0.010	0.000	0.003	0.324	0.041	0.000	0.621
neutral	0.008	0.000	0.004	0.361	0.048	0.000	0.579
neutral	0.018	0.000	0.006	0.181	0.079	0.000	0.715
neutral	0.022	0.000	0.006	0.117	0.127	0.000	0.728
neutral	0.046	0.000	0.034	0.058	0.246	0.001	0.615
neutral	0.056	0.000	0.015	0.019	0.372	0.000	0.537
neutral	0.059	0.000	0.023	0.045	0.268	0.001	0.603
neutral	0.018	0.000	0.004	0.365	0.097	0.001	0.516
neutral	0.008	0.000	0.006	0.164	0.081	0.001	0.741
neutral	0.036	0.000	0.009	0.029	0.159	0.000	0.767
neutral	0.014	0.000	0.006	0.123	0.110	0.001	0.746
neutral	0.010	0.000	0.003	0.342	0.056	0.000	0.589
neutral	0.036	0.000	0.008	0.030	0.153	0.001	0.772
neutral	0.019	0.000	0.006	0.022	0.135	0.001	0.817
neutral	0.041	0.000	0.013	0.083	0.175	0.001	0.688
neutral	0.025	0.000	0.008	0.033	0.209	0.001	0.724
neutral	0.017	0.000	0.007	0.152	0.091	0.000	0.733
neutral	0.050	0.000	0.008	0.026	0.127	0.001	0.787
neutral	0.037	0.000	0.011	0.047	0.164	0.000	0.740
neutral	0.054	0.000	0.010	0.029	0.185	0.001	0.720
neutral	0.047	0.000	0.009	0.022	0.137	0.001	0.783
neutral	0.036	0.000	0.012	0.035	0.155	0.001	0.761
neutral	0.070	0.000	0.010	0.013	0.194	0.001	0.712
neutral	0.011	0.000	0.009	0.056	0.116	0.000	0.808
neutral	0.080	0.000	0.029	0.073	0.258	0.001	0.559
neutral	0.069	0.000	0.017	0.105	0.157	0.002	0.649
neutral	0.071	0.000	0.030	0.048	0.381	0.001	0.470
neutral	0.074	0.000	0.026	0.068	0.208	0.001	0.623
neutral	0.037	0.000	0.029	0.004	0.370	0.000	0.560
neutral	0.044	0.000	0.024	0.154	0.152	0.001	0.625
neutral	0.036	0.000	0.027	0.146	0.150	0.001	0.641
neutral	0.056	0.000	0.021	0.042	0.126	0.000	0.754
neutral	0.059	0.000	0.046	0.012	0.291	0.000	0.592
neutral	0.033	0.000	0.028	0.085	0.159	0.000	0.694
neutral	0.078	0.000	0.016	0.071	0.191	0.001	0.643
neutral	0.062	0.000	0.013	0.055	0.146	0.000	0.723
neutral	0.068	0.000	0.022	0.175	0.169	0.001	0.565
neutral	0.059	0.000	0.023	0.096	0.199	0.001	0.622
neutral	0.092	0.000	0.019	0.036	0.214	0.001	0.639
neutral	0.087	0.000	0.027	0.007	0.213	0.000	0.666
neutral	0.104	0.000	0.029	0.028	0.232	0.001	0.606
neutral	0.020	0.000	0.013	0.063	0.169	0.000	0.735
neutral	0.045	0.000	0.007	0.037	0.205	0.001	0.705
neutral	0.037	0.000	0.013	0.026	0.178	0.000	0.745
neutral	0.016	0.000	0.005	0.030	0.103	0.000	0.846
neutral	0.022	0.000	0.007	0.031	0.178	0.001	0.762
neutral	0.020	0.000	0.009	0.122	0.185	0.001	0.663
neutral	0.059	0.000	0.015	0.023	0.232	0.001	0.670
neutral	0.060	0.000	0.032	0.056	0.226	0.001	0.625
neutral	0.040	0.000	0.008	0.028	0.176	0.001	0.748
neutral	0.036	0.000	0.009	0.051	0.210	0.000	0.693
neutral	0.009	0.000	0.012	0.068	0.123	0.000	0.788
neutral	0.021	0.000	0.015	0.050	0.240	0.000	0.673
neutral	0.023	0.000	0.016	0.078	0.156	0.001	0.727
neutral	0.067	0.000	0.016	0.023	0.278	0.001	0.614
neutral	0.021	0.000	0.012	0.034	0.139	0.000	0.793
neutral	0.040	0.000	0.030	0.083	0.173	0.001	0.672
neutral	0.047	0.000	0.024	0.027	0.138	0.001	0.763
neutral	0.018	0.000	0.017	0.036	0.086	0.000	0.842
neutral	0.016	0.000	0.025	0.039	0.109	0.001	0.810
neutral	0.044	0.000	0.009	0.013	0.304	0.000	0.630
neutral	0.051	0.000	0.018	0.014	0.271	0.000	0.646
neutral	0.073	0.000	0.027	0.017	0.307	0.000	0.576
neutral	0.050	0.000	0.027	0.036	0.179	0.001	0.707
neutral	0.040	0.000	0.031	0.039	0.173	0.001	0.717
neutral	0.064	0.000	0.020	0.032	0.186	0.002	0.697
neutral	0.018	0.000	0.008	0.022	0.102	0.000	0.849
neutral	0.033	0.000	0.013	0.051	0.154	0.001	0.749
neutral	0.035	0.000	0.024	0.052	0.169	0.000	0.721
neutral	0.017	0.000	0.017	0.056	0.114	0.000	0.796
neutral	0.031	0.000	0.013	0.057	0.130	0.000	0.768
neutral	0.027	0.000	0.017	0.045	0.161	0.001	0.749
neutral	0.015	0.000	0.018	0.032	0.140	0.000	0.794
neutral	0.034	0.000	0.014	0.036	0.124	0.000	0.792
neutral	0.023	0.000	0.014	0.041	0.107	0.000	0.814
neutral	0.073	0.000	0.025	0.022	0.317	0.001	0.563
neutral	0.013	0.000	0.015	0.041	0.100	0.000	0.831
neutral	0.043	0.000	0.014	0.031	0.198	0.000	0.714
neutral	0.142	0.000	0.024	0.014	0.347	0.000	0.472
neutral	0.045	0.000	0.021	0.079	0.129	0.000	0.726
neutral	0.024	0.000	0.015	0.030	0.191	0.001	0.740
neutral	0.081	0.000	0.032	0.014	0.360	0.001	0.513
neutral	0.121	0.000	0.056	0.014	0.318	0.001	0.490
neutral	0.041	0.000	0.036	0.068	0.173	0.000	0.681
neutral	0.030	0.000	0.018	0.094	0.127	0.001	0.731
neutral	0.010	0.000	0.010	0.067	0.068	0.000	0.844
neutral	0.133	0.000	0.038	0.022	0.348	0.001	0.458
neutral	0.030	0.000	0.018	0.043	0.210	0.002	0.696
neutral	0.052	0.000	0.020	0.026	0.156	0.002	0.743
neutral	0.014	0.000	0.014	0.052	0.137	0.001	0.783
neutral	0.014	0.000	0.011	0.068	0.108	0.000	0.799
neutral	0.083	0.000	0.044	0.018	0.289	0.001	0.565
neutral	0.041	0.000	0.013	0.019	0.213	0.001	0.713
neutral	0.019	0.000	0.006	0.014	0.132	0.000	0.828
neutral	0.028	0.000	0.039	0.079	0.137	0.001	0.717
neutral	0.022	0.000	0.023	0.106	0.099	0.001	0.750
neutral	0.060	0.000	0.013	0.059	0.135	0.001	0.731
neutral	0.017	0.000	0.015	0.094	0.101	0.000	0.772
neutral	0.047	0.000	0.017	0.025	0.174	0.001	0.736
neutral	0.024	0.000	0.015	0.008	0.179	0.000	0.774
neutral	0.073	0.000	0.030	0.011	0.257	0.001	0.629
neutral	0.032	0.000	0.009	0.128	0.114	0.001	0.716
neutral	0.025	0.000	0.015	0.029	0.271	0.002	0.658
neutral	0.050	0.000	0.013	0.064	0.219	0.001	0.652
neutral	0.014	0.000	0.004	0.053	0.061	0.000	0.868
neutral	0.059	0.000	0.013	0.014	0.235	0.000	0.679
neutral	0.022	0.000	0.008	0.054	0.253	0.001	0.662
neutral	0.024	0.000	0.016	0.025	0.257	0.002	0.675
neutral	0.023	0.000	0.006	0.037	0.158	0.001	0.775
neutral	0.032	0.000	0.018	0.026	0.256	0.001	0.666
neutral	0.019	0.000	0.007	0.038	0.131	0.000	0.805
neutral	0.026	0.000	0.011	0.050	0.157	0.001	0.755
neutral	0.011	0.000	0.006	0.009	0.103	0.000	0.871
neutral	0.046	0.000	0.011	0.037	0.218	0.001	0.687
neutral	0.058	0.000	0.010	0.054	0.213	0.001	0.664
neutral	0.027	0.000	0.019	0.026	0.253	0.002	0.673
neutral	0.061	0.000	0.025	0.023	0.245	0.001	0.646
neutral	0.043	0.000	0.014	0.028	0.214	0.000	0.700
neutral	0.027	0.000	0.012	0.046	0.140	0.001	0.774
neutral	0.015	0.000	0.010	0.038	0.110	0.000	0.828
neutral	0.020	0.000	0.007	0.033	0.136	0.000	0.804
neutral	0.049	0.000	0.015	0.011	0.139	0.000	0.786
neutral	0.026	0.000	0.012	0.013	0.196	0.000	0.752
neutral	0.014	0.000	0.007	0.034	0.146	0.000	0.799
neutral	0.018	0.000	0.010	0.070	0.180	0.001	0.722
neutral	0.018	0.000	0.006	0.061	0.159	0.000	0.754
neutral	0.012	0.000	0.008	0.016	0.127	0.000	0.838
neutral	0.037	0.000	0.007	0.022	0.266	0.000	0.667
neutral	0.016	0.000	0.006	0.051	0.117	0.000	0.810
neutral	0.012	0.000	0.005	0.052	0.160	0.001	0.770
neutral	0.023	0.000	0.021	0.021	0.378	0.001	0.556
neutral	0.022	0.000	0.017	0.025	0.256	0.002	0.678
neutral	0.025	0.000	0.020	0.040	0.310	0.001	0.604
neutral	0.020	0.000	0.005	0.380	0.124	0.001	0.471
neutral	0.027	0.000	0.014	0.224	0.261	0.002	0.471
neutral	0.069	0.000	0.023	0.017	0.360	0.002	0.529
neutral	0.024	0.000	0.007	0.085	0.144	0.001	0.740
neutral	0.017	0.000	0.009	0.169	0.107	0.002	0.696
neutral	0.019	0.000	0.010	0.192	0.100	0.002	0.678
neutral	0.029	0.000	0.010	0.187	0.115	0.002	0.657
neutral	0.016	0.000	0.011	0.235	0.092	0.002	0.644
neutral	0.018	0.000	0.006	0.133	0.232	0.001	0.610
neutral	0.036	0.000	0.007	0.092	0.148	0.001	0.715
neutral	0.015	0.000	0.007	0.197	0.112	0.001	0.667
neutral	0.039	0.000	0.007	0.048	0.135	0.001	0.772
neutral	0.015	0.000	0.008	0.202	0.072	0.002	0.701
neutral	0.017	0.000	0.008	0.163	0.084	0.001	0.727
neutral	0.016	0.000	0.006	0.184	0.109	0.001	0.684
neutral	0.022	0.000	0.002	0.116	0.094	0.001	0.765
neutral	0.031	0.000	0.006	0.262	0.139	0.002	0.561
neutral	0.036	0.000	0.004	0.192	0.102	0.002	0.665
neutral	0.040	0.000	0.017	0.027	0.232	0.004	0.680
neutral	0.021	0.000	0.010	0.195	0.105	0.001	0.668
neutral	0.022	0.000	0.020	0.018	0.369	0.001	0.570
neutral	0.024	0.000	0.007	0.252	0.127	0.002	0.588
neutral	0.012	0.000	0.005	0.168	0.134	0.001	0.679
neutral	0.018	0.000	0.007	0.253	0.090	0.001	0.630
neutral	0.027	0.000	0.008	0.127	0.260	0.001	0.577
neutral	0.063	0.000	0.004	0.041	0.132	0.001	0.759
neutral	0.014	0.000	0.005	0.303	0.115	0.000	0.563
neutral	0.012	0.000	0.005	0.210	0.124	0.001	0.649
neutral	0.010	0.000	0.005	0.028	0.143	0.000	0.814
neutral	0.039	0.000	0.006	0.026	0.216	0.000	0.712
neutral	0.032	0.000	0.008	0.071	0.176	0.001	0.713
happy	0.017	0.000	0.004	0.491	0.095	0.001	0.391
neutral	0.019	0.000	0.008	0.088	0.188	0.002	0.694
neutral	0.008	0.000	0.003	0.152	0.120	0.001	0.716
neutral	0.012	0.000	0.001	0.396	0.079	0.000	0.511
neutral	0.013	0.000	0.004	0.120	0.128	0.001	0.735
neutral	0.036	0.000	0.012	0.045	0.297	0.002	0.608
neutral	0.032	0.000	0.015	0.066	0.322	0.002	0.563
neutral	0.049	0.000	0.013	0.053	0.284	0.001	0.599
neutral	0.009	0.000	0.005	0.112	0.084	0.000	0.790
neutral	0.031	0.000	0.012	0.026	0.230	0.002	0.699
neutral	0.015	0.000	0.013	0.136	0.223	0.001	0.612
neutral	0.013	0.000	0.005	0.139	0.117	0.000	0.725
neutral	0.013	0.000	0.004	0.097	0.183	0.000	0.703
neutral	0.022	0.000	0.006	0.022	0.196	0.000	0.754
neutral	0.014	0.000	0.005	0.068	0.122	0.000	0.790
neutral	0.018	0.000	0.005	0.028	0.170	0.000	0.779
neutral	0.014	0.000	0.006	0.045	0.124	0.000	0.811
neutral	0.009	0.000	0.004	0.222	0.089	0.000	0.676
neutral	0.017	0.000	0.008	0.012	0.286	0.001	0.676
neutral	0.019	0.000	0.008	0.042	0.188	0.001	0.741
neutral	0.012	0.000	0.008	0.037	0.151	0.001	0.792
neutral	0.071	0.000	0.020	0.028	0.281	0.002	0.599
neutral	0.036	0.000	0.011	0.026	0.216	0.001	0.710
neutral	0.021	0.000	0.010	0.022	0.176	0.001	0.771
neutral	0.030	0.000	0.006	0.023	0.143	0.000	0.797
neutral	0.024	0.000	0.006	0.024	0.145	0.000	0.800
neutral	0.042	0.000	0.011	0.045	0.238	0.001	0.663
neutral	0.023	0.000	0.010	0.028	0.314	0.001	0.624
neutral	0.014	0.000	0.006	0.150	0.147	0.001	0.683
neutral	0.032	0.000	0.004	0.098	0.212	0.001	0.653
neutral	0.056	0.000	0.018	0.017	0.282	0.002	0.625
neutral	0.043	0.000	0.010	0.064	0.212	0.002	0.669
neutral	0.056	0.000	0.007	0.060	0.145	0.002	0.729
neutral	0.049	0.000	0.007	0.052	0.179	0.002	0.711
neutral	0.012	0.000	0.008	0.093	0.142	0.001	0.744
neutral	0.014	0.000	0.010	0.062	0.155	0.002	0.757
neutral	0.015	0.000	0.007	0.125	0.157	0.001	0.695
neutral	0.041	0.000	0.006	0.080	0.155	0.002	0.717
neutral	0.021	0.000	0.004	0.066	0.090	0.001	0.818
neutral	0.022	0.000	0.007	0.119	0.095	0.002	0.754
neutral	0.013	0.000	0.009	0.100	0.172	0.001	0.705
neutral	0.014	0.000	0.008	0.036	0.121	0.001	0.820
neutral	0.013	0.000	0.010	0.072	0.153	0.001	0.752
neutral	0.027	0.000	0.025	0.017	0.335	0.003	0.593
neutral	0.013	0.000	0.008	0.055	0.106	0.001	0.817
neutral	0.037	0.000	0.016	0.013	0.347	0.001	0.586
neutral	0.017	0.000	0.013	0.121	0.142	0.002	0.704
neutral	0.019	0.000	0.007	0.075	0.095	0.001	0.803
neutral	0.071	0.000	0.020	0.017	0.272	0.002	0.618
neutral	0.031	0.000	0.015	0.045	0.209	0.002	0.699
neutral	0.018	0.000	0.011	0.026	0.223	0.001	0.722
neutral	0.034	0.000	0.029	0.030	0.249	0.005	0.652
neutral	0.019	0.000	0.015	0.042	0.235	0.001	0.688
neutral	0.018	0.000	0.008	0.018	0.172	0.000	0.784
neutral	0.018	0.000	0.006	0.015	0.134	0.000	0.828
neutral	0.012	0.000	0.008	0.022	0.145	0.001	0.812
neutral	0.081	0.000	0.033	0.009	0.267	0.001	0.608
neutral	0.042	0.000	0.019	0.010	0.168	0.000	0.760
neutral	0.058	0.000	0.025	0.010	0.226	0.000	0.680
neutral	0.020	0.000	0.015	0.015	0.175	0.001	0.774
neutral	0.024	0.000	0.009	0.027	0.244	0.001	0.695
neutral	0.014	0.000	0.014	0.024	0.190	0.001	0.756
neutral	0.025	0.000	0.009	0.030	0.182	0.000	0.754
neutral	0.021	0.000	0.014	0.015	0.197	0.001	0.751
neutral	0.040	0.000	0.009	0.024	0.236	0.001	0.690
neutral	0.016	0.000	0.029	0.007	0.267	0.001	0.680
neutral	0.038	0.000	0.023	0.016	0.228	0.001	0.694
neutral	0.018	0.000	0.014	0.015	0.219	0.001	0.733
neutral	0.020	0.000	0.008	0.012	0.178	0.000	0.782
neutral	0.045	0.000	0.012	0.019	0.230	0.001	0.693
neutral	0.017	0.000	0.008	0.016	0.197	0.000	0.762
neutral	0.040	0.000	0.015	0.017	0.226	0.000	0.701
neutral	0.038	0.000	0.011	0.021	0.174	0.001	0.755
neutral	0.033	0.000	0.017	0.015	0.202	0.001	0.733
neutral	0.025	0.000	0.008	0.069	0.149	0.002	0.747
neutral	0.039	0.000	0.012	0.043	0.176	0.001	0.730
neutral	0.021	0.000	0.007	0.047	0.154	0.002	0.769
neutral	0.033	0.000	0.011	0.102	0.132	0.002	0.720
neutral	0.018	0.000	0.007	0.047	0.113	0.001	0.813
neutral	0.011	0.000	0.005	0.055	0.107	0.001	0.821
neutral	0.022	0.000	0.007	0.066	0.147	0.001	0.756
neutral	0.063	0.000	0.015	0.118	0.227	0.003	0.574
neutral	0.016	0.000	0.007	0.087	0.139	0.001	0.751
neutral	0.050	0.000	0.008	0.157	0.256	0.001	0.528
neutral	0.041	0.000	0.018	0.018	0.348	0.002	0.574
neutral	0.026	0.000	0.019	0.018	0.191	0.002	0.745
neutral	0.061	0.000	0.026	0.020	0.413	0.003	0.477
neutral	0.066	0.000	0.018	0.017	0.257	0.002	0.640
neutral	0.016	0.000	0.006	0.113	0.136	0.000	0.729
neutral	0.017	0.000	0.007	0.065	0.122	0.001	0.787
neutral	0.029	0.000	0.018	0.012	0.240	0.001	0.699
neutral	0.029	0.000	0.011	0.019	0.187	0.001	0.753
neutral	0.049	0.000	0.013	0.012	0.294	0.001	0.631
neutral	0.060	0.000	0.016	0.009	0.285	0.001	0.629
neutral	0.020	0.000	0.014	0.026	0.172	0.002	0.767
neutral	0.054	0.000	0.026	0.013	0.283	0.002	0.623
neutral	0.038	0.000	0.022	0.023	0.215	0.003	0.700
neutral	0.036	0.000	0.022	0.022	0.234	0.002	0.684
neutral	0.026	0.000	0.010	0.028	0.140	0.001	0.795
neutral	0.021	0.000	0.010	0.027	0.140	0.001	0.801
neutral	0.034	0.000	0.008	0.017	0.183	0.001	0.756
neutral	0.033	0.000	0.012	0.010	0.151	0.001	0.793
neutral	0.025	0.000	0.010	0.032	0.217	0.001	0.715
neutral	0.017	0.000	0.007	0.024	0.146	0.001	0.805
neutral	0.066	0.000	0.008	0.022	0.237	0.003	0.664
neutral	0.085	0.000	0.032	0.039	0.178	0.002	0.664
neutral	0.029	0.000	0.008	0.021	0.090	0.000	0.851
neutral	0.025	0.000	0.009	0.012	0.071	0.001	0.882
neutral	0.032	0.000	0.033	0.009	0.261	0.000	0.664
neutral	0.138	0.000	0.025	0.015	0.320	0.002	0.500
neutral	0.018	0.000	0.006	0.015	0.083	0.000	0.877
neutral	0.071	0.000	0.033	0.008	0.240	0.000	0.648
neutral	0.031	0.000	0.011	0.024	0.203	0.001	0.730
neutral	0.027	0.000	0.020	0.023	0.216	0.001	0.713
neutral	0.016	0.000	0.006	0.065	0.115	0.001	0.796
neutral	0.016	0.000	0.011	0.102	0.122	0.001	0.749
neutral	0.038	0.000	0.020	0.025	0.334	0.002	0.582
neutral	0.036	0.000	0.033	0.027	0.294	0.003	0.608
neutral	0.035	0.000	0.013	0.033	0.285	0.001	0.632
neutral	0.035	0.000	0.012	0.016	0.237	0.001	0.699
neutral	0.032	0.000	0.018	0.092	0.209	0.002	0.648
neutral	0.018	0.000	0.014	0.022	0.254	0.001	0.691
neutral	0.051	0.000	0.018	0.036	0.261	0.002	0.632
neutral	0.017	0.000	0.006	0.036	0.144	0.001	0.796
neutral	0.020	0.000	0.010	0.022	0.221	0.001	0.726
neutral	0.017	0.000	0.009	0.013	0.211	0.001	0.750
neutral	0.020	0.000	0.009	0.096	0.220	0.001	0.654
neutral	0.026	0.000	0.011	0.046	0.248	0.001	0.668
neutral	0.034	0.000	0.008	0.069	0.188	0.000	0.701
neutral	0.020	0.000	0.006	0.117	0.088	0.000	0.769
neutral	0.020	0.000	0.004	0.110	0.181	0.000	0.685
neutral	0.077	0.000	0.013	0.059	0.186	0.001	0.664
neutral	0.022	0.000	0.005	0.327	0.110	0.001	0.536
neutral	0.051	0.000	0.016	0.121	0.156	0.002	0.653
neutral	0.039	0.000	0.015	0.236	0.205	0.001	0.503
neutral	0.036	0.000	0.015	0.183	0.219	0.001	0.546
neutral	0.029	0.000	0.009	0.077	0.118	0.001	0.765
neutral	0.025	0.000	0.006	0.147	0.065	0.001	0.757
neutral	0.011	0.000	0.006	0.195	0.088	0.000	0.700
neutral	0.036	0.000	0.009	0.142	0.144	0.001	0.667
neutral	0.012	0.000	0.006	0.228	0.106	0.000	0.648
neutral	0.030	0.000	0.009	0.153	0.222	0.001	0.585
neutral	0.025	0.000	0.011	0.201	0.178	0.001	0.583
neutral	0.022	0.000	0.014	0.203	0.221	0.002	0.537
neutral	0.045	0.000	0.010	0.104	0.194	0.001	0.646
neutral	0.018	0.000	0.012	0.070	0.172	0.002	0.726
neutral	0.048	0.000	0.011	0.069	0.154	0.002	0.716
neutral	0.032	0.000	0.011	0.271	0.184	0.001	0.502
neutral	0.016	0.000	0.013	0.091	0.195	0.001	0.684
neutral	0.020	0.000	0.008	0.234	0.102	0.001	0.635
neutral	0.019	0.000	0.007	0.124	0.080	0.001	0.769
neutral	0.014	0.000	0.004	0.344	0.083	0.000	0.554
neutral	0.030	0.000	0.016	0.107	0.237	0.001	0.609
neutral	0.015	0.000	0.005	0.155	0.123	0.000	0.701
happy	0.004	0.000	0.001	0.796	0.013	0.001	0.185
happy	0.009	0.000	0.004	0.839	0.023	0.001	0.124
happy	0.017	0.000	0.003	0.646	0.045	0.001	0.289
happy	0.010	0.000	0.003	0.602	0.034	0.001	0.350
happy	0.007	0.000	0.002	0.746	0.042	0.001	0.202
happy	0.008	0.000	0.001	0.788	0.014	0.001	0.187
happy	0.016	0.000	0.003	0.633	0.037	0.002	0.309
happy	0.008	0.000	0.001	0.797	0.012	0.001	0.181
happy	0.005	0.000	0.003	0.742	0.024	0.002	0.224
happy	0.012	0.000	0.003	0.728	0.028	0.001	0.228
happy	0.010	0.000	0.005	0.648	0.051	0.003	0.283
happy	0.006	0.000	0.004	0.610	0.037	0.003	0.340
happy	0.008	0.000	0.003	0.681	0.058	0.001	0.249
happy	0.018	0.000	0.010	0.454	0.115	0.003	0.399
happy	0.008	0.000	0.003	0.797	0.042	0.001	0.148
happy	0.003	0.000	0.002	0.765	0.021	0.001	0.208
happy	0.005	0.000	0.002	0.873	0.015	0.001	0.105
happy	0.006	0.000	0.001	0.915	0.008	0.001	0.069
happy	0.015	0.000	0.005	0.563	0.064	0.003	0.350
happy	0.006	0.000	0.002	0.700	0.054	0.001	0.238
happy	0.013	0.000	0.002	0.762	0.020	0.002	0.201
happy	0.010	0.000	0.006	0.689	0.048	0.003	0.245
happy	0.012	0.000	0.001	0.786	0.019	0.001	0.179
happy	0.023	0.000	0.007	0.528	0.090	0.002	0.349
happy	0.018	0.000	0.005	0.632	0.060	0.004	0.282
happy	0.008	0.000	0.005	0.728	0.045	0.003	0.212
happy	0.009	0.000	0.007	0.667	0.077	0.003	0.235
happy	0.011	0.000	0.003	0.734	0.049	0.002	0.202
happy	0.008	0.000	0.002	0.804	0.036	0.001	0.149
happy	0.010	0.000	0.004	0.704	0.061	0.003	0.218
happy	0.007	0.000	0.002	0.818	0.018	0.001	0.154
happy	0.009	0.000	0.006	0.730	0.091	0.002	0.162
happy	0.008	0.000	0.006	0.658	0.055	0.004	0.269
happy	0.009	0.000	0.005	0.644	0.063	0.003	0.277
happy	0.004	0.000	0.001	0.911	0.013	0.000	0.071
happy	0.009	0.000	0.005	0.733	0.059	0.001	0.193
happy	0.016	0.000	0.005	0.607	0.061	0.003	0.309
happy	0.007	0.000	0.003	0.822	0.018	0.001	0.149
happy	0.003	0.000	0.001	0.906	0.017	0.000	0.072
happy	0.003	0.000	0.002	0.818	0.021	0.001	0.156
happy	0.007	0.000	0.002	0.867	0.021	0.001	0.102
happy	0.005	0.000	0.001	0.856	0.015	0.000	0.123
happy	0.006	0.000	0.001	0.809	0.021	0.000	0.162
happy	0.012	0.000	0.004	0.779	0.039	0.001	0.166
happy	0.008	0.000	0.003	0.824	0.023	0.002	0.140
happy	0.008	0.000	0.003	0.804	0.024	0.001	0.159
happy	0.023	0.000	0.006	0.598	0.102	0.001	0.270
happy	0.026	0.000	0.009	0.660	0.081	0.002	0.221
happy	0.027	0.000	0.015	0.456	0.157	0.002	0.344
happy	0.018	0.000	0.017	0.569	0.091	0.004	0.301
happy	0.017	0.000	0.007	0.683	0.063	0.001	0.230
happy	0.003	0.000	0.001	0.844	0.019	0.000	0.133
happy	0.022	0.000	0.004	0.810	0.044	0.001	0.119
happy	0.005	0.000	0.001	0.873	0.019	0.000	0.101
happy	0.010	0.000	0.002	0.729	0.031	0.001	0.227
happy	0.013	0.000	0.003	0.673	0.046	0.002	0.263
happy	0.009	0.000	0.003	0.817	0.030	0.001	0.141
happy	0.021	0.000	0.007	0.454	0.078	0.006	0.434
happy	0.018	0.000	0.006	0.677	0.060	0.004	0.234
happy	0.011	0.000	0.002	0.814	0.033	0.001	0.138
happy	0.006	0.000	0.004	0.768	0.033	0.002	0.186
happy	0.026	0.000	0.003	0.724	0.042	0.002	0.203
happy	0.029	0.000	0.005	0.565	0.067	0.003	0.331
happy	0.006	0.000	0.003	0.692	0.028	0.001	0.271
happy	0.007	0.000	0.002	0.686	0.035	0.001	0.270
happy	0.006	0.000	0.002	0.757	0.027	0.001	0.207
happy	0.016	0.000	0.004	0.690	0.050	0.002	0.238
happy	0.008	0.000	0.003	0.746	0.050	0.001	0.191
happy	0.030	0.000	0.003	0.712	0.034	0.003	0.219
happy	0.032	0.000	0.004	0.559	0.060	0.002	0.343
happy	0.010	0.000	0.002	0.664	0.045	0.001	0.277
happy	0.010	0.000	0.006	0.717	0.059	0.001	0.207
happy	0.015	0.000	0.003	0.567	0.056	0.002	0.357
happy	0.010	0.000	0.005	0.727	0.042	0.002	0.215
happy	0.013	0.000	0.006	0.735	0.051	0.001	0.194
happy	0.011	0.000	0.004	0.580	0.059	0.002	0.344
happy	0.004	0.000	0.004	0.729	0.037	0.001	0.224
happy	0.021	0.000	0.008	0.471	0.104	0.001	0.395
happy	0.003	0.000	0.001	0.813	0.018	0.000	0.165
happy	0.008	0.000	0.003	0.762	0.030	0.001	0.196
happy	0.011	0.000	0.003	0.687	0.041	0.001	0.256
neutral	0.033	0.000	0.003	0.378	0.076	0.001	0.509
happy	0.018	0.000	0.006	0.756	0.039	0.003	0.177
happy	0.009	0.000	0.005	0.677	0.052	0.003	0.254
happy	0.008	0.000	0.003	0.722	0.035	0.001	0.231
happy	0.047	0.000	0.005	0.478	0.069	0.006	0.394
happy	0.009	0.000	0.002	0.624	0.055	0.001	0.309
neutral	0.027	0.000	0.010	0.245	0.158	0.002	0.558
neutral	0.030	0.000	0.021	0.119	0.187	0.002	0.640
neutral	0.034	0.000	0.009	0.161	0.234	0.001	0.561
neutral	0.025	0.000	0.020	0.244	0.194	0.003	0.513
neutral	0.033	0.000	0.007	0.291	0.175	0.002	0.492
neutral	0.064	0.000	0.014	0.094	0.275	0.002	0.551
happy	0.013	0.000	0.003	0.615	0.060	0.001	0.308
neutral	0.022	0.000	0.010	0.401	0.136	0.002	0.430
neutral	0.015	0.000	0.004	0.377	0.080	0.002	0.522
neutral	0.046	0.000	0.003	0.237	0.091	0.001	0.622
neutral	0.011	0.000	0.004	0.407	0.084	0.001	0.493
happy	0.009	0.000	0.005	0.496	0.113	0.001	0.376
happy	0.010	0.000	0.003	0.548	0.068	0.001	0.369
neutral	0.085	0.000	0.004	0.155	0.118	0.001	0.637
neutral	0.014	0.000	0.002	0.406	0.099	0.000	0.478
neutral	0.021	0.000	0.006	0.321	0.114	0.001	0.536
neutral	0.038	0.000	0.008	0.226	0.214	0.001	0.513
neutral	0.044	0.000	0.011	0.111	0.222	0.003	0.609
neutral	0.024	0.000	0.010	0.065	0.245	0.001	0.656
neutral	0.011	0.000	0.002	0.378	0.087	0.001	0.521
happy	0.010	0.000	0.002	0.481	0.088	0.000	0.418
neutral	0.022	0.000	0.005	0.363	0.120	0.001	0.489
happy	0.013	0.000	0.003	0.576	0.088	0.001	0.319
neutral	0.044	0.000	0.005	0.286	0.176	0.001	0.488
neutral	0.014	0.000	0.004	0.337	0.115	0.000	0.530
neutral	0.026	0.000	0.015	0.227	0.163	0.003	0.566
neutral	0.047	0.000	0.016	0.090	0.304	0.001	0.542
neutral	0.043	0.000	0.010	0.157	0.207	0.001	0.582
neutral	0.042	0.000	0.016	0.148	0.187	0.002	0.605
neutral	0.021	0.000	0.013	0.098	0.203	0.001	0.665
neutral	0.029	0.000	0.016	0.094	0.200	0.002	0.659
neutral	0.019	0.000	0.012	0.089	0.204	0.001	0.675
neutral	0.047	0.000	0.010	0.180	0.251	0.001	0.510
neutral	0.019	0.000	0.005	0.235	0.165	0.001	0.575
neutral	0.030	0.000	0.012	0.230	0.152	0.001	0.575
neutral	0.026	0.000	0.009	0.091	0.170	0.002	0.703
happy	0.019	0.000	0.002	0.485	0.134	0.000	0.359
neutral	0.015	0.000	0.007	0.224	0.178	0.001	0.575
neutral	0.012	0.000	0.003	0.330	0.138	0.000	0.517
neutral	0.023	0.000	0.008	0.135	0.266	0.001	0.568
neutral	0.015	0.000	0.012	0.289	0.174	0.002	0.508
neutral	0.019	0.000	0.003	0.298	0.113	0.001	0.565
neutral	0.043	0.000	0.006	0.319	0.173	0.002	0.456
neutral	0.019	0.000	0.007	0.384	0.120	0.002	0.468
neutral	0.010	0.000	0.006	0.244	0.117	0.002	0.621
neutral	0.014	0.000	0.014	0.160	0.209	0.001	0.602
neutral	0.028	0.000	0.018	0.125	0.220	0.001	0.607
neutral	0.011	0.000	0.006	0.430	0.096	0.002	0.455
neutral	0.035	0.000	0.020	0.029	0.355	0.001	0.561
neutral	0.033	0.000	0.022	0.055	0.282	0.003	0.605
neutral	0.030	0.000	0.019	0.098	0.189	0.001	0.664
neutral	0.029	0.000	0.015	0.061	0.257	0.001	0.636
neutral	0.043	0.000	0.019	0.101	0.174	0.002	0.661
neutral	0.028	0.000	0.015	0.033	0.185	0.001	0.738
neutral	0.049	0.000	0.041	0.086	0.180	0.002	0.642
neutral	0.072	0.000	0.006	0.115	0.089	0.001	0.717
neutral	0.012	0.000	0.005	0.182	0.067	0.001	0.733
neutral	0.044	0.000	0.038	0.024	0.374	0.002	0.518
neutral	0.040	0.000	0.013	0.057	0.308	0.002	0.579
neutral	0.010	0.000	0.008	0.065	0.111	0.000	0.805
neutral	0.025	0.000	0.008	0.066	0.280	0.000	0.621
neutral	0.036	0.000	0.011	0.053	0.183	0.000	0.717
neutral	0.015	0.000	0.011	0.058	0.246	0.001	0.669
neutral	0.036	0.000	0.010	0.088	0.245	0.001	0.621
neutral	0.011	0.000	0.004	0.096	0.079	0.000	0.810
neutral	0.061	0.000	0.009	0.180	0.208	0.001	0.541
neutral	0.029	0.000	0.029	0.068	0.243	0.002	0.628
neutral	0.041	0.000	0.016	0.042	0.251	0.001	0.649
neutral	0.040	0.000	0.018	0.072	0.211	0.002	0.656
neutral	0.077	0.001	0.013	0.344	0.157	0.007	0.402
neutral	0.018	0.000	0.006	0.118	0.164	0.001	0.692
neutral	0.048	0.000	0.012	0.073	0.138	0.003	0.725
neutral	0.053	0.000	0.013	0.073	0.189	0.003	0.668
neutral	0.043	0.000	0.010	0.085	0.178	0.004	0.680
neutral	0.022	0.000	0.004	0.116	0.118	0.001	0.740
neutral	0.058	0.000	0.014	0.043	0.269	0.002	0.614
neutral	0.008	0.000	0.005	0.216	0.075	0.001	0.696
neutral	0.022	0.000	0.010	0.121	0.200	0.001	0.645
neutral	0.031	0.000	0.013	0.086	0.199	0.002	0.669
neutral	0.062	0.000	0.007	0.049	0.159	0.000	0.723
neutral	0.024	0.000	0.009	0.189	0.096	0.002	0.680
neutral	0.015	0.000	0.002	0.331	0.123	0.000	0.529
neutral	0.038	0.000	0.011	0.055	0.200	0.001	0.695
neutral	0.018	0.000	0.006	0.353	0.093	0.001	0.528
neutral	0.022	0.000	0.005	0.254	0.106	0.001	0.611
neutral	0.012	0.000	0.005	0.176	0.103	0.001	0.704
neutral	0.018	0.000	0.015	0.041	0.245	0.001	0.680
neutral	0.054	0.000	0.011	0.092	0.226	0.001	0.616
neutral	0.031	0.000	0.009	0.059	0.167	0.001	0.733
neutral	0.026	0.000	0.006	0.214	0.113	0.001	0.640
neutral	0.023	0.000	0.005	0.260	0.109	0.001	0.602
neutral	0.018	0.000	0.014	0.035	0.192	0.001	0.740
neutral	0.049	0.000	0.012	0.061	0.160	0.002	0.715
neutral	0.012	0.000	0.011	0.160	0.136	0.001	0.680
neutral	0.041	0.000	0.010	0.032	0.201	0.001	0.715
neutral	0.023	0.000	0.014	0.114	0.147	0.004	0.698
neutral	0.042	0.000	0.010	0.048	0.287	0.001	0.611
neutral	0.042	0.000	0.018	0.068	0.208	0.003	0.661
neutral	0.027	0.000	0.017	0.075	0.243	0.003	0.635
neutral	0.024	0.000	0.012	0.040	0.167	0.001	0.755
neutral	0.025	0.000	0.012	0.040	0.165	0.001	0.756
neutral	0.027	0.000	0.016	0.061	0.155	0.002	0.739
neutral	0.036	0.000	0.015	0.053	0.248	0.003	0.645
neutral	0.060	0.000	0.013	0.037	0.238	0.001	0.650
neutral	0.013	0.000	0.007	0.212	0.121	0.001	0.646
neutral	0.018	0.000	0.002	0.300	0.099	0.000	0.581
neutral	0.015	0.000	0.002	0.407	0.096	0.000	0.480
neutral	0.054	0.000	0.013	0.060	0.172	0.002	0.700
neutral	0.029	0.000	0.008	0.184	0.172	0.001	0.606
neutral	0.021	0.000	0.005	0.116	0.215	0.000	0.642
neutral	0.017	0.000	0.012	0.050	0.167	0.001	0.752
neutral	0.027	0.000	0.013	0.067	0.165	0.002	0.726
neutral	0.039	0.000	0.013	0.068	0.193	0.002	0.684
neutral	0.022	0.000	0.010	0.083	0.163	0.001	0.721
neutral	0.040	0.000	0.012	0.114	0.156	0.003	0.675
neutral	0.030	0.000	0.013	0.058	0.167	0.002	0.730
neutral	0.031	0.000	0.015	0.055	0.226	0.001	0.672
neutral	0.041	0.000	0.013	0.044	0.191	0.002	0.710
neutral	0.011	0.000	0.002	0.413	0.083	0.000	0.490
neutral	0.049	0.000	0.013	0.081	0.231	0.002	0.624
neutral	0.034	0.000	0.011	0.034	0.214	0.001	0.706
neutral	0.032	0.000	0.019	0.081	0.268	0.002	0.598
neutral	0.022	0.000	0.019	0.059	0.265	0.002	0.633
neutral	0.053	0.000	0.010	0.102	0.174	0.001	0.659
neutral	0.030	0.000	0.008	0.076	0.155	0.001	0.730
neutral	0.044	0.000	0.017	0.031	0.302	0.003	0.603
neutral	0.029	0.000	0.014	0.028	0.199	0.002	0.728
neutral	0.027	0.000	0.012	0.055	0.152	0.003	0.751
neutral	0.038	0.000	0.016	0.046	0.196	0.002	0.703
neutral	0.051	0.000	0.012	0.071	0.197	0.001	0.669
neutral	0.037	0.000	0.015	0.023	0.238	0.002	0.685
neutral	0.031	0.000	0.007	0.073	0.170	0.001	0.718
neutral	0.066	0.000	0.021	0.088	0.188	0.004	0.633
neutral	0.041	0.000	0.019	0.066	0.173	0.003	0.698
neutral	0.023	0.000	0.004	0.199	0.098	0.001	0.675
neutral	0.016	0.000	0.003	0.305	0.077	0.001	0.598
neutral	0.018	0.000	0.011	0.135	0.130	0.002	0.704
neutral	0.019	0.000	0.011	0.104	0.154	0.002	0.710
neutral	0.035	0.000	0.009	0.042	0.212	0.001	0.701
neutral	0.031	0.000	0.018	0.045	0.167	0.003	0.736
neutral	0.029	0.000	0.013	0.091	0.182	0.001	0.684
neutral	0.039	0.000	0.014	0.094	0.239	0.001	0.612
neutral	0.013	0.000	0.005	0.122	0.121	0.001	0.738
neutral	0.023	0.000	0.006	0.124	0.151	0.001	0.696
neutral	0.015	0.000	0.004	0.202	0.114	0.001	0.664
neutral	0.018	0.000	0.004	0.184	0.114	0.001	0.679
neutral	0.054	0.000	0.016	0.049	0.258	0.001	0.622
neutral	0.021	0.000	0.005	0.237	0.128	0.001	0.609
neutral	0.016	0.000	0.006	0.266	0.127	0.001	0.584
neutral	0.026	0.000	0.011	0.055	0.187	0.001	0.720
neutral	0.020	0.000	0.005	0.200	0.102	0.001	0.674
neutral	0.039	0.000	0.015	0.072	0.189	0.001	0.684
neutral	0.044	0.000	0.013	0.062	0.248	0.001	0.633
neutral	0.028	0.000	0.008	0.203	0.123	0.001	0.636
neutral	0.024	0.000	0.004	0.352	0.085	0.001	0.536
neutral	0.044	0.000	0.015	0.089	0.219	0.004	0.629
neutral	0.013	0.000	0.006	0.282	0.088	0.002	0.609
neutral	0.053	0.000	0.026	0.076	0.272	0.006	0.567
neutral	0.059	0.000	0.008	0.131	0.157	0.002	0.643
neutral	0.026	0.000	0.009	0.120	0.175	0.001	0.670
neutral	0.028	0.000	0.008	0.062	0.145	0.002	0.754
neutral	0.028	0.000	0.008	0.078	0.230	0.002	0.654
neutral	0.040	0.000	0.010	0.064	0.164	0.003	0.719
neutral	0.050	0.000	0.012	0.064	0.304	0.002	0.568
neutral	0.043	0.000	0.023	0.078	0.326	0.004	0.526
neutral	0.023	0.000	0.014	0.110	0.213	0.001	0.638
neutral	0.047	0.000	0.014	0.107	0.260	0.005	0.567
neutral	0.021	0.000	0.016	0.028	0.177	0.001	0.757
neutral	0.011	0.000	0.007	0.176	0.114	0.001	0.690
neutral	0.021	0.000	0.013	0.052	0.213	0.001	0.699
neutral	0.024	0.000	0.013	0.049	0.212	0.001	0.701
neutral	0.019	0.000	0.005	0.162	0.114	0.001	0.699
neutral	0.034	0.000	0.008	0.054	0.191	0.001	0.712
neutral	0.029	0.000	0.018	0.074	0.283	0.004	0.592
