prediction	angry	disgust	fear	happy	sad	surprise	neutral
neutral	0.092	0.000	0.023	0.089	0.187	0.028	0.580
neutral	0.007	0.000	0.002	0.090	0.083	0.000	0.817
neutral	0.020	0.000	0.008	0.144	0.121	0.006	0.701
neutral	0.018	0.000	0.005	0.090	0.104	0.004	0.779
neutral	0.022	0.000	0.005	0.092	0.141	0.004	0.736
neutral	0.030	0.000	0.005	0.162	0.121	0.003	0.679
angry	0.708	0.000	0.054	0.048	0.066	0.027	0.097
neutral	0.032	0.001	0.019	0.193	0.179	0.017	0.560
neutral	0.046	0.000	0.011	0.129	0.131	0.012	0.670
neutral	0.029	0.000	0.011	0.164	0.120	0.005	0.671
neutral	0.027	0.000	0.004	0.113	0.099	0.001	0.754
neutral	0.031	0.000	0.010	0.283	0.091	0.017	0.568
neutral	0.031	0.000	0.006	0.166	0.083	0.008	0.706
neutral	0.010	0.000	0.010	0.360	0.071	0.017	0.532
happy	0.014	0.000	0.007	0.620	0.052	0.020	0.287
neutral	0.034	0.000	0.004	0.110	0.067	0.002	0.783
neutral	0.024	0.000	0.004	0.082	0.065	0.003	0.822
neutral	0.023	0.000	0.008	0.100	0.059	0.011	0.800
neutral	0.016	0.000	0.003	0.224	0.038	0.002	0.718
neutral	0.012	0.000	0.002	0.167	0.037	0.001	0.780
neutral	0.013	0.000	0.001	0.124	0.041	0.000	0.820
neutral	0.018	0.000	0.002	0.101	0.047	0.001	0.831
neutral	0.013	0.000	0.003	0.069	0.047	0.001	0.867
neutral	0.014	0.000	0.003	0.351	0.058	0.001	0.574
neutral	0.015	0.000	0.002	0.123	0.047	0.001	0.813
neutral	0.014	0.000	0.001	0.142	0.042	0.000	0.800
neutral	0.019	0.000	0.002	0.254	0.033	0.001	0.691
neutral	0.006	0.000	0.002	0.281	0.035	0.002	0.674
neutral	0.008	0.000	0.001	0.309	0.037	0.001	0.644
neutral	0.005	0.000	0.001	0.476	0.021	0.003	0.494
neutral	0.005	0.000	0.003	0.309	0.038	0.002	0.644
neutral	0.006	0.000	0.002	0.317	0.026	0.003	0.645
neutral	0.003	0.000	0.002	0.376	0.020	0.003	0.596
neutral	0.006	0.000	0.002	0.264	0.034	0.001	0.692
neutral	0.010	0.000	0.003	0.368	0.040	0.002	0.577
happy	0.004	0.000	0.001	0.527	0.024	0.001	0.444
neutral	0.007	0.000	0.001	0.226	0.036	0.001	0.730
neutral	0.018	0.000	0.002	0.392	0.041	0.001	0.546
neutral	0.010	0.000	0.001	0.125	0.042	0.000	0.822
neutral	0.012	0.000	0.001	0.137	0.062	0.001	0.787
neutral	0.010	0.000	0.002	0.273	0.071	0.001	0.644
neutral	0.016	0.000	0.002	0.275	0.153	0.000	0.554
neutral	0.038	0.000	0.008	0.304	0.115	0.003	0.531
neutral	0.026	0.000	0.005	0.321	0.062	0.002	0.583
neutral	0.028	0.000	0.004	0.158	0.051	0.001	0.758
neutral	0.040	0.000	0.007	0.244	0.094	0.004	0.610
neutral	0.025	0.000	0.006	0.235	0.064	0.002	0.669
neutral	0.064	0.000	0.005	0.155	0.056	0.003	0.717
neutral	0.023	0.000	0.002	0.175	0.044	0.001	0.755
neutral	0.016	0.000	0.002	0.174	0.049	0.001	0.758
neutral	0.020	0.000	0.002	0.237	0.055	0.001	0.685
neutral	0.020	0.000	0.001	0.196	0.060	0.001	0.721
neutral	0.009	0.000	0.001	0.389	0.055	0.001	0.545
neutral	0.014	0.000	0.001	0.139	0.065	0.001	0.780
neutral	0.016	0.000	0.002	0.333	0.034	0.001	0.614
neutral	0.015	0.000	0.002	0.161	0.057	0.001	0.764
neutral	0.011	0.000	0.002	0.290	0.045	0.000	0.653
neutral	0.006	0.000	0.001	0.367	0.040	0.001	0.586
neutral	0.010	0.000	0.002	0.296	0.055	0.001	0.636
neutral	0.007	0.000	0.001	0.199	0.043	0.001	0.749
neutral	0.011	0.000	0.002	0.200	0.050	0.001	0.736
neutral	0.011	0.000	0.001	0.296	0.045	0.001	0.646
neutral	0.011	0.000	0.001	0.227	0.055	0.001	0.705
neutral	0.008	0.000	0.001	0.227	0.053	0.001	0.709
neutral	0.004	0.000	0.001	0.196	0.056	0.000	0.743
neutral	0.018	0.000	0.002	0.169	0.100	0.000	0.710
neutral	0.016	0.000	0.007	0.135	0.156	0.001	0.685
neutral	0.008	0.000	0.008	0.084	0.157	0.003	0.740
happy	0.004	0.000	0.000	0.545	0.007	0.001	0.443
neutral	0.007	0.000	0.002	0.377	0.023	0.004	0.586
neutral	0.040	0.000	0.041	0.297	0.091	0.007	0.524
neutral	0.068	0.000	0.018	0.166	0.109	0.001	0.638
happy	0.039	0.000	0.004	0.476	0.033	0.001	0.447
happy	0.005	0.000	0.003	0.666	0.018	0.003	0.306
happy	0.007	0.000	0.006	0.597	0.023	0.021	0.346
neutral	0.003	0.000	0.004	0.340	0.030	0.005	0.618
neutral	0.001	0.000	0.002	0.182	0.044	0.001	0.769
neutral	0.002	0.000	0.000	0.149	0.019	0.000	0.830
neutral	0.002	0.000	0.001	0.285	0.032	0.002	0.678
neutral	0.003	0.000	0.001	0.236	0.037	0.001	0.722
neutral	0.003	0.000	0.001	0.218	0.078	0.001	0.699
neutral	0.007	0.000	0.002	0.133	0.090	0.001	0.767
neutral	0.005	0.000	0.002	0.229	0.054	0.003	0.707
neutral	0.007	0.000	0.001	0.183	0.050	0.003	0.757
neutral	0.005	0.000	0.001	0.150	0.036	0.001	0.807
neutral	0.012	0.000	0.001	0.081	0.061	0.001	0.844
neutral	0.017	0.000	0.002	0.124	0.062	0.002	0.793
neutral	0.010	0.000	0.002	0.120	0.069	0.001	0.799
neutral	0.013	0.000	0.002	0.173	0.060	0.002	0.752
neutral	0.016	0.000	0.004	0.409	0.059	0.009	0.504
neutral	0.019	0.000	0.003	0.290	0.063	0.008	0.617
neutral	0.011	0.000	0.001	0.133	0.046	0.001	0.808
neutral	0.029	0.000	0.007	0.216	0.090	0.020	0.638
neutral	0.033	0.000	0.004	0.247	0.072	0.012	0.632
neutral	0.013	0.000	0.001	0.105	0.052	0.001	0.828
neutral	0.017	0.000	0.002	0.111	0.049	0.004	0.818
neutral	0.020	0.000	0.001	0.077	0.048	0.001	0.853
neutral	0.019	0.000	0.004	0.286	0.059	0.011	0.621
neutral	0.030	0.000	0.007	0.241	0.081	0.018	0.624
neutral	0.024	0.000	0.005	0.205	0.070	0.011	0.685
neutral	0.027	0.000	0.004	0.190	0.067	0.010	0.702
neutral	0.029	0.000	0.003	0.243	0.042	0.007	0.677
neutral	0.021	0.000	0.002	0.153	0.055	0.003	0.766
neutral	0.014	0.000	0.002	0.121	0.048	0.004	0.811
neutral	0.021	0.000	0.002	0.134	0.043	0.003	0.797
neutral	0.020	0.000	0.003	0.278	0.043	0.008	0.648
neutral	0.027	0.000	0.004	0.371	0.071	0.017	0.510
neutral	0.031	0.000	0.002	0.116	0.057	0.004	0.790
neutral	0.022	0.000	0.002	0.075	0.042	0.001	0.858
neutral	0.019	0.000	0.001	0.105	0.048	0.004	0.823
neutral	0.031	0.000	0.002	0.290	0.040	0.008	0.629
neutral	0.016	0.000	0.002	0.129	0.065	0.001	0.788
neutral	0.022	0.000	0.003	0.461	0.033	0.015	0.466
neutral	0.019	0.000	0.003	0.374	0.057	0.007	0.540
neutral	0.029	0.000	0.002	0.273	0.046	0.007	0.643
neutral	0.013	0.000	0.002	0.332	0.053	0.003	0.598
neutral	0.021	0.000	0.002	0.387	0.037	0.005	0.549
neutral	0.018	0.000	0.002	0.384	0.031	0.006	0.559
neutral	0.015	0.000	0.002	0.190	0.060	0.004	0.729
neutral	0.029	0.000	0.002	0.201	0.061	0.007	0.699
neutral	0.017	0.000	0.001	0.129	0.056	0.004	0.791
neutral	0.012	0.000	0.002	0.149	0.056	0.002	0.779
neutral	0.012	0.000	0.002	0.294	0.062	0.005	0.625
neutral	0.016	0.000	0.002	0.338	0.060	0.007	0.576
neutral	0.015	0.000	0.001	0.124	0.061	0.001	0.797
neutral	0.021	0.000	0.003	0.210	0.056	0.005	0.705
neutral	0.015	0.000	0.002	0.154	0.074	0.001	0.754
neutral	0.024	0.000	0.003	0.337	0.059	0.011	0.566
neutral	0.021	0.000	0.002	0.228	0.042	0.004	0.703
neutral	0.020	0.000	0.002	0.209	0.045	0.003	0.721
neutral	0.016	0.000	0.001	0.391	0.029	0.003	0.559
neutral	0.019	0.000	0.002	0.304	0.044	0.004	0.627
neutral	0.025	0.000	0.002	0.173	0.071	0.002	0.727
neutral	0.027	0.000	0.002	0.192	0.037	0.008	0.734
neutral	0.022	0.000	0.002	0.156	0.091	0.001	0.727
neutral	0.017	0.000	0.002	0.175	0.087	0.001	0.718
neutral	0.013	0.000	0.001	0.249	0.030	0.002	0.704
neutral	0.016	0.000	0.002	0.136	0.084	0.003	0.760
neutral	0.022	0.000	0.002	0.112	0.055	0.002	0.807
neutral	0.030	0.000	0.003	0.229	0.058	0.009	0.671
neutral	0.015	0.000	0.002	0.226	0.063	0.002	0.693
neutral	0.021	0.000	0.002	0.130	0.057	0.001	0.790
neutral	0.025	0.000	0.002	0.214	0.046	0.002	0.710
neutral	0.023	0.000	0.002	0.175	0.054	0.002	0.744
neutral	0.017	0.000	0.002	0.194	0.069	0.003	0.715
neutral	0.020	0.000	0.002	0.154	0.060	0.003	0.762
neutral	0.019	0.000	0.003	0.131	0.063	0.001	0.784
neutral	0.023	0.000	0.002	0.115	0.090	0.001	0.769
neutral	0.026	0.000	0.001	0.167	0.060	0.002	0.745
neutral	0.024	0.000	0.002	0.119	0.060	0.002	0.792
neutral	0.035	0.000	0.003	0.222	0.067	0.003	0.670
neutral	0.019	0.000	0.002	0.194	0.068	0.003	0.714
neutral	0.020	0.000	0.003	0.303	0.086	0.002	0.586
neutral	0.017	0.000	0.004	0.305	0.083	0.001	0.589
neutral	0.022	0.000	0.003	0.130	0.102	0.001	0.741
neutral	0.021	0.000	0.004	0.188	0.108	0.002	0.677
neutral	0.018	0.000	0.002	0.081	0.102	0.001	0.795
neutral	0.020	0.000	0.004	0.257	0.083	0.002	0.633
neutral	0.020	0.000	0.004	0.150	0.102	0.002	0.723
neutral	0.016	0.000	0.002	0.196	0.088	0.002	0.696
neutral	0.021	0.000	0.002	0.195	0.072	0.003	0.708
neutral	0.027	0.000	0.002	0.322	0.048	0.009	0.591
neutral	0.017	0.000	0.002	0.148	0.063	0.003	0.767
neutral	0.015	0.000	0.001	0.197	0.044	0.002	0.740
neutral	0.027	0.000	0.002	0.221	0.061	0.005	0.684
neutral	0.019	0.000	0.001	0.145	0.075	0.003	0.757
neutral	0.018	0.000	0.002	0.249	0.078	0.003	0.650
neutral	0.027	0.000	0.002	0.280	0.072	0.007	0.611
neutral	0.022	0.000	0.002	0.189	0.090	0.003	0.693
neutral	0.026	0.000	0.002	0.237	0.081	0.005	0.648
neutral	0.028	0.000	0.002	0.142	0.067	0.005	0.757
neutral	0.021	0.000	0.002	0.205	0.076	0.004	0.692
neutral	0.028	0.000	0.002	0.274	0.030	0.004	0.662
neutral	0.019	0.000	0.002	0.275	0.050	0.002	0.652
neutral	0.020	0.000	0.001	0.181	0.063	0.003	0.732
neutral	0.038	0.000	0.002	0.142	0.082	0.005	0.731
neutral	0.034	0.000	0.002	0.146	0.058	0.005	0.755
neutral	0.039	0.000	0.002	0.139	0.088	0.005	0.726
neutral	0.027	0.000	0.002	0.106	0.070	0.003	0.792
neutral	0.023	0.000	0.002	0.114	0.056	0.003	0.803
neutral	0.024	0.000	0.002	0.186	0.079	0.004	0.705
neutral	0.028	0.000	0.003	0.230	0.098	0.005	0.635
neutral	0.029	0.000	0.003	0.106	0.081	0.004	0.778
neutral	0.029	0.000	0.002	0.188	0.074	0.004	0.703
neutral	0.031	0.000	0.002	0.091	0.071	0.002	0.802
neutral	0.023	0.000	0.002	0.197	0.091	0.003	0.683
neutral	0.017	0.000	0.001	0.217	0.067	0.003	0.695
neutral	0.021	0.000	0.001	0.145	0.073	0.003	0.758
neutral	0.018	0.000	0.002	0.212	0.080	0.003	0.684
neutral	0.021	0.000	0.002	0.136	0.059	0.004	0.779
neutral	0.022	0.000	0.002	0.173	0.083	0.003	0.717
neutral	0.021	0.000	0.002	0.163	0.072	0.003	0.739
neutral	0.022	0.000	0.002	0.162	0.071	0.003	0.740
neutral	0.022	0.000	0.002	0.147	0.064	0.005	0.760
neutral	0.020	0.000	0.002	0.255	0.058	0.004	0.661
neutral	0.016	0.000	0.002	0.100	0.074	0.002	0.807
neutral	0.022	0.000	0.002	0.107	0.079	0.002	0.788
neutral	0.015	0.000	0.001	0.087	0.071	0.001	0.824
neutral	0.031	0.000	0.002	0.211	0.072	0.003	0.681
neutral	0.023	0.000	0.002	0.169	0.080	0.002	0.724
neutral	0.024	0.000	0.002	0.075	0.073	0.001	0.825
neutral	0.024	0.000	0.002	0.132	0.097	0.002	0.743
neutral	0.028	0.000	0.002	0.220	0.065	0.003	0.682
neutral	0.019	0.000	0.002	0.133	0.094	0.002	0.750
neutral	0.016	0.000	0.001	0.169	0.063	0.002	0.748
neutral	0.022	0.000	0.003	0.176	0.073	0.003	0.723
neutral	0.025	0.000	0.002	0.113	0.080	0.002	0.778
neutral	0.014	0.000	0.002	0.253	0.054	0.002	0.675
neutral	0.014	0.000	0.002	0.200	0.071	0.002	0.711
neutral	0.027	0.000	0.001	0.211	0.074	0.000	0.686
neutral	0.017	0.000	0.002	0.200	0.072	0.001	0.708
neutral	0.020	0.000	0.003	0.158	0.091	0.002	0.726
neutral	0.014	0.000	0.003	0.152	0.084	0.002	0.744
neutral	0.020	0.000	0.002	0.158	0.064	0.002	0.753
neutral	0.013	0.000	0.002	0.251	0.090	0.001	0.643
neutral	0.029	0.000	0.002	0.131	0.082	0.002	0.755
neutral	0.023	0.000	0.002	0.143	0.090	0.002	0.740
neutral	0.014	0.000	0.002	0.171	0.084	0.001	0.728
neutral	0.016	0.000	0.003	0.228	0.134	0.000	0.619
neutral	0.015	0.000	0.002	0.238	0.076	0.000	0.669
neutral	0.020	0.000	0.002	0.235	0.080	0.000	0.662
neutral	0.019	0.000	0.002	0.185	0.084	0.001	0.708
neutral	0.032	0.000	0.002	0.196	0.080	0.003	0.687
neutral	0.019	0.000	0.002	0.224	0.054	0.002	0.700
neutral	0.020	0.000	0.001	0.171	0.046	0.001	0.762
neutral	0.028	0.000	0.002	0.174	0.054	0.004	0.737
neutral	0.010	0.000	0.001	0.265	0.039	0.002	0.682
neutral	0.022	0.000	0.002	0.158	0.040	0.002	0.776
neutral	0.027	0.000	0.001	0.145	0.034	0.002	0.792
neutral	0.017	0.000	0.001	0.098	0.046	0.001	0.838
neutral	0.014	0.000	0.002	0.278	0.061	0.001	0.644
neutral	0.021	0.000	0.002	0.140	0.069	0.001	0.767
neutral	0.018	0.000	0.002	0.250	0.051	0.002	0.678
neutral	0.016	0.000	0.002	0.209	0.064	0.001	0.708
neutral	0.023	0.000	0.003	0.201	0.084	0.002	0.687
neutral	0.025	0.000	0.002	0.221	0.087	0.002	0.662
neutral	0.024	0.000	0.002	0.117	0.076	0.001	0.779
neutral	0.016	0.000	0.002	0.297	0.067	0.001	0.617
neutral	0.022	0.000	0.002	0.258	0.080	0.001	0.637
neutral	0.018	0.000	0.001	0.151	0.077	0.002	0.750
neutral	0.020	0.000	0.002	0.315	0.071	0.001	0.592
neutral	0.022	0.000	0.003	0.328	0.093	0.002	0.553
neutral	0.034	0.000	0.003	0.306	0.094	0.002	0.562
neutral	0.022	0.000	0.002	0.223	0.106	0.002	0.645
neutral	0.022	0.000	0.002	0.318	0.077	0.001	0.579
neutral	0.034	0.000	0.002	0.270	0.054	0.001	0.639
neutral	0.017	0.000	0.001	0.239	0.081	0.002	0.660
neutral	0.027	0.000	0.001	0.150	0.071	0.001	0.750
neutral	0.035	0.000	0.002	0.181	0.085	0.001	0.696
neutral	0.041	0.000	0.002	0.165	0.083	0.001	0.707
neutral	0.030	0.000	0.002	0.197	0.053	0.003	0.714
neutral	0.026	0.000	0.002	0.164	0.048	0.002	0.758
neutral	0.033	0.000	0.002	0.180	0.067	0.003	0.715
neutral	0.025	0.000	0.001	0.226	0.044	0.003	0.701
neutral	0.037	0.000	0.002	0.187	0.071	0.003	0.700
neutral	0.034	0.000	0.002	0.204	0.089	0.003	0.668
neutral	0.036	0.000	0.002	0.130	0.092	0.001	0.739
neutral	0.029	0.000	0.001	0.127	0.083	0.001	0.759
neutral	0.025	0.000	0.001	0.095	0.070	0.001	0.808
neutral	0.027	0.000	0.001	0.180	0.053	0.001	0.738
neutral	0.022	0.000	0.001	0.141	0.069	0.002	0.765
neutral	0.008	0.000	0.001	0.162	0.053	0.002	0.773
neutral	0.036	0.000	0.001	0.146	0.090	0.001	0.726
neutral	0.033	0.000	0.002	0.205	0.101	0.002	0.658
neutral	0.029	0.000	0.001	0.123	0.071	0.001	0.775
neutral	0.037	0.000	0.002	0.139	0.094	0.001	0.728
neutral	0.032	0.000	0.001	0.124	0.077	0.001	0.764
neutral	0.024	0.000	0.001	0.146	0.066	0.002	0.761
neutral	0.028	0.000	0.001	0.110	0.082	0.003	0.777
neutral	0.015	0.000	0.001	0.223	0.062	0.002	0.697
neutral	0.023	0.000	0.002	0.173	0.095	0.002	0.705
neutral	0.031	0.000	0.002	0.109	0.093	0.002	0.764
neutral	0.023	0.000	0.001	0.112	0.083	0.001	0.781
neutral	0.026	0.000	0.001	0.107	0.069	0.002	0.795
neutral	0.029	0.000	0.001	0.186	0.083	0.002	0.698
neutral	0.035	0.000	0.001	0.139	0.074	0.001	0.749
neutral	0.023	0.000	0.002	0.117	0.107	0.002	0.749
neutral	0.023	0.000	0.001	0.164	0.068	0.002	0.741
neutral	0.021	0.000	0.001	0.114	0.080	0.002	0.781
neutral	0.015	0.000	0.001	0.167	0.046	0.001	0.770
neutral	0.030	0.000	0.002	0.217	0.076	0.002	0.673
neutral	0.014	0.000	0.002	0.290	0.073	0.001	0.620
neutral	0.025	0.000	0.002	0.134	0.133	0.002	0.704
neutral	0.022	0.000	0.001	0.097	0.086	0.002	0.792
neutral	0.015	0.000	0.002	0.352	0.110	0.000	0.520
neutral	0.024	0.000	0.001	0.271	0.099	0.001	0.604
neutral	0.016	0.000	0.002	0.199	0.104	0.001	0.678
neutral	0.033	0.000	0.001	0.101	0.094	0.001	0.770
neutral	0.026	0.000	0.001	0.101	0.056	0.002	0.814
neutral	0.018	0.000	0.001	0.105	0.064	0.003	0.809
neutral	0.050	0.000	0.001	0.128	0.091	0.002	0.727
neutral	0.050	0.000	0.001	0.142	0.077	0.003	0.727
neutral	0.022	0.000	0.001	0.107	0.057	0.001	0.811
neutral	0.024	0.000	0.001	0.232	0.057	0.002	0.684
neutral	0.012	0.000	0.001	0.129	0.038	0.001	0.820
neutral	0.036	0.000	0.001	0.105	0.090	0.002	0.766
neutral	0.018	0.000	0.001	0.105	0.039	0.001	0.837
neutral	0.022	0.000	0.001	0.256	0.054	0.002	0.664
neutral	0.020	0.000	0.002	0.168	0.089	0.001	0.720
neutral	0.017	0.000	0.002	0.215	0.057	0.002	0.707
neutral	0.021	0.000	0.002	0.169	0.101	0.001	0.706
neutral	0.018	0.000	0.001	0.223	0.083	0.001	0.673
neutral	0.024	0.000	0.002	0.128	0.086	0.001	0.760
neutral	0.024	0.000	0.002	0.107	0.075	0.002	0.790
neutral	0.026	0.000	0.002	0.131	0.111	0.001	0.729
neutral	0.018	0.000	0.002	0.167	0.121	0.001	0.690
neutral	0.026	0.000	0.002	0.110	0.081	0.001	0.781
neutral	0.016	0.000	0.002	0.229	0.090	0.001	0.663
neutral	0.039	0.000	0.002	0.115	0.097	0.002	0.745
neutral	0.022	0.000	0.002	0.133	0.060	0.002	0.780
neutral	0.022	0.000	0.002	0.108	0.069	0.002	0.798
neutral	0.037	0.000	0.002	0.106	0.084	0.002	0.770
neutral	0.035	0.000	0.002	0.109	0.098	0.001	0.755
neutral	0.022	0.000	0.001	0.159	0.095	0.001	0.721
neutral	0.029	0.000	0.002	0.166	0.118	0.001	0.685
neutral	0.052	0.000	0.002	0.086	0.110	0.002	0.748
neutral	0.016	0.000	0.002	0.269	0.062	0.001	0.651
neutral	0.031	0.000	0.002	0.130	0.108	0.001	0.727
neutral	0.027	0.000	0.001	0.134	0.106	0.001	0.731
neutral	0.015	0.000	0.001	0.097	0.053	0.001	0.832
neutral	0.026	0.000	0.002	0.103	0.068	0.002	0.800
neutral	0.014	0.000	0.001	0.125	0.079	0.001	0.780
neutral	0.015	0.000	0.001	0.178	0.048	0.002	0.757
neutral	0.035	0.000	0.001	0.161	0.097	0.001	0.705
neutral	0.024	0.000	0.001	0.167	0.093	0.001	0.714
neutral	0.015	0.000	0.001	0.247	0.047	0.002	0.688
neutral	0.031	0.000	0.002	0.129	0.121	0.002	0.714
neutral	0.024	0.000	0.001	0.138	0.092	0.001	0.743
neutral	0.021	0.000	0.001	0.140	0.064	0.001	0.772
neutral	0.031	0.000	0.002	0.210	0.166	0.000	0.591
neutral	0.029	0.000	0.001	0.206	0.133	0.001	0.630
neutral	0.020	0.000	0.001	0.198	0.084	0.001	0.697
neutral	0.029	0.000	0.001	0.104	0.110	0.001	0.755
neutral	0.032	0.000	0.002	0.096	0.123	0.001	0.746
neutral	0.023	0.000	0.001	0.198	0.107	0.001	0.670
neutral	0.023	0.000	0.002	0.098	0.117	0.001	0.758
neutral	0.023	0.000	0.002	0.144	0.070	0.001	0.760
neutral	0.012	0.000	0.001	0.129	0.052	0.001	0.805
neutral	0.029	0.000	0.001	0.109	0.076	0.001	0.784
neutral	0.020	0.000	0.001	0.197	0.090	0.001	0.691
neutral	0.015	0.000	0.001	0.109	0.090	0.001	0.783
neutral	0.026	0.000	0.001	0.137	0.092	0.001	0.743
neutral	0.022	0.000	0.001	0.142	0.097	0.002	0.736
neutral	0.024	0.000	0.001	0.102	0.090	0.001	0.782
neutral	0.025	0.000	0.001	0.100	0.101	0.001	0.771
neutral	0.022	0.000	0.002	0.140	0.083	0.002	0.751
neutral	0.048	0.000	0.001	0.097	0.092	0.001	0.761
neutral	0.047	0.000	0.001	0.116	0.109	0.002	0.724
neutral	0.024	0.000	0.001	0.128	0.060	0.001	0.786
neutral	0.041	0.000	0.002	0.136	0.112	0.002	0.707
neutral	0.035	0.000	0.001	0.124	0.088	0.002	0.748
neutral	0.038	0.000	0.002	0.114	0.091	0.002	0.753
neutral	0.015	0.000	0.002	0.177	0.086	0.001	0.719
neutral	0.012	0.000	0.002	0.220	0.102	0.001	0.663
neutral	0.015	0.000	0.001	0.180	0.090	0.001	0.713
neutral	0.022	0.000	0.001	0.186	0.117	0.001	0.672
neutral	0.022	0.000	0.001	0.144	0.082	0.001	0.750
neutral	0.021	0.000	0.001	0.194	0.082	0.001	0.701
neutral	0.015	0.000	0.001	0.224	0.060	0.001	0.698
neutral	0.009	0.000	0.001	0.297	0.028	0.001	0.664
neutral	0.014	0.000	0.002	0.297	0.048	0.001	0.639
neutral	0.009	0.000	0.002	0.333	0.041	0.001	0.614
neutral	0.014	0.000	0.001	0.420	0.036	0.001	0.527
happy	0.005	0.000	0.001	0.536	0.025	0.001	0.432
happy	0.011	0.000	0.001	0.521	0.035	0.001	0.431
happy	0.009	0.000	0.001	0.504	0.031	0.001	0.454
neutral	0.007	0.000	0.001	0.471	0.033	0.001	0.487
neutral	0.007	0.000	0.001	0.448	0.041	0.000	0.503
neutral	0.009	0.000	0.001	0.432	0.029	0.001	0.529
neutral	0.008	0.000	0.001	0.434	0.034	0.001	0.523
happy	0.005	0.000	0.001	0.589	0.022	0.001	0.383
neutral	0.007	0.000	0.001	0.440	0.043	0.000	0.509
neutral	0.021	0.000	0.001	0.276	0.052	0.001	0.649
neutral	0.009	0.000	0.001	0.367	0.038	0.002	0.582
happy	0.008	0.000	0.001	0.486	0.044	0.000	0.460
neutral	0.009	0.000	0.001	0.377	0.053	0.000	0.560
neutral	0.009	0.000	0.001	0.331	0.042	0.000	0.617
neutral	0.012	0.000	0.002	0.310	0.049	0.002	0.625
neutral	0.012	0.000	0.001	0.452	0.037	0.002	0.496
neutral	0.017	0.000	0.001	0.311	0.048	0.002	0.621
neutral	0.012	0.000	0.001	0.110	0.040	0.001	0.836
neutral	0.015	0.000	0.001	0.138	0.052	0.001	0.792
neutral	0.020	0.000	0.001	0.150	0.062	0.001	0.766
neutral	0.020	0.000	0.001	0.140	0.067	0.001	0.771
neutral	0.020	0.000	0.001	0.126	0.093	0.002	0.758
neutral	0.021	0.000	0.001	0.095	0.063	0.001	0.818
neutral	0.014	0.000	0.001	0.164	0.061	0.001	0.759
neutral	0.014	0.000	0.001	0.320	0.041	0.001	0.622
neutral	0.013	0.000	0.001	0.250	0.053	0.001	0.682
neutral	0.011	0.000	0.001	0.139	0.044	0.001	0.804
neutral	0.005	0.000	0.001	0.116	0.037	0.001	0.839
neutral	0.009	0.000	0.001	0.116	0.058	0.001	0.814
neutral	0.008	0.000	0.001	0.139	0.030	0.002	0.820
neutral	0.015	0.000	0.001	0.304	0.060	0.002	0.618
neutral	0.008	0.000	0.001	0.102	0.027	0.001	0.862
neutral	0.013	0.000	0.001	0.162	0.048	0.001	0.775
neutral	0.013	0.000	0.001	0.340	0.056	0.001	0.588
neutral	0.018	0.000	0.002	0.173	0.076	0.001	0.730
neutral	0.020	0.000	0.002	0.191	0.079	0.001	0.707
neutral	0.015	0.000	0.002	0.132	0.065	0.001	0.784
neutral	0.025	0.000	0.002	0.143	0.086	0.001	0.743
neutral	0.014	0.000	0.002	0.298	0.080	0.001	0.604
neutral	0.022	0.000	0.001	0.121	0.040	0.002	0.814
neutral	0.025	0.000	0.001	0.145	0.054	0.004	0.771
neutral	0.030	0.000	0.001	0.064	0.047	0.002	0.857
neutral	0.018	0.000	0.001	0.132	0.024	0.004	0.822
neutral	0.020	0.000	0.001	0.080	0.029	0.002	0.868
neutral	0.015	0.000	0.002	0.064	0.078	0.001	0.840
neutral	0.007	0.000	0.001	0.129	0.035	0.002	0.826
neutral	0.019	0.000	0.002	0.071	0.075	0.001	0.832
neutral	0.007	0.000	0.002	0.151	0.036	0.002	0.803
neutral	0.010	0.000	0.001	0.089	0.034	0.001	0.864
neutral	0.018	0.000	0.001	0.127	0.061	0.001	0.792
neutral	0.011	0.000	0.002	0.103	0.047	0.002	0.835
neutral	0.008	0.000	0.001	0.129	0.041	0.001	0.820
neutral	0.025	0.000	0.002	0.129	0.093	0.001	0.750
neutral	0.006	0.000	0.001	0.123	0.042	0.001	0.828
neutral	0.021	0.000	0.002	0.260	0.140	0.000	0.576
neutral	0.010	0.000	0.001	0.155	0.084	0.001	0.749
neutral	0.009	0.000	0.001	0.119	0.058	0.001	0.811
neutral	0.016	0.000	0.002	0.209	0.059	0.002	0.713
neutral	0.016	0.000	0.002	0.086	0.080	0.001	0.816
neutral	0.026	0.000	0.003	0.146	0.102	0.001	0.721
neutral	0.029	0.000	0.002	0.089	0.106	0.001	0.774
neutral	0.019	0.000	0.002	0.108	0.094	0.001	0.776
neutral	0.023	0.000	0.002	0.109	0.090	0.001	0.775
neutral	0.029	0.000	0.003	0.125	0.131	0.001	0.711
neutral	0.013	0.000	0.001	0.331	0.093	0.001	0.560
neutral	0.032	0.000	0.002	0.160	0.074	0.001	0.730
neutral	0.015	0.000	0.001	0.111	0.065	0.001	0.806
neutral	0.036	0.000	0.003	0.099	0.185	0.002	0.675
neutral	0.005	0.000	0.001	0.098	0.051	0.001	0.844
neutral	0.011	0.000	0.001	0.098	0.068	0.002	0.820
neutral	0.009	0.000	0.001	0.106	0.066	0.001	0.818
neutral	0.006	0.000	0.001	0.213	0.038	0.002	0.741
neutral	0.012	0.000	0.001	0.145	0.083	0.001	0.759
neutral	0.010	0.000	0.001	0.100	0.048	0.001	0.840
neutral	0.020	0.000	0.001	0.148	0.072	0.001	0.757
neutral	0.006	0.000	0.001	0.222	0.038	0.003	0.730
neutral	0.012	0.000	0.001	0.119	0.066	0.001	0.800
neutral	0.008	0.000	0.001	0.140	0.058	0.001	0.792
neutral	0.007	0.000	0.001	0.133	0.035	0.002	0.822
neutral	0.020	0.000	0.001	0.129	0.072	0.002	0.776
neutral	0.016	0.000	0.001	0.201	0.036	0.002	0.744
neutral	0.009	0.000	0.001	0.258	0.059	0.001	0.670
neutral	0.026	0.000	0.001	0.191	0.067	0.002	0.713
neutral	0.022	0.000	0.002	0.156	0.075	0.002	0.743
neutral	0.019	0.000	0.001	0.279	0.090	0.001	0.610
neutral	0.013	0.000	0.002	0.281	0.088	0.000	0.616
neutral	0.017	0.000	0.001	0.272	0.095	0.001	0.614
neutral	0.026	0.000	0.002	0.148	0.080	0.002	0.743
neutral	0.017	0.000	0.002	0.175	0.120	0.001	0.685
neutral	0.017	0.000	0.001	0.172	0.085	0.001	0.723
neutral	0.016	0.000	0.001	0.161	0.066	0.001	0.754
neutral	0.019	0.000	0.001	0.093	0.079	0.001	0.807
neutral	0.016	0.000	0.002	0.123	0.093	0.001	0.765
neutral	0.017	0.000	0.001	0.178	0.081	0.001	0.722
neutral	0.021	0.000	0.002	0.187	0.098	0.001	0.691
neutral	0.014	0.000	0.002	0.256	0.105	0.001	0.623
neutral	0.019	0.000	0.001	0.247	0.099	0.001	0.633
neutral	0.021	0.000	0.001	0.245	0.081	0.001	0.652
neutral	0.017	0.000	0.001	0.151	0.101	0.001	0.728
neutral	0.013	0.000	0.002	0.301	0.091	0.001	0.593
neutral	0.016	0.000	0.001	0.187	0.061	0.001	0.734
neutral	0.021	0.000	0.002	0.201	0.102	0.001	0.672
neutral	0.012	0.000	0.002	0.342	0.081	0.001	0.563
neutral	0.013	0.000	0.002	0.229	0.079	0.001	0.676
neutral	0.023	0.000	0.002	0.155	0.090	0.001	0.729
neutral	0.021	0.000	0.002	0.235	0.106	0.001	0.635
neutral	0.012	0.000	0.001	0.351	0.070	0.000	0.565
neutral	0.017	0.000	0.001	0.242	0.108	0.001	0.632
neutral	0.015	0.000	0.002	0.269	0.122	0.001	0.591
neutral	0.024	0.000	0.002	0.213	0.085	0.001	0.676
neutral	0.023	0.000	0.002	0.213	0.070	0.002	0.690
neutral	0.021	0.000	0.002	0.202	0.090	0.001	0.685
neutral	0.021	0.000	0.002	0.119	0.096	0.001	0.762
neutral	0.014	0.000	0.002	0.330	0.095	0.001	0.559
neutral	0.016	0.000	0.001	0.216	0.102	0.001	0.663
neutral	0.021	0.000	0.002	0.188	0.114	0.001	0.675
neutral	0.019	0.000	0.002	0.243	0.121	0.001	0.615
neutral	0.015	0.000	0.001	0.267	0.097	0.000	0.618
neutral	0.014	0.000	0.002	0.271	0.086	0.001	0.627
neutral	0.015	0.000	0.001	0.281	0.088	0.000	0.614
neutral	0.027	0.000	0.001	0.290	0.114	0.000	0.568
neutral	0.020	0.000	0.001	0.307	0.048	0.000	0.623
neutral	0.011	0.000	0.001	0.269	0.037	0.000	0.681
neutral	0.005	0.000	0.001	0.275	0.013	0.002	0.704
neutral	0.013	0.000	0.001	0.180	0.068	0.001	0.737
neutral	0.006	0.000	0.001	0.128	0.058	0.001	0.806
neutral	0.007	0.000	0.001	0.215	0.038	0.000	0.740
neutral	0.002	0.000	0.001	0.372	0.029	0.001	0.595
neutral	0.003	0.000	0.001	0.370	0.017	0.001	0.608
happy	0.273	0.003	0.020	0.296	0.210	0.001	0.197
neutral	0.004	0.000	0.001	0.377	0.043	0.002	0.573
neutral	0.002	0.000	0.001	0.477	0.027	0.001	0.492
happy	0.002	0.000	0.001	0.515	0.035	0.001	0.447
neutral	0.002	0.000	0.001	0.390	0.027	0.003	0.578
neutral	0.002	0.000	0.002	0.366	0.024	0.009	0.599
neutral	0.002	0.000	0.003	0.236	0.033	0.004	0.723
neutral	0.019	0.000	0.002	0.072	0.066	0.002	0.837
neutral	0.024	0.000	0.003	0.183	0.066	0.001	0.724
neutral	0.022	0.000	0.005	0.084	0.064	0.002	0.823
neutral	0.022	0.000	0.002	0.170	0.066	0.002	0.737
neutral	0.017	0.000	0.003	0.142	0.063	0.002	0.772
neutral	0.020	0.000	0.001	0.181	0.027	0.002	0.769
neutral	0.021	0.000	0.003	0.149	0.067	0.006	0.754
neutral	0.015	0.000	0.002	0.280	0.036	0.005	0.662
neutral	0.011	0.000	0.001	0.322	0.044	0.003	0.620
neutral	0.014	0.000	0.002	0.279	0.038	0.010	0.656
neutral	0.020	0.000	0.002	0.094	0.065	0.003	0.815
neutral	0.010	0.000	0.001	0.276	0.037	0.003	0.674
neutral	0.013	0.000	0.002	0.157	0.044	0.004	0.780
neutral	0.013	0.000	0.003	0.217	0.038	0.005	0.725
neutral	0.014	0.000	0.002	0.198	0.042	0.007	0.738
neutral	0.013	0.000	0.002	0.419	0.045	0.006	0.515
neutral	0.011	0.000	0.002	0.371	0.036	0.004	0.576
neutral	0.009	0.000	0.002	0.344	0.047	0.004	0.595
neutral	0.013	0.000	0.003	0.218	0.041	0.007	0.718
neutral	0.017	0.000	0.002	0.222	0.046	0.004	0.709
neutral	0.011	0.000	0.001	0.321	0.039	0.003	0.626
neutral	0.019	0.000	0.001	0.169	0.029	0.001	0.782
neutral	0.024	0.000	0.001	0.190	0.047	0.003	0.735
neutral	0.008	0.000	0.001	0.287	0.037	0.003	0.664
neutral	0.008	0.000	0.002	0.263	0.041	0.003	0.683
neutral	0.008	0.000	0.002	0.318	0.038	0.003	0.632
neutral	0.013	0.000	0.002	0.228	0.058	0.001	0.697
neutral	0.012	0.000	0.002	0.201	0.084	0.002	0.699
neutral	0.007	0.000	0.002	0.314	0.030	0.003	0.644
neutral	0.010	0.000	0.002	0.154	0.050	0.003	0.781
neutral	0.007	0.000	0.002	0.400	0.035	0.003	0.553
neutral	0.010	0.000	0.002	0.310	0.045	0.002	0.632
neutral	0.033	0.000	0.001	0.086	0.057	0.001	0.823
neutral	0.008	0.000	0.001	0.319	0.033	0.002	0.636
neutral	0.011	0.000	0.001	0.254	0.033	0.002	0.699
neutral	0.017	0.000	0.001	0.145	0.037	0.001	0.800
neutral	0.009	0.000	0.001	0.286	0.026	0.004	0.674
neutral	0.010	0.000	0.002	0.195	0.083	0.002	0.708
neutral	0.011	0.000	0.001	0.191	0.028	0.002	0.767
neutral	0.009	0.000	0.001	0.149	0.032	0.001	0.809
neutral	0.022	0.000	0.002	0.303	0.111	0.001	0.561
neutral	0.008	0.000	0.001	0.202	0.031	0.001	0.758
neutral	0.009	0.000	0.001	0.305	0.036	0.001	0.647
neutral	0.008	0.000	0.002	0.254	0.034	0.003	0.699
neutral	0.009	0.000	0.001	0.304	0.033	0.002	0.651
neutral	0.010	0.000	0.001	0.310	0.035	0.002	0.641
neutral	0.009	0.000	0.002	0.272	0.035	0.003	0.679
neutral	0.012	0.000	0.001	0.173	0.040	0.002	0.772
neutral	0.034	0.000	0.001	0.091	0.048	0.001	0.825
neutral	0.012	0.000	0.001	0.173	0.041	0.000	0.773
neutral	0.013	0.000	0.001	0.363	0.042	0.001	0.579
neutral	0.011	0.000	0.001	0.160	0.037	0.001	0.790
neutral	0.021	0.000	0.001	0.115	0.041	0.001	0.821
neutral	0.026	0.000	0.000	0.101	0.040	0.000	0.832
neutral	0.023	0.000	0.001	0.098	0.058	0.001	0.820
neutral	0.032	0.000	0.002	0.075	0.055	0.001	0.836
neutral	0.031	0.000	0.001	0.071	0.047	0.001	0.848
neutral	0.023	0.000	0.001	0.176	0.034	0.001	0.766
neutral	0.030	0.000	0.001	0.168	0.045	0.001	0.756
neutral	0.025	0.000	0.001	0.112	0.038	0.001	0.823
neutral	0.022	0.000	0.001	0.213	0.035	0.001	0.728
neutral	0.016	0.000	0.001	0.226	0.033	0.001	0.724
happy	0.014	0.000	0.004	0.557	0.031	0.003	0.391
neutral	0.022	0.000	0.002	0.101	0.045	0.001	0.830
neutral	0.027	0.000	0.001	0.152	0.043	0.001	0.775
neutral	0.031	0.000	0.001	0.175	0.041	0.001	0.752
neutral	0.013	0.000	0.001	0.246	0.031	0.001	0.709
neutral	0.024	0.000	0.002	0.126	0.050	0.001	0.798
neutral	0.028	0.000	0.002	0.096	0.052	0.001	0.820
neutral	0.024	0.000	0.001	0.159	0.036	0.001	0.779
neutral	0.006	0.000	0.001	0.247	0.027	0.002	0.716
neutral	0.028	0.000	0.001	0.140	0.033	0.001	0.797
neutral	0.021	0.000	0.001	0.157	0.032	0.002	0.788
neutral	0.014	0.000	0.001	0.166	0.031	0.001	0.786
neutral	0.028	0.000	0.001	0.125	0.039	0.001	0.806
neutral	0.032	0.000	0.001	0.158	0.040	0.001	0.769
neutral	0.029	0.000	0.001	0.155	0.037	0.001	0.777
neutral	0.025	0.000	0.001	0.135	0.039	0.001	0.798
neutral	0.022	0.000	0.001	0.132	0.041	0.001	0.803
neutral	0.024	0.000	0.002	0.161	0.055	0.003	0.756
neutral	0.021	0.000	0.001	0.161	0.041	0.001	0.775
neutral	0.023	0.000	0.002	0.154	0.058	0.001	0.762
neutral	0.016	0.000	0.001	0.250	0.036	0.001	0.695
neutral	0.013	0.000	0.001	0.330	0.034	0.002	0.619
neutral	0.008	0.000	0.001	0.388	0.023	0.003	0.577
neutral	0.013	0.000	0.001	0.206	0.031	0.001	0.749
happy	0.022	0.000	0.005	0.576	0.056	0.004	0.337
neutral	0.017	0.000	0.001	0.150	0.032	0.001	0.798
neutral	0.019	0.000	0.001	0.268	0.038	0.001	0.673
happy	0.021	0.000	0.005	0.534	0.061	0.004	0.374
neutral	0.016	0.000	0.001	0.155	0.040	0.001	0.789
neutral	0.014	0.000	0.001	0.415	0.040	0.002	0.527
neutral	0.020	0.000	0.001	0.386	0.044	0.001	0.548
neutral	0.017	0.000	0.001	0.164	0.042	0.001	0.776
neutral	0.022	0.000	0.001	0.078	0.043	0.000	0.856
neutral	0.024	0.000	0.001	0.162	0.034	0.000	0.779
neutral	0.019	0.000	0.002	0.076	0.048	0.001	0.856
neutral	0.027	0.000	0.001	0.210	0.038	0.001	0.723
neutral	0.017	0.000	0.001	0.108	0.050	0.001	0.824
happy	0.010	0.000	0.001	0.513	0.038	0.002	0.436
neutral	0.037	0.000	0.001	0.132	0.048	0.001	0.780
neutral	0.018	0.000	0.002	0.077	0.040	0.000	0.863
happy	0.035	0.000	0.010	0.511	0.090	0.006	0.349
neutral	0.026	0.000	0.001	0.123	0.034	0.000	0.815
neutral	0.030	0.000	0.001	0.118	0.046	0.001	0.805
neutral	0.021	0.000	0.001	0.101	0.041	0.000	0.836
neutral	0.028	0.000	0.001	0.065	0.042	0.000	0.864
neutral	0.018	0.000	0.001	0.200	0.048	0.001	0.733
neutral	0.017	0.000	0.001	0.238	0.047	0.001	0.696
neutral	0.024	0.000	0.001	0.144	0.051	0.001	0.780
neutral	0.025	0.000	0.001	0.097	0.057	0.001	0.820
neutral	0.029	0.000	0.001	0.139	0.069	0.001	0.762
neutral	0.021	0.000	0.001	0.276	0.061	0.001	0.640
neutral	0.018	0.000	0.001	0.112	0.034	0.001	0.834
neutral	0.020	0.000	0.001	0.179	0.042	0.002	0.755
neutral	0.022	0.000	0.001	0.217	0.047	0.002	0.710
neutral	0.013	0.000	0.001	0.361	0.039	0.002	0.584
neutral	0.021	0.000	0.001	0.142	0.035	0.002	0.799
neutral	0.030	0.000	0.001	0.136	0.049	0.001	0.783
neutral	0.011	0.000	0.001	0.172	0.034	0.001	0.781
neutral	0.024	0.000	0.001	0.112	0.046	0.001	0.816
neutral	0.016	0.000	0.002	0.294	0.044	0.003	0.640
neutral	0.037	0.000	0.001	0.098	0.051	0.001	0.811
neutral	0.032	0.000	0.001	0.089	0.055	0.001	0.822
neutral	0.027	0.000	0.001	0.074	0.064	0.001	0.833
neutral	0.010	0.000	0.001	0.294	0.043	0.002	0.650
neutral	0.028	0.000	0.001	0.091	0.044	0.000	0.836
neutral	0.020	0.000	0.001	0.097	0.046	0.001	0.836
neutral	0.022	0.000	0.001	0.133	0.049	0.001	0.795
neutral	0.025	0.000	0.002	0.177	0.101	0.001	0.694
neutral	0.030	0.000	0.001	0.231	0.068	0.001	0.670
neutral	0.011	0.000	0.001	0.333	0.061	0.001	0.593
neutral	0.016	0.000	0.001	0.254	0.047	0.001	0.680
neutral	0.015	0.000	0.001	0.329	0.057	0.002	0.594
neutral	0.019	0.000	0.001	0.206	0.051	0.002	0.721
neutral	0.015	0.000	0.001	0.248	0.053	0.002	0.681
neutral	0.026	0.000	0.001	0.201	0.066	0.001	0.705
neutral	0.024	0.000	0.001	0.078	0.061	0.001	0.835
neutral	0.038	0.000	0.001	0.117	0.064	0.001	0.778
neutral	0.028	0.000	0.001	0.168	0.053	0.001	0.750
neutral	0.027	0.000	0.001	0.074	0.042	0.000	0.856
neutral	0.037	0.000	0.001	0.116	0.071	0.001	0.773
neutral	0.051	0.000	0.002	0.075	0.062	0.001	0.809
neutral	0.019	0.000	0.001	0.192	0.034	0.002	0.752
neutral	0.034	0.000	0.001	0.093	0.028	0.001	0.843
neutral	0.031	0.000	0.001	0.099	0.041	0.000	0.827
neutral	0.034	0.000	0.001	0.102	0.028	0.001	0.835
neutral	0.029	0.000	0.001	0.181	0.050	0.001	0.738
neutral	0.037	0.000	0.001	0.137	0.073	0.001	0.751
neutral	0.022	0.000	0.001	0.094	0.049	0.001	0.832
neutral	0.009	0.000	0.001	0.316	0.053	0.001	0.620
neutral	0.021	0.000	0.001	0.124	0.035	0.001	0.818
neutral	0.029	0.000	0.001	0.084	0.033	0.001	0.853
neutral	0.027	0.000	0.001	0.072	0.036	0.001	0.863
neutral	0.015	0.000	0.001	0.325	0.037	0.003	0.618
neutral	0.039	0.000	0.001	0.158	0.047	0.002	0.754
neutral	0.035	0.000	0.001	0.098	0.044	0.002	0.820
neutral	0.018	0.000	0.001	0.350	0.063	0.001	0.566
neutral	0.026	0.000	0.001	0.282	0.074	0.001	0.616
neutral	0.024	0.000	0.002	0.193	0.074	0.001	0.706
neutral	0.019	0.000	0.001	0.189	0.087	0.002	0.702
neutral	0.022	0.000	0.001	0.084	0.069	0.000	0.824
neutral	0.023	0.000	0.002	0.071	0.084	0.000	0.819
neutral	0.024	0.000	0.001	0.091	0.056	0.001	0.827
neutral	0.024	0.000	0.002	0.134	0.080	0.002	0.759
neutral	0.026	0.000	0.001	0.133	0.059	0.001	0.781
neutral	0.026	0.000	0.001	0.332	0.110	0.001	0.530
neutral	0.033	0.000	0.002	0.236	0.102	0.001	0.625
neutral	0.018	0.000	0.001	0.121	0.053	0.001	0.806
neutral	0.018	0.000	0.001	0.139	0.053	0.001	0.789
neutral	0.027	0.000	0.001	0.101	0.050	0.000	0.820
neutral	0.018	0.000	0.001	0.138	0.055	0.001	0.788
neutral	0.019	0.000	0.001	0.133	0.066	0.001	0.780
neutral	0.027	0.000	0.001	0.126	0.049	0.001	0.797
neutral	0.033	0.000	0.001	0.086	0.054	0.000	0.825
neutral	0.025	0.000	0.002	0.305	0.074	0.002	0.593
neutral	0.030	0.000	0.002	0.155	0.080	0.001	0.731
neutral	0.035	0.000	0.002	0.139	0.090	0.001	0.733
neutral	0.026	0.000	0.002	0.076	0.093	0.001	0.803
neutral	0.029	0.000	0.003	0.167	0.126	0.002	0.673
neutral	0.019	0.000	0.002	0.072	0.086	0.000	0.822
neutral	0.027	0.000	0.003	0.100	0.109	0.001	0.761
neutral	0.018	0.000	0.002	0.101	0.088	0.000	0.791
neutral	0.023	0.000	0.003	0.073	0.127	0.000	0.773
neutral	0.026	0.000	0.002	0.115	0.107	0.001	0.750
neutral	0.031	0.000	0.003	0.160	0.146	0.001	0.658
neutral	0.022	0.000	0.002	0.180	0.107	0.003	0.687
neutral	0.038	0.000	0.002	0.200	0.109	0.003	0.648
neutral	0.026	0.000	0.002	0.143	0.109	0.003	0.718
neutral	0.029	0.000	0.003	0.141	0.109	0.001	0.717
neutral	0.027	0.000	0.003	0.123	0.125	0.001	0.721
neutral	0.029	0.000	0.004	0.142	0.161	0.002	0.663
neutral	0.032	0.000	0.002	0.146	0.152	0.001	0.667
neutral	0.032	0.000	0.002	0.130	0.163	0.001	0.671
neutral	0.023	0.000	0.005	0.103	0.172	0.001	0.696
neutral	0.030	0.000	0.002	0.178	0.120	0.001	0.670
neutral	0.036	0.000	0.002	0.158	0.119	0.001	0.684
neutral	0.034	0.000	0.003	0.155	0.188	0.002	0.619
neutral	0.020	0.000	0.001	0.244	0.092	0.001	0.641
neutral	0.008	0.000	0.001	0.252	0.087	0.002	0.650
neutral	0.044	0.000	0.003	0.106	0.151	0.001	0.695
neutral	0.041	0.000	0.002	0.101	0.110	0.001	0.745
neutral	0.041	0.000	0.002	0.122	0.130	0.001	0.704
neutral	0.041	0.000	0.002	0.157	0.151	0.001	0.648
neutral	0.026	0.000	0.001	0.262	0.104	0.001	0.606
neutral	0.021	0.000	0.002	0.168	0.077	0.001	0.730
neutral	0.025	0.000	0.002	0.080	0.087	0.000	0.805
neutral	0.030	0.000	0.003	0.101	0.110	0.002	0.754
neutral	0.027	0.000	0.002	0.127	0.080	0.001	0.764
neutral	0.038	0.000	0.002	0.131	0.109	0.003	0.717
neutral	0.029	0.000	0.002	0.065	0.099	0.003	0.802
neutral	0.028	0.000	0.002	0.147	0.084	0.005	0.734
fear	0.053	0.000	0.441	0.309	0.153	0.003	0.042
neutral	0.023	0.000	0.001	0.120	0.050	0.002	0.804
neutral	0.020	0.000	0.001	0.125	0.061	0.002	0.790
neutral	0.031	0.000	0.001	0.085	0.042	0.001	0.841
neutral	0.027	0.000	0.001	0.079	0.035	0.001	0.857
neutral	0.015	0.000	0.001	0.256	0.034	0.005	0.689
neutral	0.021	0.000	0.001	0.177	0.040	0.003	0.758
neutral	0.038	0.000	0.003	0.150	0.087	0.004	0.719
neutral	0.056	0.000	0.002	0.140	0.069	0.003	0.731
neutral	0.025	0.000	0.002	0.146	0.070	0.003	0.755
neutral	0.033	0.000	0.002	0.088	0.085	0.001	0.791
neutral	0.033	0.000	0.002	0.069	0.084	0.001	0.811
neutral	0.024	0.000	0.002	0.241	0.077	0.002	0.654
neutral	0.032	0.000	0.002	0.121	0.065	0.001	0.779
neutral	0.043	0.000	0.004	0.063	0.105	0.002	0.782
neutral	0.044	0.000	0.003	0.150	0.137	0.002	0.665
neutral	0.017	0.000	0.001	0.095	0.072	0.001	0.814
neutral	0.023	0.000	0.002	0.171	0.078	0.001	0.724
neutral	0.039	0.000	0.002	0.141	0.104	0.001	0.712
neutral	0.027	0.000	0.002	0.251	0.096	0.002	0.622
neutral	0.023	0.000	0.002	0.229	0.072	0.002	0.672
neutral	0.033	0.000	0.001	0.149	0.096	0.001	0.721
neutral	0.024	0.000	0.001	0.126	0.062	0.001	0.787
neutral	0.031	0.000	0.002	0.103	0.089	0.002	0.773
neutral	0.042	0.000	0.002	0.102	0.063	0.002	0.790
neutral	0.038	0.000	0.002	0.090	0.081	0.001	0.787
neutral	0.021	0.000	0.002	0.116	0.038	0.001	0.822
neutral	0.023	0.000	0.003	0.097	0.053	0.002	0.823
neutral	0.026	0.000	0.003	0.123	0.052	0.003	0.794
neutral	0.036	0.000	0.002	0.132	0.051	0.002	0.777
neutral	0.047	0.000	0.002	0.174	0.068	0.001	0.708
neutral	0.047	0.000	0.003	0.123	0.084	0.001	0.742
neutral	0.024	0.000	0.001	0.120	0.073	0.001	0.780
neutral	0.038	0.000	0.003	0.114	0.136	0.001	0.708
neutral	0.040	0.000	0.002	0.100	0.186	0.000	0.671
neutral	0.051	0.000	0.003	0.175	0.139	0.002	0.631
neutral	0.023	0.000	0.002	0.110	0.116	0.001	0.748
neutral	0.038	0.000	0.002	0.200	0.122	0.002	0.635
neutral	0.032	0.000	0.002	0.126	0.144	0.001	0.695
neutral	0.016	0.000	0.002	0.080	0.063	0.002	0.837
neutral	0.015	0.000	0.001	0.181	0.046	0.002	0.754
neutral	0.015	0.000	0.002	0.243	0.148	0.001	0.592
neutral	0.027	0.000	0.001	0.172	0.136	0.001	0.663
neutral	0.022	0.000	0.001	0.184	0.082	0.001	0.710
neutral	0.027	0.000	0.001	0.112	0.072	0.001	0.788
neutral	0.022	0.000	0.001	0.112	0.081	0.001	0.782
neutral	0.017	0.000	0.002	0.186	0.071	0.002	0.723
neutral	0.018	0.000	0.001	0.199	0.085	0.002	0.695
neutral	0.019	0.000	0.002	0.193	0.094	0.002	0.690
neutral	0.022	0.000	0.002	0.157	0.112	0.001	0.706
neutral	0.020	0.000	0.001	0.220	0.180	0.001	0.579
neutral	0.028	0.000	0.002	0.204	0.194	0.000	0.572
neutral	0.023	0.000	0.002	0.157	0.162	0.000	0.656
neutral	0.028	0.000	0.002	0.127	0.136	0.000	0.708
neutral	0.028	0.000	0.002	0.207	0.108	0.000	0.655
neutral	0.036	0.000	0.002	0.114	0.172	0.000	0.676
neutral	0.019	0.000	0.002	0.124	0.121	0.001	0.733
neutral	0.021	0.000	0.003	0.198	0.117	0.002	0.659
neutral	0.026	0.000	0.002	0.153	0.154	0.001	0.664
neutral	0.042	0.000	0.002	0.110	0.123	0.001	0.722
neutral	0.032	0.000	0.002	0.164	0.151	0.001	0.650
neutral	0.024	0.000	0.001	0.160	0.145	0.001	0.669
neutral	0.033	0.000	0.002	0.159	0.108	0.001	0.697
neutral	0.013	0.000	0.002	0.250	0.060	0.002	0.673
neutral	0.017	0.000	0.002	0.140	0.167	0.001	0.672
neutral	0.023	0.000	0.002	0.201	0.128	0.001	0.646
neutral	0.014	0.000	0.002	0.205	0.119	0.001	0.660
neutral	0.019	0.000	0.002	0.203	0.137	0.001	0.638
neutral	0.018	0.000	0.002	0.182	0.128	0.000	0.671
neutral	0.022	0.000	0.002	0.166	0.114	0.001	0.695
neutral	0.016	0.000	0.002	0.062	0.122	0.001	0.797
neutral	0.027	0.000	0.001	0.248	0.106	0.000	0.617
neutral	0.030	0.000	0.002	0.215	0.168	0.001	0.585
neutral	0.019	0.000	0.002	0.268	0.111	0.001	0.598
neutral	0.028	0.000	0.002	0.067	0.137	0.001	0.766
neutral	0.025	0.000	0.002	0.059	0.117	0.001	0.798
neutral	0.010	0.000	0.001	0.163	0.069	0.001	0.755
neutral	0.012	0.000	0.001	0.104	0.064	0.000	0.818
neutral	0.013	0.000	0.002	0.163	0.118	0.001	0.703
neutral	0.014	0.000	0.002	0.133	0.122	0.001	0.729
neutral	0.016	0.000	0.001	0.076	0.119	0.000	0.787
neutral	0.005	0.000	0.002	0.309	0.059	0.001	0.623
neutral	0.020	0.000	0.003	0.126	0.166	0.001	0.684
neutral	0.024	0.000	0.001	0.113	0.079	0.001	0.782
neutral	0.011	0.000	0.002	0.162	0.067	0.001	0.757
neutral	0.012	0.000	0.001	0.125	0.069	0.001	0.792
neutral	0.006	0.000	0.001	0.242	0.036	0.001	0.715
neutral	0.004	0.000	0.001	0.329	0.034	0.001	0.631
