prediction	angry	disgust	fear	happy	sad	surprise	neutral
sad	0.118	0.000	0.022	0.088	0.649	0.001	0.122
neutral	0.034	0.000	0.002	0.349	0.104	0.001	0.511
neutral	0.015	0.000	0.002	0.188	0.108	0.001	0.686
neutral	0.040	0.000	0.003	0.213	0.190	0.001	0.552
sad	0.073	0.000	0.004	0.071	0.447	0.001	0.404
fear	0.016	0.000	0.608	0.052	0.258	0.003	0.063
neutral	0.079	0.000	0.003	0.198	0.222	0.001	0.497
neutral	0.016	0.000	0.002	0.224	0.106	0.001	0.651
neutral	0.033	0.000	0.002	0.016	0.111	0.001	0.836
neutral	0.014	0.000	0.020	0.022	0.198	0.004	0.742
sad	0.077	0.000	0.015	0.019	0.457	0.002	0.430
neutral	0.012	0.000	0.004	0.017	0.194	0.001	0.772
neutral	0.026	0.000	0.006	0.271	0.066	0.002	0.629
happy	0.030	0.000	0.008	0.438	0.093	0.005	0.426
neutral	0.062	0.000	0.002	0.176	0.175	0.000	0.584
happy	0.015	0.000	0.001	0.639	0.047	0.001	0.297
happy	0.010	0.000	0.001	0.702	0.012	0.001	0.274
happy	0.005	0.000	0.001	0.806	0.006	0.001	0.182
happy	0.002	0.000	0.002	0.925	0.005	0.001	0.065
happy	0.006	0.000	0.013	0.795	0.017	0.007	0.162
happy	0.020	0.000	0.022	0.700	0.048	0.011	0.199
neutral	0.048	0.000	0.024	0.259	0.098	0.003	0.568
happy	0.046	0.000	0.006	0.465	0.144	0.001	0.337
neutral	0.047	0.000	0.007	0.316	0.050	0.002	0.578
neutral	0.044	0.000	0.009	0.284	0.101	0.002	0.560
neutral	0.069	0.000	0.003	0.383	0.093	0.000	0.451
happy	0.072	0.000	0.002	0.514	0.059	0.001	0.353
neutral	0.025	0.000	0.015	0.168	0.136	0.007	0.650
happy	0.020	0.000	0.005	0.469	0.088	0.002	0.416
happy	0.017	0.000	0.004	0.633	0.029	0.006	0.312
neutral	0.027	0.000	0.001	0.459	0.033	0.001	0.478
neutral	0.022	0.000	0.003	0.295	0.042	0.001	0.636
happy	0.016	0.000	0.001	0.617	0.056	0.001	0.309
happy	0.045	0.000	0.009	0.383	0.225	0.004	0.334
happy	0.021	0.000	0.001	0.891	0.032	0.000	0.055
happy	0.045	0.000	0.002	0.659	0.073	0.001	0.220
happy	0.045	0.000	0.006	0.453	0.278	0.000	0.217
happy	0.085	0.000	0.024	0.353	0.208	0.015	0.314
angry	0.275	0.000	0.052	0.242	0.196	0.008	0.227
angry	0.410	0.000	0.044	0.058	0.185	0.009	0.294
angry	0.586	0.000	0.025	0.025	0.177	0.006	0.181
neutral	0.369	0.000	0.029	0.027	0.175	0.007	0.394
angry	0.359	0.000	0.026	0.016	0.237	0.005	0.357
angry	0.560	0.000	0.014	0.012	0.244	0.006	0.164
neutral	0.368	0.000	0.020	0.024	0.188	0.010	0.390
angry	0.483	0.000	0.026	0.026	0.307	0.003	0.154
angry	0.412	0.000	0.017	0.019	0.207	0.010	0.336
angry	0.480	0.000	0.022	0.019	0.157	0.010	0.312
angry	0.610	0.000	0.022	0.015	0.142	0.007	0.203
angry	0.451	0.000	0.018	0.012	0.176	0.010	0.333
angry	0.426	0.000	0.035	0.013	0.259	0.005	0.261
angry	0.445	0.000	0.057	0.009	0.256	0.006	0.227
angry	0.433	0.000	0.021	0.012	0.258	0.006	0.270
angry	0.688	0.000	0.016	0.007	0.160	0.004	0.124
angry	0.646	0.000	0.017	0.005	0.161	0.005	0.165
angry	0.546	0.000	0.021	0.010	0.194	0.006	0.222
angry	0.470	0.000	0.031	0.007	0.237	0.012	0.244
angry	0.567	0.000	0.021	0.007	0.183	0.008	0.214
angry	0.509	0.000	0.033	0.026	0.202	0.005	0.225
angry	0.456	0.000	0.052	0.014	0.197	0.016	0.264
angry	0.493	0.000	0.041	0.030	0.176	0.015	0.245
angry	0.591	0.000	0.023	0.012	0.185	0.003	0.186
neutral	0.339	0.000	0.035	0.013	0.239	0.004	0.370
angry	0.484	0.000	0.031	0.023	0.183	0.009	0.271
angry	0.478	0.000	0.033	0.028	0.164	0.010	0.287
angry	0.439	0.000	0.042	0.018	0.225	0.012	0.263
angry	0.415	0.000	0.031	0.013	0.239	0.003	0.300
angry	0.544	0.000	0.029	0.017	0.185	0.003	0.222
neutral	0.346	0.000	0.042	0.030	0.198	0.007	0.377
neutral	0.295	0.000	0.026	0.014	0.298	0.006	0.361
neutral	0.358	0.000	0.015	0.019	0.242	0.007	0.359
angry	0.378	0.000	0.015	0.035	0.190	0.010	0.372
neutral	0.360	0.000	0.012	0.025	0.208	0.009	0.386
neutral	0.246	0.000	0.017	0.028	0.306	0.009	0.395
neutral	0.263	0.000	0.014	0.036	0.301	0.015	0.371
sad	0.195	0.000	0.023	0.036	0.376	0.006	0.363
neutral	0.277	0.000	0.019	0.045	0.274	0.011	0.374
angry	0.351	0.000	0.022	0.029	0.267	0.006	0.324
neutral	0.203	0.000	0.017	0.056	0.254	0.008	0.462
angry	0.414	0.000	0.035	0.022	0.281	0.012	0.236
neutral	0.290	0.000	0.018	0.036	0.243	0.007	0.406
angry	0.449	0.000	0.018	0.016	0.273	0.006	0.237
angry	0.427	0.000	0.033	0.016	0.268	0.013	0.242
angry	0.320	0.000	0.018	0.034	0.306	0.007	0.315
neutral	0.344	0.000	0.019	0.035	0.231	0.005	0.366
neutral	0.323	0.000	0.015	0.047	0.238	0.006	0.371
angry	0.446	0.000	0.007	0.041	0.179	0.010	0.317
angry	0.424	0.000	0.014	0.039	0.189	0.008	0.326
angry	0.355	0.000	0.017	0.061	0.211	0.012	0.343
angry	0.393	0.000	0.010	0.060	0.173	0.011	0.352
angry	0.541	0.000	0.008	0.030	0.183	0.004	0.234
neutral	0.274	0.000	0.031	0.042	0.317	0.017	0.319
angry	0.346	0.000	0.022	0.029	0.261	0.006	0.336
angry	0.621	0.000	0.010	0.044	0.126	0.009	0.189
angry	0.652	0.000	0.010	0.016	0.165	0.004	0.153
angry	0.451	0.000	0.010	0.010	0.267	0.003	0.260
angry	0.534	0.000	0.011	0.011	0.222	0.003	0.219
sad	0.203	0.000	0.023	0.007	0.416	0.002	0.349
angry	0.511	0.000	0.011	0.011	0.232	0.003	0.231
angry	0.513	0.000	0.014	0.010	0.241	0.003	0.219
angry	0.593	0.000	0.007	0.013	0.202	0.003	0.182
angry	0.673	0.000	0.010	0.009	0.177	0.004	0.127
angry	0.633	0.000	0.012	0.008	0.219	0.001	0.127
angry	0.650	0.000	0.006	0.014	0.149	0.003	0.178
angry	0.543	0.000	0.012	0.011	0.225	0.003	0.206
angry	0.595	0.000	0.008	0.014	0.188	0.003	0.193
angry	0.659	0.000	0.006	0.010	0.154	0.003	0.168
angry	0.620	0.000	0.009	0.018	0.152	0.004	0.196
angry	0.679	0.000	0.007	0.012	0.140	0.003	0.159
angry	0.616	0.000	0.012	0.010	0.196	0.003	0.164
angry	0.642	0.000	0.005	0.016	0.171	0.003	0.163
angry	0.555	0.000	0.008	0.018	0.198	0.004	0.217
angry	0.652	0.000	0.006	0.014	0.152	0.003	0.173
angry	0.690	0.000	0.006	0.017	0.136	0.003	0.148
angry	0.634	0.000	0.006	0.019	0.154	0.003	0.185
angry	0.615	0.000	0.006	0.019	0.171	0.003	0.185
angry	0.667	0.000	0.006	0.016	0.148	0.003	0.159
angry	0.609	0.000	0.011	0.016	0.181	0.003	0.181
angry	0.498	0.000	0.011	0.027	0.171	0.004	0.290
angry	0.643	0.000	0.011	0.020	0.142	0.004	0.180
angry	0.651	0.000	0.007	0.017	0.163	0.003	0.158
angry	0.697	0.000	0.006	0.018	0.142	0.003	0.134
fear	0.222	0.000	0.296	0.142	0.144	0.043	0.153
angry	0.695	0.000	0.007	0.017	0.145	0.002	0.134
fear	0.207	0.000	0.315	0.117	0.168	0.035	0.157
angry	0.667	0.000	0.006	0.014	0.143	0.004	0.166
fear	0.217	0.000	0.288	0.154	0.125	0.042	0.174
angry	0.736	0.000	0.010	0.019	0.096	0.007	0.131
angry	0.643	0.000	0.008	0.016	0.156	0.003	0.173
angry	0.699	0.000	0.006	0.016	0.123	0.003	0.153
fear	0.200	0.000	0.317	0.130	0.154	0.056	0.144
angry	0.663	0.000	0.009	0.017	0.176	0.002	0.133
angry	0.659	0.000	0.007	0.014	0.149	0.002	0.169
angry	0.701	0.000	0.008	0.009	0.143	0.002	0.136
angry	0.741	0.000	0.007	0.013	0.113	0.003	0.122
angry	0.668	0.000	0.007	0.014	0.136	0.004	0.171
angry	0.681	0.000	0.008	0.014	0.145	0.003	0.150
angry	0.647	0.000	0.008	0.016	0.140	0.004	0.186
angry	0.669	0.000	0.006	0.015	0.131	0.004	0.175
angry	0.636	0.000	0.009	0.013	0.149	0.003	0.190
angry	0.590	0.000	0.008	0.017	0.164	0.004	0.217
angry	0.508	0.000	0.013	0.016	0.215	0.004	0.245
fear	0.270	0.000	0.291	0.099	0.141	0.037	0.162
angry	0.556	0.000	0.011	0.009	0.185	0.003	0.236
angry	0.558	0.000	0.010	0.017	0.187	0.005	0.224
angry	0.681	0.000	0.005	0.010	0.142	0.003	0.158
angry	0.571	0.000	0.010	0.012	0.238	0.005	0.163
angry	0.625	0.000	0.012	0.007	0.215	0.002	0.139
angry	0.526	0.000	0.015	0.012	0.229	0.004	0.214
angry	0.610	0.000	0.008	0.019	0.202	0.004	0.158
angry	0.686	0.000	0.007	0.020	0.152	0.007	0.127
angry	0.570	0.000	0.008	0.013	0.202	0.006	0.201
angry	0.410	0.000	0.017	0.019	0.324	0.005	0.225
angry	0.533	0.000	0.015	0.016	0.197	0.007	0.232
angry	0.580	0.000	0.009	0.017	0.218	0.004	0.171
angry	0.558	0.000	0.008	0.021	0.255	0.004	0.155
angry	0.623	0.000	0.010	0.044	0.134	0.015	0.175
angry	0.597	0.000	0.018	0.065	0.128	0.017	0.174
angry	0.689	0.000	0.012	0.027	0.123	0.018	0.131
angry	0.606	0.000	0.009	0.016	0.195	0.004	0.169
angry	0.479	0.000	0.025	0.046	0.248	0.014	0.187
angry	0.493	0.000	0.015	0.015	0.312	0.003	0.161
angry	0.605	0.000	0.009	0.020	0.193	0.005	0.167
angry	0.621	0.000	0.008	0.015	0.187	0.005	0.164
angry	0.583	0.000	0.008	0.013	0.229	0.005	0.163
angry	0.495	0.000	0.013	0.013	0.255	0.008	0.217
sad	0.265	0.000	0.020	0.017	0.410	0.005	0.283
angry	0.484	0.000	0.012	0.018	0.267	0.003	0.216
angry	0.529	0.000	0.020	0.009	0.273	0.003	0.165
angry	0.472	0.000	0.007	0.019	0.218	0.006	0.278
angry	0.607	0.000	0.008	0.029	0.159	0.011	0.185
angry	0.546	0.000	0.007	0.019	0.221	0.005	0.201
angry	0.448	0.000	0.012	0.012	0.290	0.006	0.232
angry	0.535	0.000	0.011	0.018	0.217	0.005	0.215
angry	0.588	0.000	0.012	0.008	0.210	0.003	0.178
angry	0.537	0.000	0.008	0.018	0.197	0.006	0.233
angry	0.584	0.000	0.006	0.013	0.193	0.005	0.199
angry	0.603	0.000	0.009	0.017	0.199	0.005	0.168
angry	0.512	0.000	0.008	0.012	0.229	0.006	0.233
angry	0.592	0.000	0.007	0.023	0.228	0.006	0.144
angry	0.528	0.000	0.012	0.010	0.258	0.004	0.189
angry	0.675	0.000	0.006	0.014	0.157	0.006	0.142
angry	0.621	0.000	0.007	0.014	0.224	0.004	0.130
angry	0.535	0.000	0.011	0.012	0.232	0.005	0.204
angry	0.704	0.000	0.005	0.023	0.127	0.010	0.130
angry	0.598	0.000	0.010	0.021	0.227	0.008	0.136
angry	0.639	0.000	0.008	0.010	0.232	0.005	0.104
angry	0.598	0.000	0.008	0.029	0.219	0.006	0.141
angry	0.560	0.000	0.008	0.020	0.165	0.007	0.239
angry	0.616	0.000	0.007	0.018	0.210	0.005	0.143
angry	0.723	0.000	0.006	0.016	0.132	0.006	0.116
angry	0.660	0.000	0.010	0.024	0.177	0.012	0.117
angry	0.645	0.000	0.007	0.019	0.153	0.004	0.171
angry	0.715	0.000	0.009	0.017	0.119	0.009	0.130
angry	0.654	0.000	0.011	0.036	0.156	0.012	0.131
angry	0.732	0.000	0.008	0.016	0.123	0.009	0.112
angry	0.677	0.000	0.006	0.020	0.173	0.005	0.118
angry	0.669	0.000	0.008	0.045	0.161	0.008	0.109
angry	0.597	0.000	0.007	0.026	0.145	0.008	0.218
angry	0.594	0.000	0.009	0.053	0.151	0.009	0.184
angry	0.647	0.000	0.006	0.036	0.126	0.008	0.178
angry	0.594	0.000	0.008	0.034	0.160	0.011	0.193
angry	0.548	0.000	0.009	0.015	0.226	0.004	0.197
angry	0.607	0.000	0.008	0.044	0.158	0.008	0.175
angry	0.625	0.000	0.006	0.025	0.175	0.007	0.162
angry	0.470	0.000	0.011	0.022	0.290	0.004	0.203
angry	0.653	0.000	0.007	0.025	0.155	0.008	0.153
angry	0.521	0.000	0.012	0.014	0.213	0.006	0.235
angry	0.487	0.000	0.009	0.015	0.250	0.005	0.233
angry	0.685	0.000	0.007	0.023	0.122	0.008	0.155
angry	0.749	0.000	0.006	0.028	0.114	0.006	0.096
angry	0.622	0.000	0.008	0.032	0.184	0.010	0.145
angry	0.581	0.000	0.009	0.026	0.177	0.016	0.191
angry	0.749	0.000	0.004	0.027	0.106	0.006	0.107
angry	0.785	0.000	0.005	0.026	0.102	0.007	0.075
angry	0.742	0.000	0.008	0.027	0.124	0.008	0.092
angry	0.730	0.000	0.009	0.016	0.147	0.006	0.092
angry	0.479	0.000	0.013	0.046	0.167	0.008	0.287
angry	0.704	0.000	0.012	0.018	0.122	0.010	0.135
angry	0.696	0.000	0.010	0.026	0.146	0.009	0.113
angry	0.443	0.000	0.028	0.019	0.135	0.012	0.363
angry	0.666	0.000	0.010	0.026	0.167	0.009	0.122
angry	0.641	0.000	0.006	0.015	0.183	0.005	0.151
angry	0.727	0.000	0.005	0.012	0.157	0.005	0.094
angry	0.723	0.000	0.006	0.024	0.117	0.007	0.122
angry	0.654	0.000	0.006	0.014	0.160	0.006	0.160
angry	0.541	0.000	0.013	0.043	0.133	0.013	0.257
angry	0.691	0.000	0.008	0.027	0.165	0.006	0.102
angry	0.761	0.000	0.008	0.024	0.124	0.008	0.076
angry	0.615	0.000	0.009	0.030	0.202	0.007	0.136
angry	0.624	0.000	0.008	0.031	0.198	0.008	0.132
angry	0.616	0.000	0.008	0.030	0.206	0.008	0.132
angry	0.636	0.000	0.008	0.025	0.209	0.007	0.116
angry	0.680	0.000	0.011	0.033	0.146	0.010	0.121
angry	0.618	0.000	0.013	0.037	0.155	0.011	0.167
angry	0.647	0.000	0.006	0.015	0.188	0.007	0.136
angry	0.658	0.000	0.008	0.023	0.185	0.009	0.117
angry	0.562	0.000	0.008	0.012	0.222	0.009	0.186
angry	0.651	0.000	0.008	0.021	0.201	0.006	0.113
angry	0.555	0.000	0.007	0.015	0.224	0.006	0.193
angry	0.562	0.000	0.010	0.010	0.277	0.005	0.137
fear	0.186	0.000	0.293	0.129	0.226	0.026	0.140
angry	0.587	0.000	0.011	0.019	0.226	0.005	0.152
angry	0.605	0.001	0.021	0.031	0.178	0.016	0.148
fear	0.150	0.000	0.380	0.165	0.154	0.050	0.101
angry	0.308	0.000	0.236	0.181	0.112	0.046	0.117
angry	0.699	0.000	0.010	0.013	0.171	0.007	0.100
angry	0.644	0.000	0.010	0.037	0.153	0.010	0.146
fear	0.188	0.000	0.292	0.142	0.154	0.055	0.169
angry	0.699	0.000	0.008	0.016	0.159	0.010	0.108
fear	0.249	0.000	0.328	0.126	0.180	0.031	0.086
angry	0.719	0.000	0.007	0.023	0.156	0.005	0.090
angry	0.480	0.000	0.021	0.038	0.146	0.011	0.305
angry	0.597	0.000	0.011	0.011	0.218	0.004	0.160
angry	0.642	0.000	0.011	0.014	0.192	0.007	0.134
angry	0.653	0.000	0.008	0.020	0.158	0.007	0.153
angry	0.568	0.000	0.005	0.019	0.177	0.006	0.225
angry	0.544	0.000	0.010	0.032	0.170	0.009	0.235
angry	0.542	0.000	0.007	0.017	0.211	0.007	0.215
angry	0.604	0.000	0.008	0.030	0.231	0.008	0.119
angry	0.731	0.000	0.005	0.025	0.137	0.006	0.095
angry	0.679	0.000	0.006	0.013	0.186	0.008	0.109
angry	0.636	0.000	0.008	0.024	0.176	0.007	0.149
angry	0.542	0.000	0.006	0.015	0.201	0.007	0.229
angry	0.624	0.000	0.010	0.022	0.173	0.010	0.161
angry	0.603	0.000	0.008	0.014	0.202	0.004	0.169
angry	0.604	0.000	0.009	0.028	0.182	0.007	0.169
angry	0.680	0.000	0.007	0.013	0.187	0.006	0.107
angry	0.562	0.000	0.009	0.017	0.232	0.011	0.169
angry	0.563	0.000	0.011	0.022	0.202	0.009	0.193
angry	0.436	0.000	0.012	0.021	0.141	0.005	0.384
angry	0.685	0.000	0.009	0.020	0.157	0.010	0.119
angry	0.568	0.000	0.011	0.034	0.161	0.008	0.218
angry	0.655	0.000	0.009	0.029	0.155	0.009	0.141
angry	0.660	0.000	0.009	0.030	0.147	0.013	0.141
angry	0.683	0.000	0.007	0.023	0.170	0.008	0.110
angry	0.615	0.000	0.010	0.036	0.190	0.012	0.138
angry	0.557	0.000	0.008	0.028	0.168	0.006	0.234
angry	0.697	0.000	0.014	0.022	0.144	0.010	0.113
angry	0.700	0.000	0.009	0.021	0.167	0.008	0.096
angry	0.647	0.000	0.010	0.023	0.134	0.012	0.174
angry	0.588	0.000	0.007	0.016	0.181	0.007	0.201
angry	0.751	0.000	0.005	0.015	0.129	0.006	0.093
angry	0.745	0.000	0.007	0.022	0.133	0.010	0.082
angry	0.637	0.000	0.008	0.034	0.154	0.008	0.159
angry	0.751	0.000	0.005	0.020	0.115	0.009	0.099
angry	0.699	0.000	0.006	0.012	0.161	0.005	0.118
angry	0.494	0.000	0.013	0.027	0.250	0.009	0.208
angry	0.432	0.000	0.016	0.031	0.144	0.009	0.369
angry	0.497	0.000	0.011	0.023	0.261	0.020	0.188
angry	0.627	0.000	0.010	0.021	0.178	0.011	0.152
angry	0.537	0.000	0.022	0.034	0.219	0.011	0.177
angry	0.393	0.000	0.022	0.047	0.263	0.031	0.243
angry	0.466	0.000	0.011	0.053	0.172	0.011	0.288
angry	0.452	0.000	0.012	0.052	0.231	0.006	0.246
angry	0.556	0.000	0.011	0.043	0.164	0.006	0.220
angry	0.499	0.000	0.009	0.040	0.226	0.005	0.222
angry	0.454	0.000	0.010	0.054	0.181	0.006	0.295
angry	0.615	0.000	0.012	0.037	0.148	0.005	0.182
angry	0.478	0.000	0.011	0.053	0.204	0.011	0.243
angry	0.658	0.000	0.009	0.028	0.175	0.008	0.122
angry	0.539	0.000	0.010	0.042	0.184	0.005	0.220
angry	0.489	0.001	0.012	0.047	0.228	0.007	0.216
angry	0.404	0.001	0.015	0.064	0.214	0.011	0.292
angry	0.490	0.000	0.008	0.046	0.170	0.006	0.280
angry	0.570	0.000	0.009	0.047	0.176	0.007	0.191
angry	0.421	0.001	0.016	0.036	0.219	0.009	0.299
angry	0.334	0.003	0.026	0.056	0.296	0.013	0.272
angry	0.701	0.001	0.010	0.037	0.152	0.008	0.092
angry	0.572	0.000	0.011	0.029	0.156	0.006	0.226
angry	0.517	0.001	0.012	0.059	0.206	0.006	0.198
angry	0.679	0.000	0.007	0.040	0.147	0.008	0.119
angry	0.656	0.002	0.011	0.029	0.183	0.004	0.116
angry	0.651	0.001	0.009	0.032	0.123	0.006	0.179
angry	0.713	0.000	0.009	0.019	0.115	0.004	0.141
angry	0.583	0.001	0.014	0.041	0.208	0.009	0.143
angry	0.685	0.000	0.008	0.018	0.177	0.008	0.103
angry	0.628	0.000	0.016	0.023	0.224	0.016	0.094
angry	0.385	0.000	0.026	0.035	0.287	0.022	0.245
angry	0.663	0.000	0.010	0.045	0.134	0.005	0.142
angry	0.364	0.000	0.018	0.046	0.259	0.015	0.298
angry	0.381	0.000	0.016	0.068	0.265	0.027	0.242
angry	0.767	0.000	0.011	0.023	0.102	0.007	0.088
angry	0.723	0.000	0.009	0.035	0.121	0.011	0.101
angry	0.531	0.000	0.009	0.041	0.175	0.004	0.239
angry	0.594	0.000	0.012	0.038	0.183	0.004	0.169
angry	0.577	0.000	0.012	0.052	0.169	0.006	0.184
angry	0.492	0.000	0.014	0.026	0.258	0.013	0.198
angry	0.672	0.000	0.008	0.034	0.162	0.003	0.120
angry	0.485	0.000	0.015	0.043	0.221	0.018	0.218
angry	0.604	0.000	0.008	0.051	0.153	0.007	0.177
angry	0.644	0.000	0.009	0.043	0.159	0.011	0.133
angry	0.667	0.000	0.007	0.044	0.135	0.010	0.136
angry	0.609	0.000	0.009	0.029	0.140	0.004	0.208
angry	0.643	0.000	0.012	0.034	0.171	0.006	0.133
angry	0.601	0.001	0.011	0.046	0.168	0.004	0.169
angry	0.622	0.000	0.009	0.034	0.147	0.004	0.184
angry	0.557	0.000	0.014	0.035	0.159	0.020	0.214
angry	0.543	0.000	0.013	0.060	0.175	0.023	0.187
angry	0.600	0.000	0.013	0.014	0.228	0.008	0.136
angry	0.446	0.000	0.016	0.022	0.316	0.018	0.181
fear	0.242	0.000	0.293	0.107	0.147	0.034	0.177
angry	0.417	0.000	0.016	0.028	0.334	0.018	0.187
fear	0.221	0.000	0.360	0.089	0.122	0.069	0.140
angry	0.449	0.000	0.020	0.025	0.294	0.013	0.199
angry	0.744	0.000	0.012	0.017	0.127	0.009	0.091
angry	0.575	0.000	0.012	0.014	0.238	0.007	0.154
angry	0.533	0.000	0.016	0.033	0.206	0.021	0.191
angry	0.463	0.000	0.014	0.055	0.233	0.024	0.211
angry	0.461	0.000	0.018	0.015	0.317	0.010	0.179
angry	0.731	0.000	0.009	0.014	0.158	0.010	0.077
angry	0.437	0.000	0.020	0.025	0.265	0.012	0.241
angry	0.687	0.000	0.009	0.018	0.182	0.014	0.090
angry	0.695	0.001	0.007	0.034	0.138	0.003	0.121
angry	0.665	0.002	0.011	0.031	0.181	0.003	0.106
angry	0.663	0.002	0.011	0.026	0.192	0.003	0.103
angry	0.574	0.001	0.010	0.056	0.160	0.007	0.193
angry	0.592	0.001	0.009	0.037	0.152	0.006	0.203
angry	0.631	0.001	0.008	0.056	0.135	0.006	0.163
angry	0.585	0.001	0.011	0.029	0.186	0.005	0.184
sad	0.352	0.000	0.014	0.018	0.365	0.011	0.241
angry	0.568	0.001	0.012	0.026	0.231	0.009	0.154
angry	0.568	0.001	0.012	0.025	0.241	0.006	0.148
angry	0.552	0.001	0.012	0.033	0.212	0.006	0.185
angry	0.557	0.000	0.010	0.029	0.253	0.006	0.144
angry	0.663	0.000	0.007	0.031	0.116	0.005	0.178
angry	0.518	0.000	0.012	0.023	0.291	0.011	0.146
angry	0.582	0.001	0.013	0.028	0.220	0.005	0.152
angry	0.506	0.000	0.013	0.052	0.237	0.009	0.183
angry	0.622	0.000	0.010	0.028	0.203	0.005	0.132
angry	0.571	0.001	0.014	0.028	0.257	0.009	0.121
angry	0.690	0.000	0.010	0.026	0.117	0.004	0.152
angry	0.442	0.000	0.011	0.020	0.316	0.008	0.202
happy	0.053	0.000	0.008	0.665	0.146	0.005	0.124
angry	0.640	0.000	0.010	0.032	0.192	0.004	0.122
happy	0.053	0.000	0.007	0.719	0.121	0.004	0.096
angry	0.414	0.000	0.025	0.047	0.320	0.032	0.161
angry	0.590	0.001	0.013	0.033	0.214	0.007	0.143
angry	0.426	0.000	0.012	0.019	0.399	0.014	0.130
angry	0.606	0.000	0.014	0.024	0.239	0.008	0.110
angry	0.802	0.000	0.007	0.013	0.104	0.004	0.071
angry	0.580	0.001	0.014	0.034	0.198	0.003	0.170
angry	0.676	0.000	0.011	0.029	0.169	0.004	0.111
angry	0.701	0.000	0.010	0.026	0.145	0.004	0.114
angry	0.535	0.000	0.013	0.043	0.270	0.019	0.121
sad	0.346	0.000	0.025	0.026	0.378	0.028	0.196
angry	0.411	0.000	0.024	0.025	0.373	0.029	0.139
angry	0.523	0.000	0.012	0.041	0.266	0.011	0.146
angry	0.597	0.000	0.010	0.016	0.242	0.006	0.130
angry	0.434	0.000	0.017	0.026	0.296	0.011	0.215
angry	0.515	0.001	0.010	0.048	0.157	0.004	0.267
angry	0.661	0.000	0.016	0.024	0.175	0.009	0.115
angry	0.688	0.001	0.009	0.034	0.115	0.003	0.150
angry	0.544	0.000	0.010	0.035	0.153	0.003	0.255
angry	0.722	0.000	0.015	0.032	0.121	0.011	0.100
angry	0.439	0.000	0.029	0.028	0.267	0.015	0.222
angry	0.517	0.000	0.012	0.048	0.198	0.002	0.223
angry	0.653	0.000	0.015	0.022	0.146	0.006	0.157
angry	0.506	0.000	0.009	0.049	0.160	0.005	0.271
angry	0.672	0.000	0.009	0.027	0.138	0.008	0.146
angry	0.515	0.000	0.011	0.041	0.178	0.004	0.251
angry	0.614	0.001	0.013	0.033	0.111	0.004	0.225
angry	0.611	0.000	0.013	0.022	0.145	0.010	0.199
angry	0.666	0.001	0.012	0.034	0.096	0.005	0.186
angry	0.782	0.000	0.007	0.024	0.078	0.005	0.104
angry	0.644	0.000	0.016	0.023	0.176	0.020	0.121
angry	0.506	0.000	0.022	0.011	0.353	0.010	0.099
sad	0.301	0.000	0.054	0.054	0.339	0.033	0.218
angry	0.499	0.000	0.022	0.021	0.270	0.013	0.175
angry	0.532	0.000	0.010	0.015	0.180	0.008	0.255
neutral	0.277	0.000	0.030	0.017	0.304	0.013	0.358
angry	0.560	0.000	0.005	0.044	0.123	0.005	0.263
angry	0.368	0.000	0.050	0.020	0.324	0.016	0.222
angry	0.430	0.000	0.019	0.136	0.079	0.029	0.306
neutral	0.032	0.000	0.009	0.058	0.423	0.021	0.457
sad	0.143	0.000	0.016	0.033	0.525	0.019	0.265
neutral	0.139	0.003	0.012	0.153	0.174	0.035	0.483
neutral	0.299	0.000	0.008	0.103	0.238	0.012	0.341
neutral	0.096	0.000	0.009	0.100	0.171	0.027	0.597
neutral	0.082	0.000	0.013	0.049	0.251	0.040	0.565
angry	0.395	0.000	0.013	0.117	0.109	0.044	0.322
neutral	0.183	0.000	0.010	0.152	0.218	0.022	0.414
angry	0.486	0.001	0.010	0.045	0.170	0.023	0.264
sad	0.168	0.001	0.013	0.066	0.444	0.025	0.283
angry	0.389	0.001	0.010	0.116	0.136	0.023	0.325
angry	0.399	0.001	0.013	0.105	0.119	0.020	0.343
neutral	0.243	0.000	0.018	0.057	0.148	0.050	0.484
neutral	0.366	0.000	0.012	0.039	0.185	0.007	0.391
neutral	0.272	0.000	0.013	0.137	0.170	0.013	0.394
neutral	0.311	0.000	0.021	0.043	0.214	0.015	0.397
neutral	0.199	0.000	0.023	0.089	0.268	0.035	0.385
neutral	0.182	0.000	0.016	0.097	0.206	0.028	0.472
neutral	0.145	0.000	0.018	0.084	0.175	0.030	0.548
neutral	0.203	0.001	0.007	0.068	0.143	0.028	0.551
neutral	0.096	0.000	0.013	0.056	0.168	0.035	0.632
neutral	0.138	0.000	0.010	0.047	0.201	0.020	0.584
neutral	0.020	0.001	0.010	0.096	0.125	0.008	0.742
sad	0.043	0.000	0.018	0.138	0.397	0.030	0.374
neutral	0.084	0.000	0.016	0.098	0.364	0.021	0.417
neutral	0.166	0.001	0.008	0.113	0.319	0.015	0.378
neutral	0.041	0.000	0.013	0.084	0.278	0.011	0.572
neutral	0.119	0.001	0.005	0.068	0.290	0.005	0.513
sad	0.100	0.000	0.014	0.019	0.482	0.029	0.356
angry	0.463	0.000	0.009	0.083	0.130	0.010	0.305
angry	0.422	0.000	0.009	0.060	0.152	0.008	0.348
neutral	0.191	0.000	0.010	0.020	0.298	0.003	0.478
neutral	0.217	0.000	0.008	0.042	0.103	0.005	0.626
neutral	0.239	0.003	0.009	0.035	0.203	0.005	0.506
neutral	0.183	0.002	0.019	0.037	0.167	0.006	0.586
neutral	0.231	0.000	0.008	0.052	0.104	0.005	0.600
neutral	0.265	0.000	0.032	0.040	0.304	0.009	0.350
angry	0.586	0.001	0.008	0.023	0.157	0.009	0.216
angry	0.419	0.000	0.014	0.028	0.145	0.006	0.388
angry	0.438	0.000	0.027	0.030	0.140	0.013	0.352
neutral	0.264	0.000	0.013	0.004	0.283	0.004	0.431
neutral	0.360	0.000	0.021	0.035	0.213	0.009	0.361
neutral	0.347	0.000	0.019	0.010	0.195	0.006	0.422
neutral	0.270	0.000	0.018	0.046	0.139	0.011	0.515
angry	0.404	0.000	0.015	0.027	0.155	0.006	0.391
neutral	0.160	0.000	0.014	0.034	0.177	0.009	0.604
neutral	0.154	0.000	0.013	0.027	0.132	0.007	0.667
neutral	0.149	0.000	0.011	0.016	0.154	0.005	0.664
neutral	0.192	0.000	0.016	0.016	0.217	0.006	0.553
neutral	0.257	0.000	0.020	0.030	0.165	0.006	0.523
neutral	0.191	0.000	0.016	0.030	0.190	0.005	0.569
neutral	0.155	0.000	0.009	0.017	0.155	0.004	0.661
neutral	0.163	0.000	0.014	0.028	0.138	0.005	0.652
neutral	0.155	0.000	0.008	0.010	0.271	0.002	0.553
neutral	0.240	0.000	0.022	0.029	0.266	0.004	0.439
neutral	0.131	0.000	0.013	0.025	0.232	0.003	0.596
neutral	0.182	0.000	0.008	0.008	0.233	0.002	0.568
neutral	0.294	0.000	0.019	0.037	0.257	0.003	0.390
neutral	0.206	0.000	0.012	0.029	0.252	0.002	0.500
neutral	0.163	0.000	0.011	0.032	0.210	0.002	0.582
neutral	0.240	0.000	0.011	0.021	0.198	0.002	0.528
neutral	0.223	0.000	0.010	0.027	0.161	0.003	0.576
neutral	0.357	0.000	0.012	0.036	0.207	0.003	0.384
neutral	0.331	0.000	0.017	0.033	0.174	0.005	0.440
neutral	0.377	0.001	0.014	0.065	0.126	0.006	0.411
neutral	0.232	0.000	0.012	0.017	0.214	0.003	0.523
neutral	0.259	0.000	0.016	0.035	0.135	0.006	0.549
neutral	0.288	0.000	0.014	0.026	0.191	0.003	0.478
neutral	0.330	0.000	0.013	0.032	0.135	0.005	0.486
neutral	0.332	0.000	0.013	0.017	0.275	0.005	0.358
neutral	0.301	0.000	0.011	0.022	0.201	0.004	0.462
neutral	0.248	0.000	0.015	0.030	0.191	0.004	0.512
neutral	0.303	0.000	0.010	0.015	0.296	0.004	0.372
neutral	0.165	0.000	0.009	0.017	0.273	0.003	0.534
neutral	0.206	0.000	0.014	0.026	0.224	0.004	0.526
neutral	0.248	0.000	0.015	0.023	0.216	0.003	0.496
neutral	0.267	0.000	0.024	0.036	0.191	0.006	0.476
neutral	0.281	0.000	0.017	0.027	0.211	0.005	0.459
neutral	0.234	0.000	0.005	0.009	0.276	0.003	0.473
neutral	0.242	0.000	0.017	0.033	0.280	0.004	0.424
angry	0.432	0.000	0.007	0.029	0.170	0.003	0.359
angry	0.429	0.000	0.013	0.027	0.147	0.005	0.377
neutral	0.328	0.000	0.015	0.018	0.257	0.003	0.379
angry	0.362	0.000	0.010	0.025	0.285	0.004	0.314
angry	0.526	0.000	0.011	0.047	0.125	0.006	0.285
neutral	0.315	0.000	0.008	0.022	0.298	0.004	0.353
angry	0.479	0.001	0.008	0.045	0.139	0.003	0.324
neutral	0.153	0.000	0.018	0.025	0.181	0.004	0.620
neutral	0.269	0.000	0.028	0.041	0.169	0.007	0.486
angry	0.452	0.001	0.012	0.038	0.145	0.004	0.349
angry	0.416	0.000	0.011	0.029	0.244	0.004	0.295
neutral	0.375	0.000	0.011	0.047	0.174	0.004	0.389
angry	0.432	0.000	0.006	0.009	0.305	0.003	0.246
angry	0.365	0.000	0.010	0.020	0.319	0.003	0.282
neutral	0.312	0.001	0.014	0.027	0.277	0.004	0.365
angry	0.463	0.000	0.016	0.042	0.207	0.004	0.267
angry	0.466	0.000	0.013	0.083	0.151	0.008	0.279
angry	0.364	0.000	0.014	0.065	0.194	0.005	0.358
angry	0.432	0.000	0.013	0.031	0.210	0.006	0.308
angry	0.403	0.000	0.019	0.029	0.216	0.009	0.325
neutral	0.174	0.000	0.014	0.026	0.258	0.004	0.523
angry	0.447	0.000	0.013	0.020	0.220	0.005	0.294
angry	0.501	0.000	0.009	0.042	0.165	0.005	0.278
angry	0.434	0.000	0.008	0.031	0.162	0.003	0.361
angry	0.486	0.001	0.007	0.024	0.157	0.003	0.323
angry	0.484	0.001	0.008	0.020	0.204	0.002	0.282
angry	0.483	0.001	0.007	0.019	0.183	0.002	0.305
angry	0.519	0.001	0.008	0.029	0.146	0.003	0.293
neutral	0.337	0.000	0.007	0.029	0.161	0.003	0.462
angry	0.434	0.000	0.010	0.036	0.189	0.004	0.327
angry	0.492	0.000	0.007	0.026	0.157	0.003	0.315
angry	0.532	0.000	0.007	0.028	0.144	0.003	0.285
angry	0.429	0.000	0.011	0.026	0.174	0.005	0.355
angry	0.498	0.000	0.011	0.038	0.187	0.005	0.260
neutral	0.335	0.000	0.007	0.026	0.165	0.002	0.466
neutral	0.367	0.001	0.008	0.028	0.187	0.003	0.406
neutral	0.303	0.000	0.012	0.022	0.259	0.003	0.400
angry	0.401	0.002	0.042	0.054	0.236	0.010	0.254
angry	0.441	0.000	0.014	0.025	0.228	0.005	0.288
neutral	0.273	0.000	0.012	0.024	0.279	0.005	0.408
neutral	0.254	0.000	0.014	0.040	0.207	0.006	0.479
angry	0.404	0.000	0.012	0.024	0.232	0.003	0.324
angry	0.432	0.001	0.013	0.014	0.254	0.005	0.281
angry	0.389	0.002	0.015	0.030	0.238	0.005	0.321
angry	0.452	0.000	0.007	0.007	0.279	0.003	0.251
angry	0.402	0.001	0.010	0.015	0.269	0.002	0.302
angry	0.446	0.001	0.008	0.016	0.226	0.003	0.300
neutral	0.330	0.000	0.013	0.036	0.190	0.003	0.427
angry	0.449	0.002	0.009	0.039	0.175	0.004	0.322
neutral	0.305	0.000	0.011	0.029	0.226	0.003	0.426
angry	0.426	0.000	0.007	0.015	0.174	0.004	0.374
angry	0.445	0.001	0.009	0.033	0.162	0.004	0.345
angry	0.527	0.001	0.009	0.037	0.128	0.003	0.295
angry	0.535	0.000	0.005	0.016	0.191	0.002	0.250
angry	0.556	0.001	0.007	0.032	0.158	0.003	0.244
angry	0.535	0.001	0.010	0.026	0.148	0.003	0.278
angry	0.569	0.001	0.009	0.028	0.153	0.003	0.237
angry	0.448	0.001	0.011	0.026	0.192	0.009	0.313
neutral	0.246	0.000	0.019	0.063	0.200	0.010	0.461
neutral	0.339	0.003	0.011	0.064	0.168	0.005	0.410
angry	0.419	0.001	0.008	0.057	0.163	0.004	0.348
angry	0.568	0.000	0.004	0.015	0.162	0.002	0.249
neutral	0.327	0.000	0.007	0.022	0.233	0.003	0.408
angry	0.487	0.000	0.005	0.019	0.194	0.003	0.291
neutral	0.212	0.000	0.012	0.051	0.200	0.009	0.516
angry	0.493	0.001	0.011	0.037	0.187	0.002	0.268
angry	0.478	0.001	0.008	0.026	0.221	0.005	0.261
angry	0.393	0.000	0.013	0.030	0.197	0.006	0.361
neutral	0.380	0.001	0.006	0.030	0.148	0.002	0.432
neutral	0.229	0.001	0.007	0.014	0.201	0.003	0.547
angry	0.436	0.001	0.010	0.029	0.196	0.002	0.325
angry	0.482	0.001	0.010	0.022	0.196	0.003	0.286
angry	0.460	0.001	0.007	0.029	0.201	0.006	0.296
angry	0.417	0.001	0.009	0.033	0.161	0.002	0.377
angry	0.426	0.001	0.009	0.033	0.178	0.002	0.349
neutral	0.359	0.000	0.012	0.031	0.197	0.004	0.397
angry	0.469	0.001	0.009	0.026	0.152	0.004	0.339
angry	0.558	0.000	0.008	0.029	0.137	0.004	0.264
angry	0.496	0.000	0.007	0.023	0.170	0.006	0.299
angry	0.516	0.000	0.012	0.026	0.185	0.003	0.258
angry	0.471	0.001	0.007	0.034	0.155	0.003	0.329
angry	0.602	0.001	0.005	0.027	0.136	0.004	0.225
neutral	0.226	0.000	0.013	0.017	0.264	0.004	0.476
neutral	0.211	0.000	0.014	0.043	0.160	0.005	0.567
neutral	0.258	0.000	0.016	0.013	0.258	0.005	0.450
neutral	0.370	0.000	0.010	0.047	0.158	0.010	0.404
angry	0.445	0.000	0.013	0.042	0.162	0.010	0.328
neutral	0.114	0.000	0.018	0.067	0.154	0.010	0.636
neutral	0.370	0.000	0.009	0.039	0.145	0.004	0.431
neutral	0.293	0.000	0.026	0.058	0.163	0.010	0.450
neutral	0.279	0.000	0.018	0.033	0.243	0.010	0.417
neutral	0.261	0.000	0.018	0.020	0.255	0.003	0.442
angry	0.374	0.001	0.015	0.031	0.284	0.003	0.292
angry	0.354	0.001	0.019	0.027	0.310	0.004	0.286
neutral	0.171	0.002	0.023	0.026	0.168	0.010	0.601
neutral	0.156	0.001	0.018	0.029	0.216	0.008	0.572
neutral	0.285	0.001	0.019	0.015	0.317	0.008	0.356
neutral	0.198	0.003	0.019	0.063	0.145	0.009	0.564
neutral	0.302	0.000	0.011	0.025	0.250	0.005	0.407
neutral	0.219	0.000	0.021	0.058	0.176	0.010	0.516
sad	0.283	0.000	0.014	0.009	0.375	0.006	0.313
neutral	0.159	0.000	0.013	0.020	0.238	0.007	0.561
neutral	0.234	0.000	0.022	0.013	0.233	0.012	0.485
neutral	0.194	0.002	0.029	0.057	0.188	0.013	0.516
neutral	0.200	0.000	0.026	0.059	0.159	0.014	0.542
neutral	0.125	0.001	0.024	0.059	0.191	0.009	0.592
neutral	0.233	0.000	0.012	0.018	0.275	0.012	0.449
neutral	0.212	0.000	0.009	0.022	0.168	0.007	0.581
angry	0.376	0.001	0.017	0.025	0.245	0.005	0.331
neutral	0.194	0.001	0.017	0.063	0.193	0.007	0.525
neutral	0.184	0.002	0.019	0.091	0.199	0.006	0.500
neutral	0.236	0.001	0.019	0.028	0.323	0.005	0.388
neutral	0.326	0.001	0.024	0.020	0.270	0.006	0.353
neutral	0.270	0.002	0.018	0.035	0.315	0.006	0.354
neutral	0.210	0.000	0.015	0.035	0.284	0.009	0.446
neutral	0.198	0.000	0.010	0.024	0.228	0.009	0.531
neutral	0.210	0.001	0.015	0.034	0.285	0.004	0.452
neutral	0.273	0.001	0.020	0.027	0.322	0.002	0.356
neutral	0.261	0.000	0.014	0.013	0.301	0.003	0.407
neutral	0.281	0.000	0.013	0.011	0.303	0.003	0.389
neutral	0.286	0.001	0.019	0.036	0.255	0.006	0.397
neutral	0.295	0.001	0.016	0.021	0.329	0.005	0.333
neutral	0.296	0.001	0.018	0.048	0.172	0.014	0.451
neutral	0.287	0.000	0.013	0.017	0.288	0.005	0.389
neutral	0.322	0.000	0.014	0.034	0.217	0.005	0.406
neutral	0.207	0.001	0.017	0.113	0.201	0.007	0.454
angry	0.384	0.002	0.011	0.080	0.204	0.006	0.312
neutral	0.348	0.000	0.014	0.040	0.214	0.006	0.377
neutral	0.307	0.000	0.011	0.034	0.220	0.002	0.426
angry	0.409	0.000	0.015	0.035	0.222	0.007	0.311
angry	0.392	0.001	0.013	0.074	0.127	0.014	0.380
neutral	0.326	0.000	0.009	0.027	0.182	0.002	0.454
neutral	0.145	0.000	0.022	0.045	0.204	0.007	0.578
neutral	0.278	0.000	0.021	0.017	0.238	0.007	0.439
neutral	0.281	0.001	0.016	0.056	0.181	0.007	0.458
neutral	0.384	0.000	0.014	0.050	0.153	0.007	0.392
neutral	0.306	0.001	0.012	0.072	0.218	0.009	0.382
neutral	0.300	0.001	0.016	0.091	0.188	0.011	0.393
angry	0.447	0.000	0.019	0.034	0.234	0.020	0.247
neutral	0.322	0.001	0.011	0.068	0.214	0.009	0.376
angry	0.361	0.000	0.007	0.060	0.230	0.006	0.336
neutral	0.252	0.000	0.008	0.109	0.214	0.007	0.410
angry	0.546	0.000	0.008	0.019	0.163	0.006	0.258
angry	0.460	0.000	0.010	0.054	0.172	0.006	0.298
angry	0.512	0.000	0.008	0.031	0.157	0.006	0.285
angry	0.546	0.000	0.007	0.062	0.168	0.004	0.214
angry	0.430	0.000	0.007	0.050	0.166	0.007	0.341
angry	0.590	0.000	0.007	0.029	0.172	0.006	0.196
angry	0.491	0.000	0.008	0.021	0.191	0.007	0.282
angry	0.649	0.000	0.007	0.024	0.141	0.005	0.174
angry	0.562	0.000	0.008	0.043	0.184	0.008	0.195
angry	0.387	0.000	0.007	0.071	0.176	0.007	0.351
angry	0.374	0.002	0.012	0.085	0.187	0.012	0.328
neutral	0.361	0.000	0.007	0.088	0.175	0.008	0.361
neutral	0.301	0.000	0.007	0.076	0.146	0.007	0.463
angry	0.490	0.000	0.008	0.056	0.162	0.006	0.278
neutral	0.327	0.000	0.009	0.042	0.225	0.013	0.384
neutral	0.330	0.000	0.014	0.029	0.231	0.027	0.369
neutral	0.200	0.000	0.009	0.094	0.221	0.014	0.463
angry	0.391	0.000	0.009	0.050	0.218	0.012	0.320
neutral	0.341	0.001	0.006	0.047	0.213	0.008	0.384
angry	0.376	0.000	0.007	0.019	0.260	0.006	0.331
neutral	0.311	0.000	0.010	0.049	0.209	0.012	0.408
neutral	0.360	0.001	0.005	0.017	0.202	0.005	0.410
angry	0.420	0.001	0.005	0.024	0.217	0.007	0.326
neutral	0.257	0.000	0.009	0.058	0.221	0.007	0.447
neutral	0.198	0.002	0.015	0.076	0.173	0.020	0.515
angry	0.485	0.001	0.007	0.039	0.182	0.010	0.275
neutral	0.353	0.000	0.009	0.032	0.200	0.004	0.401
angry	0.428	0.001	0.008	0.041	0.224	0.011	0.288
angry	0.408	0.000	0.006	0.030	0.166	0.010	0.379
angry	0.397	0.004	0.008	0.114	0.176	0.009	0.291
angry	0.363	0.000	0.006	0.067	0.254	0.011	0.299
neutral	0.339	0.000	0.006	0.035	0.217	0.005	0.398
angry	0.507	0.000	0.007	0.063	0.189	0.005	0.229
angry	0.322	0.000	0.008	0.106	0.274	0.008	0.282
angry	0.598	0.000	0.008	0.038	0.172	0.005	0.179
neutral	0.272	0.001	0.008	0.062	0.270	0.009	0.378
angry	0.356	0.001	0.005	0.065	0.266	0.008	0.299
angry	0.524	0.000	0.008	0.044	0.196	0.008	0.221
angry	0.401	0.000	0.012	0.071	0.300	0.006	0.210
angry	0.411	0.000	0.006	0.056	0.239	0.004	0.283
angry	0.598	0.000	0.007	0.036	0.151	0.007	0.200
neutral	0.334	0.000	0.006	0.035	0.167	0.007	0.452
angry	0.638	0.000	0.004	0.036	0.138	0.006	0.177
angry	0.351	0.002	0.012	0.118	0.228	0.007	0.282
neutral	0.272	0.001	0.006	0.046	0.208	0.009	0.458
neutral	0.286	0.002	0.008	0.079	0.281	0.006	0.338
neutral	0.242	0.002	0.006	0.050	0.288	0.008	0.405
neutral	0.287	0.001	0.007	0.046	0.264	0.007	0.388
angry	0.442	0.000	0.005	0.018	0.159	0.007	0.367
neutral	0.304	0.001	0.006	0.080	0.289	0.007	0.313
neutral	0.294	0.001	0.008	0.114	0.141	0.009	0.433
neutral	0.371	0.000	0.008	0.026	0.158	0.014	0.423
angry	0.602	0.000	0.007	0.033	0.114	0.008	0.235
neutral	0.380	0.000	0.007	0.033	0.151	0.010	0.419
neutral	0.339	0.001	0.014	0.061	0.207	0.019	0.358
neutral	0.336	0.001	0.008	0.116	0.178	0.018	0.343
angry	0.369	0.000	0.007	0.037	0.216	0.007	0.364
neutral	0.243	0.000	0.010	0.049	0.198	0.009	0.490
neutral	0.328	0.000	0.009	0.015	0.147	0.006	0.497
neutral	0.265	0.001	0.009	0.036	0.140	0.010	0.539
angry	0.538	0.000	0.006	0.031	0.119	0.006	0.300
neutral	0.282	0.000	0.009	0.030	0.142	0.007	0.530
neutral	0.387	0.001	0.007	0.040	0.164	0.011	0.389
neutral	0.403	0.000	0.011	0.021	0.139	0.009	0.417
angry	0.383	0.001	0.013	0.074	0.161	0.019	0.350
neutral	0.358	0.001	0.009	0.033	0.180	0.009	0.411
angry	0.418	0.001	0.011	0.060	0.163	0.019	0.329
neutral	0.341	0.000	0.012	0.070	0.193	0.013	0.371
angry	0.385	0.001	0.007	0.056	0.218	0.011	0.322
neutral	0.248	0.000	0.017	0.044	0.224	0.009	0.459
neutral	0.255	0.000	0.013	0.049	0.226	0.010	0.447
angry	0.526	0.001	0.009	0.025	0.172	0.007	0.261
neutral	0.316	0.002	0.010	0.053	0.196	0.013	0.411
neutral	0.276	0.003	0.006	0.115	0.189	0.009	0.402
angry	0.574	0.000	0.006	0.024	0.149	0.006	0.241
neutral	0.293	0.001	0.010	0.055	0.206	0.013	0.422
angry	0.367	0.001	0.008	0.068	0.189	0.014	0.352
neutral	0.333	0.002	0.009	0.106	0.180	0.012	0.358
neutral	0.299	0.000	0.013	0.045	0.207	0.011	0.425
angry	0.674	0.000	0.007	0.028	0.097	0.004	0.190
neutral	0.327	0.000	0.009	0.034	0.180	0.008	0.443
neutral	0.273	0.000	0.009	0.045	0.176	0.005	0.492
neutral	0.315	0.000	0.010	0.028	0.154	0.006	0.487
angry	0.591	0.000	0.008	0.031	0.121	0.005	0.243
angry	0.415	0.001	0.008	0.047	0.182	0.011	0.336
neutral	0.298	0.001	0.006	0.036	0.193	0.006	0.460
neutral	0.229	0.001	0.010	0.057	0.140	0.013	0.549
angry	0.466	0.001	0.010	0.036	0.124	0.009	0.356
neutral	0.312	0.001	0.009	0.058	0.184	0.013	0.423
neutral	0.358	0.001	0.010	0.052	0.156	0.013	0.412
neutral	0.320	0.000	0.008	0.039	0.148	0.009	0.476
angry	0.551	0.000	0.006	0.031	0.095	0.005	0.312
angry	0.507	0.000	0.006	0.021	0.101	0.004	0.360
neutral	0.254	0.001	0.011	0.041	0.173	0.011	0.509
neutral	0.314	0.000	0.007	0.036	0.147	0.009	0.486
neutral	0.275	0.002	0.009	0.077	0.147	0.016	0.474
neutral	0.233	0.000	0.008	0.056	0.223	0.006	0.474
sad	0.272	0.000	0.009	0.048	0.341	0.009	0.322
neutral	0.260	0.001	0.011	0.089	0.160	0.009	0.470
neutral	0.199	0.001	0.009	0.050	0.174	0.021	0.547
angry	0.537	0.000	0.006	0.030	0.145	0.005	0.277
angry	0.406	0.000	0.009	0.026	0.201	0.003	0.354
neutral	0.145	0.000	0.010	0.090	0.252	0.007	0.496
neutral	0.220	0.001	0.017	0.050	0.201	0.015	0.497
angry	0.611	0.000	0.005	0.008	0.115	0.004	0.258
angry	0.476	0.000	0.008	0.026	0.113	0.004	0.373
angry	0.418	0.000	0.010	0.033	0.125	0.004	0.410
angry	0.636	0.000	0.004	0.023	0.112	0.005	0.221
angry	0.666	0.000	0.004	0.024	0.098	0.007	0.200
neutral	0.208	0.001	0.007	0.096	0.189	0.011	0.487
angry	0.462	0.000	0.005	0.041	0.125	0.005	0.361
neutral	0.170	0.000	0.005	0.075	0.258	0.005	0.487
neutral	0.222	0.000	0.008	0.042	0.215	0.008	0.505
neutral	0.254	0.001	0.008	0.044	0.240	0.008	0.446
angry	0.390	0.001	0.005	0.027	0.221	0.004	0.352
angry	0.598	0.000	0.007	0.026	0.134	0.005	0.230
neutral	0.235	0.001	0.010	0.058	0.206	0.011	0.479
neutral	0.238	0.002	0.011	0.074	0.231	0.014	0.430
neutral	0.124	0.000	0.011	0.102	0.231	0.006	0.525
angry	0.617	0.001	0.003	0.051	0.086	0.005	0.237
angry	0.675	0.001	0.007	0.029	0.115	0.005	0.168
angry	0.702	0.000	0.004	0.020	0.091	0.004	0.178
neutral	0.197	0.000	0.007	0.049	0.195	0.006	0.546
neutral	0.215	0.001	0.009	0.065	0.194	0.012	0.506
neutral	0.150	0.001	0.010	0.102	0.228	0.006	0.504
neutral	0.210	0.001	0.009	0.105	0.189	0.008	0.478
neutral	0.357	0.000	0.009	0.047	0.209	0.005	0.373
neutral	0.299	0.001	0.009	0.050	0.228	0.011	0.402
angry	0.479	0.000	0.007	0.061	0.141	0.004	0.309
neutral	0.268	0.001	0.004	0.040	0.226	0.005	0.455
neutral	0.242	0.001	0.010	0.057	0.193	0.012	0.485
neutral	0.147	0.001	0.007	0.070	0.155	0.012	0.609
neutral	0.165	0.000	0.008	0.067	0.153	0.006	0.601
neutral	0.237	0.001	0.009	0.094	0.248	0.005	0.406
neutral	0.185	0.001	0.009	0.045	0.196	0.012	0.552
neutral	0.133	0.000	0.006	0.099	0.291	0.003	0.468
neutral	0.087	0.000	0.006	0.168	0.196	0.005	0.537
neutral	0.150	0.000	0.007	0.074	0.127	0.007	0.636
neutral	0.337	0.000	0.006	0.056	0.217	0.009	0.375
angry	0.440	0.001	0.006	0.030	0.167	0.005	0.351
angry	0.371	0.001	0.009	0.034	0.240	0.009	0.337
neutral	0.301	0.001	0.011	0.044	0.202	0.010	0.431
neutral	0.142	0.001	0.010	0.052	0.197	0.007	0.591
angry	0.663	0.001	0.007	0.032	0.134	0.006	0.158
angry	0.633	0.000	0.007	0.047	0.101	0.005	0.207
angry	0.545	0.000	0.006	0.036	0.099	0.004	0.310
angry	0.364	0.001	0.011	0.039	0.221	0.010	0.355
angry	0.493	0.001	0.010	0.051	0.197	0.007	0.242
angry	0.429	0.000	0.011	0.055	0.229	0.007	0.269
angry	0.473	0.001	0.007	0.028	0.186	0.004	0.301
neutral	0.197	0.000	0.008	0.031	0.283	0.005	0.475
angry	0.504	0.000	0.007	0.046	0.181	0.007	0.254
neutral	0.232	0.001	0.010	0.070	0.224	0.015	0.448
neutral	0.133	0.001	0.008	0.090	0.261	0.005	0.502
neutral	0.085	0.000	0.007	0.089	0.196	0.009	0.613
neutral	0.162	0.000	0.007	0.115	0.290	0.006	0.420
neutral	0.215	0.001	0.008	0.076	0.307	0.006	0.388
neutral	0.252	0.000	0.006	0.078	0.185	0.006	0.474
neutral	0.155	0.001	0.006	0.106	0.263	0.006	0.464
neutral	0.336	0.001	0.007	0.038	0.257	0.004	0.358
neutral	0.174	0.001	0.009	0.105	0.215	0.008	0.489
neutral	0.111	0.001	0.009	0.064	0.207	0.008	0.601
angry	0.356	0.000	0.005	0.110	0.277	0.004	0.249
neutral	0.170	0.000	0.008	0.057	0.217	0.007	0.540
neutral	0.153	0.000	0.007	0.052	0.172	0.008	0.608
neutral	0.170	0.000	0.009	0.035	0.210	0.007	0.569
neutral	0.148	0.000	0.010	0.066	0.217	0.010	0.550
neutral	0.128	0.001	0.009	0.082	0.162	0.009	0.609
neutral	0.143	0.000	0.010	0.067	0.163	0.010	0.607
neutral	0.279	0.000	0.008	0.024	0.244	0.008	0.437
neutral	0.279	0.002	0.011	0.049	0.248	0.008	0.403
neutral	0.158	0.001	0.009	0.074	0.174	0.010	0.575
angry	0.454	0.001	0.009	0.030	0.222	0.010	0.274
angry	0.383	0.001	0.008	0.028	0.220	0.008	0.353
neutral	0.281	0.001	0.008	0.076	0.210	0.007	0.418
neutral	0.158	0.001	0.008	0.082	0.194	0.010	0.547
neutral	0.154	0.001	0.010	0.059	0.227	0.008	0.540
neutral	0.166	0.001	0.007	0.073	0.172	0.014	0.567
neutral	0.139	0.000	0.008	0.108	0.179	0.007	0.560
angry	0.531	0.000	0.008	0.024	0.171	0.007	0.260
neutral	0.149	0.000	0.008	0.080	0.158	0.014	0.590
neutral	0.131	0.001	0.008	0.096	0.143	0.009	0.613
angry	0.360	0.001	0.009	0.044	0.228	0.008	0.349
neutral	0.316	0.001	0.010	0.050	0.217	0.013	0.392
angry	0.396	0.002	0.009	0.043	0.241	0.012	0.296
