prediction	angry	disgust	fear	happy	sad	surprise	neutral
neutral	0.113	0.000	0.007	0.097	0.045	0.001	0.738
neutral	0.274	0.001	0.002	0.009	0.088	0.000	0.625
neutral	0.127	0.000	0.002	0.042	0.051	0.000	0.778
neutral	0.123	0.000	0.002	0.014	0.038	0.000	0.823
neutral	0.163	0.000	0.002	0.007	0.045	0.000	0.784
neutral	0.176	0.000	0.003	0.040	0.039	0.000	0.742
neutral	0.173	0.000	0.002	0.026	0.057	0.000	0.741
neutral	0.212	0.000	0.003	0.018	0.072	0.000	0.694
neutral	0.313	0.001	0.003	0.017	0.141	0.000	0.524
neutral	0.240	0.000	0.005	0.016	0.086	0.000	0.653
neutral	0.331	0.000	0.003	0.016	0.074	0.000	0.575
neutral	0.147	0.000	0.005	0.071	0.029	0.000	0.748
neutral	0.353	0.000	0.004	0.037	0.071	0.000	0.535
neutral	0.296	0.001	0.003	0.028	0.062	0.000	0.609
neutral	0.215	0.002	0.004	0.026	0.067	0.000	0.686
neutral	0.263	0.000	0.003	0.014	0.050	0.000	0.669
neutral	0.348	0.002	0.003	0.062	0.080	0.000	0.505
neutral	0.234	0.001	0.003	0.021	0.053	0.000	0.689
neutral	0.187	0.001	0.003	0.020	0.048	0.000	0.742
neutral	0.130	0.000	0.004	0.056	0.026	0.000	0.785
neutral	0.199	0.000	0.002	0.027	0.031	0.000	0.740
neutral	0.187	0.000	0.004	0.076	0.030	0.000	0.702
neutral	0.142	0.000	0.003	0.039	0.035	0.000	0.782
neutral	0.285	0.000	0.003	0.026	0.042	0.000	0.644
neutral	0.256	0.000	0.002	0.079	0.048	0.000	0.615
neutral	0.281	0.001	0.005	0.044	0.070	0.000	0.599
neutral	0.201	0.000	0.003	0.096	0.032	0.000	0.667
angry	0.513	0.001	0.003	0.015	0.084	0.000	0.383
neutral	0.373	0.001	0.005	0.031	0.084	0.000	0.507
angry	0.428	0.001	0.004	0.046	0.093	0.000	0.426
neutral	0.172	0.000	0.004	0.072	0.045	0.000	0.707
neutral	0.227	0.001	0.003	0.039	0.054	0.000	0.675
neutral	0.383	0.000	0.003	0.019	0.068	0.000	0.527
neutral	0.171	0.000	0.003	0.046	0.025	0.000	0.754
neutral	0.301	0.001	0.004	0.024	0.065	0.000	0.606
neutral	0.254	0.000	0.002	0.061	0.044	0.000	0.637
neutral	0.194	0.000	0.002	0.053	0.052	0.000	0.698
neutral	0.172	0.000	0.002	0.059	0.037	0.000	0.728
neutral	0.425	0.000	0.003	0.050	0.058	0.000	0.462
neutral	0.270	0.000	0.003	0.077	0.040	0.000	0.609
neutral	0.354	0.000	0.003	0.071	0.059	0.000	0.511
neutral	0.203	0.000	0.003	0.096	0.033	0.000	0.665
neutral	0.354	0.000	0.003	0.054	0.053	0.000	0.535
neutral	0.108	0.000	0.002	0.035	0.020	0.000	0.833
neutral	0.108	0.000	0.002	0.046	0.031	0.000	0.813
neutral	0.230	0.000	0.002	0.067	0.048	0.000	0.652
neutral	0.212	0.001	0.002	0.037	0.047	0.000	0.701
neutral	0.118	0.000	0.002	0.058	0.046	0.000	0.776
neutral	0.195	0.000	0.002	0.096	0.038	0.000	0.668
neutral	0.304	0.000	0.003	0.061	0.064	0.000	0.568
neutral	0.194	0.000	0.002	0.062	0.042	0.000	0.700
neutral	0.249	0.000	0.003	0.096	0.057	0.000	0.595
neutral	0.366	0.000	0.004	0.047	0.109	0.000	0.473
neutral	0.122	0.000	0.002	0.219	0.034	0.000	0.622
neutral	0.105	0.000	0.004	0.167	0.048	0.000	0.676
neutral	0.150	0.000	0.004	0.214	0.057	0.000	0.574
neutral	0.196	0.000	0.003	0.214	0.065	0.000	0.521
neutral	0.127	0.000	0.004	0.070	0.066	0.000	0.732
neutral	0.066	0.000	0.004	0.244	0.036	0.000	0.650
neutral	0.075	0.000	0.003	0.213	0.034	0.000	0.674
neutral	0.096	0.000	0.003	0.114	0.055	0.000	0.732
neutral	0.039	0.000	0.003	0.128	0.030	0.000	0.800
neutral	0.062	0.000	0.003	0.129	0.043	0.000	0.764
neutral	0.061	0.000	0.003	0.110	0.035	0.000	0.791
neutral	0.073	0.000	0.003	0.120	0.050	0.000	0.753
neutral	0.397	0.001	0.004	0.070	0.090	0.000	0.437
neutral	0.084	0.000	0.003	0.025	0.043	0.000	0.845
neutral	0.252	0.001	0.003	0.024	0.116	0.000	0.604
neutral	0.284	0.001	0.004	0.032	0.131	0.000	0.548
neutral	0.099	0.000	0.004	0.043	0.076	0.000	0.778
neutral	0.086	0.000	0.003	0.065	0.064	0.000	0.783
neutral	0.197	0.000	0.002	0.071	0.064	0.000	0.666
neutral	0.203	0.000	0.002	0.068	0.066	0.000	0.661
neutral	0.139	0.000	0.004	0.058	0.088	0.000	0.711
neutral	0.125	0.000	0.002	0.055	0.059	0.000	0.758
neutral	0.090	0.000	0.004	0.135	0.062	0.000	0.709
neutral	0.177	0.001	0.003	0.057	0.082	0.000	0.681
neutral	0.158	0.001	0.003	0.054	0.055	0.000	0.729
neutral	0.085	0.001	0.006	0.067	0.101	0.000	0.740
neutral	0.185	0.000	0.005	0.088	0.117	0.000	0.604
neutral	0.205	0.001	0.006	0.052	0.150	0.000	0.586
neutral	0.113	0.000	0.002	0.067	0.058	0.000	0.760
neutral	0.167	0.000	0.003	0.043	0.099	0.000	0.687
neutral	0.121	0.000	0.004	0.039	0.096	0.000	0.739
neutral	0.122	0.000	0.004	0.028	0.085	0.000	0.760
neutral	0.093	0.000	0.005	0.049	0.077	0.000	0.777
neutral	0.069	0.000	0.002	0.032	0.056	0.000	0.840
neutral	0.078	0.000	0.004	0.101	0.089	0.000	0.728
neutral	0.066	0.000	0.002	0.317	0.044	0.000	0.571
neutral	0.076	0.000	0.004	0.090	0.073	0.000	0.757
neutral	0.099	0.000	0.003	0.066	0.071	0.000	0.761
neutral	0.079	0.000	0.003	0.060	0.075	0.000	0.782
neutral	0.086	0.000	0.005	0.084	0.084	0.000	0.742
neutral	0.181	0.000	0.005	0.169	0.106	0.000	0.538
neutral	0.082	0.000	0.005	0.038	0.086	0.000	0.789
neutral	0.076	0.000	0.003	0.030	0.078	0.000	0.812
neutral	0.144	0.000	0.004	0.109	0.111	0.000	0.632
neutral	0.099	0.000	0.003	0.021	0.092	0.000	0.785
neutral	0.129	0.000	0.003	0.023	0.108	0.000	0.736
neutral	0.083	0.000	0.003	0.023	0.087	0.000	0.803
neutral	0.178	0.000	0.005	0.015	0.156	0.000	0.646
neutral	0.135	0.000	0.008	0.072	0.216	0.000	0.570
neutral	0.150	0.001	0.005	0.024	0.184	0.000	0.636
neutral	0.122	0.000	0.006	0.021	0.180	0.000	0.671
neutral	0.165	0.001	0.006	0.017	0.169	0.000	0.642
neutral	0.120	0.000	0.005	0.021	0.167	0.000	0.688
neutral	0.171	0.000	0.005	0.036	0.117	0.000	0.670
neutral	0.277	0.000	0.006	0.022	0.188	0.000	0.506
neutral	0.210	0.000	0.006	0.065	0.183	0.000	0.537
neutral	0.129	0.000	0.006	0.027	0.132	0.000	0.705
neutral	0.347	0.000	0.007	0.083	0.157	0.000	0.406
neutral	0.165	0.000	0.006	0.047	0.157	0.000	0.624
neutral	0.100	0.000	0.008	0.051	0.206	0.000	0.635
neutral	0.103	0.000	0.006	0.064	0.232	0.000	0.595
neutral	0.323	0.000	0.007	0.076	0.164	0.000	0.429
neutral	0.334	0.000	0.006	0.066	0.167	0.000	0.427
neutral	0.272	0.000	0.005	0.069	0.145	0.000	0.508
neutral	0.112	0.000	0.006	0.052	0.161	0.000	0.669
neutral	0.237	0.000	0.006	0.063	0.159	0.000	0.535
neutral	0.212	0.000	0.005	0.026	0.172	0.000	0.584
neutral	0.227	0.000	0.005	0.021	0.180	0.000	0.567
neutral	0.185	0.000	0.006	0.041	0.189	0.000	0.579
neutral	0.174	0.000	0.006	0.028	0.183	0.000	0.609
neutral	0.130	0.000	0.004	0.048	0.124	0.000	0.694
neutral	0.161	0.000	0.004	0.041	0.169	0.000	0.625
neutral	0.128	0.000	0.005	0.110	0.141	0.000	0.615
neutral	0.107	0.000	0.002	0.031	0.071	0.000	0.788
neutral	0.191	0.000	0.004	0.050	0.144	0.000	0.611
neutral	0.107	0.000	0.004	0.079	0.089	0.000	0.721
neutral	0.208	0.000	0.005	0.074	0.105	0.000	0.607
neutral	0.118	0.000	0.003	0.119	0.077	0.000	0.683
neutral	0.116	0.000	0.003	0.116	0.106	0.000	0.660
neutral	0.087	0.000	0.004	0.150	0.080	0.000	0.679
neutral	0.122	0.000	0.003	0.173	0.085	0.000	0.616
neutral	0.185	0.000	0.006	0.079	0.119	0.000	0.611
neutral	0.246	0.000	0.004	0.043	0.086	0.000	0.620
neutral	0.171	0.000	0.007	0.046	0.104	0.000	0.672
neutral	0.190	0.000	0.009	0.061	0.153	0.000	0.586
neutral	0.075	0.000	0.006	0.167	0.076	0.000	0.675
neutral	0.144	0.000	0.008	0.190	0.124	0.001	0.534
neutral	0.139	0.000	0.007	0.087	0.115	0.000	0.651
neutral	0.220	0.000	0.005	0.032	0.184	0.000	0.558
neutral	0.121	0.000	0.008	0.094	0.137	0.000	0.640
neutral	0.127	0.000	0.006	0.100	0.098	0.001	0.668
neutral	0.162	0.000	0.006	0.075	0.145	0.000	0.612
neutral	0.102	0.000	0.005	0.152	0.069	0.001	0.671
neutral	0.130	0.000	0.007	0.188	0.104	0.001	0.569
neutral	0.102	0.000	0.006	0.129	0.073	0.001	0.689
neutral	0.102	0.000	0.006	0.154	0.084	0.000	0.653
neutral	0.153	0.000	0.007	0.088	0.125	0.001	0.627
neutral	0.067	0.000	0.004	0.120	0.052	0.000	0.757
neutral	0.116	0.000	0.007	0.065	0.133	0.000	0.678
neutral	0.107	0.000	0.007	0.069	0.134	0.000	0.682
neutral	0.143	0.000	0.005	0.030	0.133	0.000	0.688
neutral	0.144	0.000	0.042	0.168	0.154	0.005	0.485
sad	0.228	0.000	0.168	0.155	0.237	0.049	0.164
happy	0.181	0.003	0.104	0.287	0.152	0.132	0.141
angry	0.306	0.004	0.090	0.243	0.176	0.057	0.125
angry	0.316	0.009	0.135	0.112	0.223	0.082	0.123
angry	0.287	0.014	0.197	0.021	0.255	0.139	0.088
surprise	0.168	0.032	0.076	0.190	0.139	0.238	0.157
angry	0.730	0.000	0.039	0.015	0.065	0.004	0.147
neutral	0.194	0.000	0.036	0.182	0.060	0.002	0.526
neutral	0.082	0.000	0.004	0.126	0.033	0.000	0.753
neutral	0.133	0.000	0.006	0.242	0.069	0.000	0.550
happy	0.094	0.000	0.001	0.747	0.020	0.000	0.138
happy	0.043	0.000	0.000	0.923	0.010	0.000	0.023
happy	0.121	0.000	0.001	0.783	0.025	0.000	0.070
happy	0.193	0.000	0.002	0.608	0.038	0.000	0.158
happy	0.070	0.000	0.001	0.642	0.026	0.000	0.261
happy	0.159	0.000	0.003	0.529	0.047	0.000	0.262
happy	0.060	0.000	0.001	0.759	0.022	0.000	0.158
happy	0.121	0.000	0.002	0.643	0.051	0.000	0.183
angry	0.344	0.000	0.005	0.331	0.116	0.000	0.204
happy	0.231	0.000	0.006	0.396	0.098	0.000	0.268
neutral	0.224	0.000	0.013	0.258	0.146	0.000	0.358
happy	0.230	0.000	0.011	0.408	0.116	0.000	0.235
neutral	0.229	0.000	0.012	0.282	0.142	0.000	0.335
neutral	0.352	0.000	0.022	0.121	0.145	0.001	0.360
neutral	0.243	0.000	0.019	0.137	0.155	0.000	0.446
neutral	0.315	0.000	0.017	0.190	0.130	0.000	0.346
neutral	0.297	0.000	0.016	0.174	0.129	0.000	0.383
neutral	0.297	0.000	0.011	0.115	0.145	0.000	0.431
neutral	0.204	0.000	0.012	0.215	0.138	0.000	0.430
angry	0.407	0.001	0.012	0.123	0.154	0.000	0.303
neutral	0.350	0.001	0.011	0.087	0.134	0.000	0.417
neutral	0.321	0.000	0.011	0.068	0.176	0.000	0.423
neutral	0.300	0.000	0.009	0.079	0.222	0.000	0.389
neutral	0.225	0.001	0.013	0.058	0.294	0.000	0.410
neutral	0.339	0.000	0.012	0.034	0.272	0.000	0.343
neutral	0.248	0.000	0.006	0.086	0.117	0.000	0.542
neutral	0.322	0.000	0.008	0.067	0.165	0.000	0.439
neutral	0.319	0.000	0.005	0.066	0.164	0.000	0.445
neutral	0.335	0.000	0.006	0.082	0.133	0.000	0.443
neutral	0.341	0.000	0.005	0.070	0.153	0.000	0.431
neutral	0.267	0.000	0.008	0.038	0.185	0.000	0.501
neutral	0.372	0.001	0.009	0.059	0.182	0.000	0.377
neutral	0.281	0.000	0.008	0.049	0.178	0.000	0.484
neutral	0.360	0.000	0.005	0.046	0.076	0.000	0.513
neutral	0.353	0.000	0.005	0.088	0.139	0.000	0.413
angry	0.423	0.000	0.011	0.083	0.154	0.000	0.330
neutral	0.363	0.001	0.008	0.069	0.154	0.000	0.405
neutral	0.361	0.000	0.006	0.103	0.164	0.000	0.367
neutral	0.371	0.000	0.005	0.137	0.104	0.000	0.382
neutral	0.314	0.000	0.005	0.207	0.112	0.000	0.362
neutral	0.270	0.000	0.005	0.156	0.096	0.000	0.472
angry	0.420	0.001	0.005	0.057	0.120	0.000	0.396
neutral	0.380	0.000	0.007	0.079	0.099	0.000	0.434
neutral	0.368	0.000	0.005	0.038	0.139	0.000	0.450
angry	0.512	0.000	0.007	0.032	0.132	0.000	0.317
neutral	0.388	0.000	0.006	0.068	0.081	0.000	0.456
neutral	0.370	0.000	0.003	0.136	0.096	0.000	0.394
neutral	0.350	0.000	0.005	0.170	0.088	0.000	0.386
neutral	0.236	0.000	0.005	0.197	0.085	0.000	0.476
neutral	0.231	0.000	0.006	0.174	0.061	0.000	0.526
neutral	0.285	0.000	0.005	0.227	0.072	0.000	0.411
happy	0.316	0.000	0.005	0.317	0.095	0.000	0.267
happy	0.308	0.000	0.004	0.326	0.094	0.000	0.267
angry	0.442	0.000	0.004	0.243	0.096	0.000	0.214
angry	0.342	0.000	0.006	0.277	0.099	0.000	0.276
neutral	0.241	0.000	0.003	0.206	0.090	0.000	0.460
neutral	0.205	0.000	0.005	0.306	0.084	0.000	0.400
neutral	0.220	0.000	0.006	0.213	0.095	0.000	0.465
angry	0.297	0.000	0.006	0.267	0.134	0.000	0.296
neutral	0.242	0.000	0.004	0.173	0.118	0.000	0.463
neutral	0.327	0.000	0.009	0.138	0.142	0.000	0.384
neutral	0.174	0.000	0.004	0.343	0.095	0.000	0.383
neutral	0.134	0.000	0.003	0.276	0.095	0.000	0.492
neutral	0.149	0.000	0.004	0.351	0.104	0.000	0.391
neutral	0.153	0.000	0.003	0.322	0.084	0.000	0.437
neutral	0.142	0.000	0.003	0.167	0.120	0.000	0.568
neutral	0.198	0.000	0.005	0.207	0.112	0.000	0.478
neutral	0.091	0.000	0.003	0.336	0.079	0.000	0.491
neutral	0.202	0.000	0.004	0.220	0.117	0.000	0.456
neutral	0.285	0.000	0.004	0.217	0.108	0.000	0.386
neutral	0.141	0.000	0.003	0.233	0.094	0.000	0.529
neutral	0.300	0.000	0.006	0.126	0.147	0.000	0.421
neutral	0.112	0.000	0.004	0.287	0.070	0.000	0.526
neutral	0.155	0.000	0.003	0.160	0.098	0.000	0.583
neutral	0.154	0.000	0.003	0.152	0.095	0.000	0.596
neutral	0.317	0.000	0.004	0.090	0.132	0.000	0.456
neutral	0.229	0.000	0.004	0.125	0.127	0.000	0.515
neutral	0.149	0.000	0.004	0.246	0.102	0.000	0.498
neutral	0.144	0.000	0.003	0.140	0.092	0.000	0.622
neutral	0.146	0.000	0.004	0.199	0.088	0.000	0.563
neutral	0.232	0.000	0.003	0.186	0.102	0.000	0.476
neutral	0.197	0.000	0.004	0.156	0.115	0.000	0.528
neutral	0.202	0.000	0.004	0.159	0.109	0.000	0.525
neutral	0.216	0.000	0.004	0.200	0.123	0.000	0.456
neutral	0.190	0.000	0.005	0.134	0.110	0.000	0.561
neutral	0.251	0.000	0.005	0.192	0.122	0.000	0.430
neutral	0.119	0.000	0.004	0.327	0.079	0.000	0.471
neutral	0.255	0.000	0.006	0.086	0.109	0.000	0.544
neutral	0.340	0.000	0.005	0.078	0.190	0.000	0.387
neutral	0.342	0.000	0.006	0.116	0.151	0.000	0.384
neutral	0.269	0.000	0.005	0.136	0.168	0.000	0.421
neutral	0.278	0.000	0.005	0.094	0.138	0.000	0.485
neutral	0.313	0.001	0.006	0.070	0.153	0.000	0.457
neutral	0.274	0.000	0.006	0.140	0.131	0.000	0.449
neutral	0.337	0.000	0.007	0.093	0.132	0.000	0.430
neutral	0.181	0.000	0.007	0.156	0.118	0.000	0.538
neutral	0.298	0.000	0.006	0.142	0.130	0.000	0.424
neutral	0.299	0.000	0.006	0.136	0.119	0.000	0.438
neutral	0.165	0.000	0.004	0.098	0.092	0.000	0.641
neutral	0.253	0.000	0.006	0.095	0.121	0.000	0.526
neutral	0.272	0.000	0.004	0.096	0.107	0.000	0.521
angry	0.381	0.000	0.006	0.160	0.122	0.000	0.331
neutral	0.202	0.000	0.004	0.234	0.104	0.000	0.455
neutral	0.254	0.000	0.006	0.248	0.123	0.000	0.368
neutral	0.307	0.000	0.007	0.170	0.133	0.000	0.383
neutral	0.301	0.000	0.006	0.151	0.124	0.000	0.418
neutral	0.119	0.000	0.004	0.248	0.090	0.000	0.539
neutral	0.146	0.000	0.006	0.260	0.087	0.000	0.500
neutral	0.205	0.000	0.006	0.207	0.116	0.000	0.466
neutral	0.218	0.000	0.006	0.206	0.119	0.000	0.451
neutral	0.155	0.000	0.005	0.128	0.106	0.000	0.605
neutral	0.150	0.000	0.004	0.296	0.055	0.000	0.494
neutral	0.244	0.000	0.005	0.094	0.107	0.000	0.549
neutral	0.125	0.000	0.005	0.237	0.067	0.000	0.566
neutral	0.135	0.000	0.004	0.084	0.065	0.000	0.711
neutral	0.145	0.000	0.007	0.158	0.071	0.001	0.618
neutral	0.112	0.000	0.005	0.199	0.067	0.000	0.616
neutral	0.108	0.000	0.006	0.250	0.060	0.000	0.576
neutral	0.129	0.000	0.005	0.073	0.083	0.000	0.710
neutral	0.194	0.000	0.004	0.142	0.074	0.000	0.585
neutral	0.127	0.000	0.003	0.131	0.071	0.000	0.667
neutral	0.196	0.000	0.005	0.131	0.078	0.000	0.590
neutral	0.113	0.000	0.005	0.252	0.048	0.000	0.582
neutral	0.131	0.001	0.008	0.164	0.074	0.001	0.621
neutral	0.114	0.000	0.006	0.299	0.058	0.000	0.523
neutral	0.086	0.000	0.006	0.288	0.051	0.000	0.568
neutral	0.178	0.000	0.006	0.223	0.081	0.000	0.511
neutral	0.126	0.000	0.004	0.173	0.050	0.000	0.646
neutral	0.148	0.000	0.005	0.249	0.075	0.000	0.523
neutral	0.072	0.000	0.004	0.339	0.044	0.000	0.542
neutral	0.113	0.000	0.004	0.124	0.058	0.000	0.701
neutral	0.181	0.001	0.006	0.154	0.100	0.001	0.558
neutral	0.223	0.001	0.006	0.090	0.105	0.000	0.575
neutral	0.053	0.000	0.003	0.391	0.036	0.000	0.517
neutral	0.121	0.000	0.006	0.177	0.060	0.000	0.635
neutral	0.160	0.000	0.005	0.104	0.083	0.001	0.647
neutral	0.135	0.000	0.008	0.160	0.059	0.000	0.638
neutral	0.075	0.000	0.005	0.267	0.041	0.000	0.612
neutral	0.127	0.001	0.006	0.111	0.049	0.000	0.707
neutral	0.128	0.000	0.006	0.142	0.051	0.000	0.672
neutral	0.079	0.000	0.004	0.318	0.046	0.000	0.553
neutral	0.057	0.000	0.005	0.332	0.048	0.000	0.557
neutral	0.067	0.000	0.004	0.282	0.034	0.000	0.612
neutral	0.109	0.000	0.006	0.209	0.065	0.000	0.610
neutral	0.097	0.000	0.004	0.192	0.048	0.000	0.659
neutral	0.145	0.001	0.005	0.098	0.059	0.000	0.692
neutral	0.120	0.000	0.005	0.091	0.034	0.000	0.749
neutral	0.091	0.000	0.004	0.230	0.041	0.000	0.633
neutral	0.095	0.000	0.004	0.118	0.042	0.000	0.741
neutral	0.083	0.000	0.004	0.167	0.041	0.000	0.703
neutral	0.234	0.000	0.006	0.119	0.063	0.001	0.577
neutral	0.162	0.000	0.005	0.179	0.063	0.001	0.589
neutral	0.183	0.000	0.004	0.096	0.045	0.001	0.671
neutral	0.211	0.000	0.005	0.100	0.079	0.001	0.603
neutral	0.183	0.000	0.004	0.070	0.042	0.000	0.701
neutral	0.142	0.000	0.003	0.040	0.051	0.000	0.764
neutral	0.183	0.000	0.004	0.106	0.049	0.000	0.658
neutral	0.158	0.000	0.005	0.156	0.056	0.001	0.624
neutral	0.213	0.000	0.004	0.095	0.050	0.000	0.637
neutral	0.120	0.000	0.005	0.198	0.050	0.001	0.626
neutral	0.181	0.000	0.005	0.144	0.043	0.001	0.626
neutral	0.198	0.000	0.004	0.162	0.053	0.001	0.581
neutral	0.149	0.000	0.003	0.101	0.040	0.000	0.706
neutral	0.176	0.000	0.007	0.128	0.062	0.001	0.626
neutral	0.134	0.000	0.005	0.236	0.055	0.001	0.568
neutral	0.169	0.000	0.005	0.101	0.059	0.000	0.665
neutral	0.195	0.000	0.006	0.121	0.062	0.000	0.615
neutral	0.151	0.000	0.006	0.261	0.051	0.001	0.530
neutral	0.146	0.000	0.007	0.286	0.059	0.000	0.502
happy	0.057	0.000	0.003	0.475	0.023	0.000	0.442
happy	0.041	0.000	0.002	0.654	0.018	0.000	0.284
happy	0.019	0.000	0.001	0.748	0.011	0.000	0.221
happy	0.052	0.000	0.002	0.706	0.025	0.000	0.213
happy	0.019	0.000	0.001	0.870	0.007	0.000	0.104
happy	0.038	0.000	0.001	0.748	0.012	0.001	0.201
happy	0.023	0.000	0.001	0.892	0.008	0.000	0.076
happy	0.018	0.000	0.000	0.908	0.006	0.000	0.067
happy	0.016	0.000	0.000	0.885	0.006	0.000	0.092
happy	0.014	0.000	0.000	0.920	0.004	0.000	0.062
happy	0.016	0.000	0.000	0.887	0.006	0.000	0.091
happy	0.026	0.000	0.001	0.863	0.010	0.000	0.101
happy	0.023	0.000	0.001	0.857	0.008	0.000	0.111
happy	0.012	0.000	0.000	0.915	0.005	0.000	0.068
happy	0.014	0.000	0.000	0.914	0.005	0.000	0.067
happy	0.014	0.000	0.000	0.905	0.004	0.000	0.076
happy	0.016	0.000	0.001	0.879	0.008	0.000	0.096
happy	0.013	0.000	0.000	0.906	0.007	0.000	0.073
happy	0.030	0.000	0.001	0.831	0.010	0.000	0.128
happy	0.051	0.000	0.001	0.750	0.019	0.000	0.178
happy	0.040	0.000	0.001	0.812	0.014	0.000	0.133
happy	0.018	0.000	0.001	0.862	0.009	0.000	0.110
happy	0.014	0.000	0.001	0.893	0.007	0.000	0.086
happy	0.020	0.000	0.001	0.887	0.007	0.000	0.085
happy	0.016	0.000	0.001	0.854	0.009	0.000	0.120
happy	0.017	0.000	0.001	0.827	0.011	0.000	0.144
happy	0.021	0.000	0.001	0.867	0.011	0.000	0.101
happy	0.041	0.000	0.001	0.822	0.015	0.001	0.121
happy	0.022	0.000	0.001	0.877	0.008	0.000	0.092
happy	0.010	0.000	0.000	0.905	0.005	0.000	0.080
happy	0.030	0.000	0.001	0.855	0.009	0.000	0.105
happy	0.013	0.000	0.000	0.919	0.004	0.000	0.063
happy	0.016	0.000	0.001	0.896	0.006	0.000	0.081
happy	0.037	0.000	0.001	0.834	0.012	0.000	0.115
happy	0.023	0.000	0.001	0.883	0.008	0.000	0.085
happy	0.015	0.000	0.000	0.909	0.004	0.000	0.071
happy	0.021	0.000	0.001	0.870	0.005	0.000	0.103
happy	0.011	0.000	0.000	0.912	0.004	0.000	0.072
happy	0.017	0.000	0.001	0.884	0.005	0.000	0.093
happy	0.029	0.000	0.001	0.841	0.009	0.000	0.120
happy	0.019	0.000	0.001	0.841	0.009	0.000	0.129
happy	0.018	0.000	0.001	0.839	0.008	0.000	0.134
happy	0.034	0.000	0.002	0.772	0.016	0.000	0.175
happy	0.044	0.000	0.002	0.743	0.014	0.001	0.196
happy	0.075	0.000	0.003	0.593	0.027	0.001	0.300
happy	0.135	0.001	0.005	0.478	0.053	0.000	0.327
neutral	0.128	0.001	0.005	0.394	0.066	0.001	0.406
happy	0.110	0.000	0.004	0.433	0.050	0.000	0.402
happy	0.036	0.000	0.001	0.704	0.030	0.000	0.229
neutral	0.040	0.000	0.003	0.417	0.047	0.001	0.491
neutral	0.254	0.000	0.012	0.244	0.172	0.033	0.285
sad	0.090	0.000	0.058	0.013	0.535	0.016	0.288
sad	0.271	0.000	0.070	0.017	0.466	0.030	0.145
sad	0.230	0.000	0.151	0.095	0.369	0.025	0.130
angry	0.631	0.000	0.161	0.029	0.132	0.007	0.040
angry	0.540	0.003	0.107	0.072	0.154	0.041	0.084
angry	0.546	0.003	0.223	0.031	0.107	0.036	0.055
neutral	0.062	0.000	0.010	0.219	0.054	0.000	0.655
neutral	0.101	0.000	0.006	0.277	0.065	0.000	0.552
neutral	0.155	0.000	0.004	0.312	0.057	0.000	0.471
angry	0.353	0.000	0.013	0.257	0.127	0.000	0.250
neutral	0.247	0.000	0.012	0.287	0.102	0.001	0.351
neutral	0.278	0.000	0.015	0.309	0.082	0.001	0.314
neutral	0.212	0.000	0.020	0.274	0.114	0.002	0.378
neutral	0.287	0.000	0.019	0.171	0.090	0.001	0.431
angry	0.349	0.000	0.021	0.295	0.077	0.001	0.257
happy	0.327	0.000	0.016	0.361	0.091	0.001	0.205
neutral	0.295	0.000	0.017	0.287	0.076	0.001	0.324
angry	0.381	0.000	0.017	0.221	0.079	0.002	0.301
angry	0.335	0.000	0.016	0.248	0.100	0.002	0.299
neutral	0.249	0.000	0.021	0.296	0.125	0.001	0.308
happy	0.290	0.000	0.015	0.337	0.110	0.002	0.245
neutral	0.271	0.000	0.021	0.171	0.172	0.001	0.363
neutral	0.299	0.000	0.014	0.212	0.141	0.001	0.333
happy	0.242	0.000	0.023	0.285	0.189	0.001	0.259
neutral	0.246	0.000	0.028	0.258	0.186	0.001	0.281
angry	0.294	0.001	0.018	0.252	0.144	0.001	0.291
neutral	0.299	0.000	0.026	0.117	0.154	0.003	0.401
neutral	0.228	0.000	0.027	0.158	0.189	0.003	0.395
angry	0.307	0.002	0.034	0.144	0.204	0.002	0.306
neutral	0.234	0.000	0.046	0.121	0.191	0.003	0.404
neutral	0.214	0.001	0.033	0.228	0.183	0.002	0.339
angry	0.322	0.001	0.042	0.175	0.191	0.002	0.267
neutral	0.317	0.001	0.040	0.113	0.181	0.002	0.347
angry	0.306	0.001	0.034	0.234	0.118	0.004	0.304
neutral	0.305	0.000	0.035	0.211	0.138	0.003	0.307
happy	0.251	0.000	0.022	0.312	0.119	0.004	0.291
happy	0.202	0.000	0.014	0.425	0.112	0.002	0.245
happy	0.214	0.000	0.023	0.338	0.124	0.002	0.299
neutral	0.195	0.001	0.010	0.341	0.082	0.003	0.369
happy	0.236	0.001	0.015	0.334	0.120	0.001	0.293
happy	0.166	0.000	0.012	0.422	0.093	0.002	0.304
happy	0.170	0.000	0.008	0.449	0.086	0.002	0.284
neutral	0.194	0.000	0.024	0.211	0.148	0.002	0.420
angry	0.315	0.001	0.025	0.274	0.123	0.002	0.261
neutral	0.206	0.000	0.014	0.204	0.140	0.001	0.435
happy	0.290	0.001	0.014	0.365	0.086	0.001	0.244
happy	0.298	0.001	0.021	0.319	0.095	0.001	0.265
neutral	0.315	0.001	0.018	0.112	0.095	0.001	0.459
neutral	0.211	0.001	0.018	0.180	0.117	0.000	0.473
neutral	0.230	0.002	0.013	0.132	0.204	0.000	0.419
neutral	0.304	0.001	0.025	0.118	0.237	0.000	0.316
neutral	0.336	0.001	0.011	0.110	0.173	0.000	0.369
neutral	0.278	0.002	0.010	0.123	0.165	0.000	0.421
neutral	0.340	0.002	0.012	0.080	0.202	0.001	0.364
angry	0.343	0.001	0.013	0.065	0.302	0.000	0.276
angry	0.335	0.001	0.013	0.071	0.287	0.000	0.292
neutral	0.232	0.000	0.012	0.076	0.212	0.000	0.468
neutral	0.338	0.001	0.007	0.086	0.224	0.000	0.344
neutral	0.262	0.001	0.010	0.122	0.193	0.000	0.412
neutral	0.298	0.001	0.015	0.162	0.150	0.000	0.374
neutral	0.232	0.001	0.015	0.121	0.271	0.001	0.359
neutral	0.173	0.000	0.009	0.255	0.149	0.000	0.414
neutral	0.119	0.000	0.013	0.302	0.139	0.000	0.427
neutral	0.191	0.000	0.013	0.166	0.176	0.000	0.454
neutral	0.225	0.000	0.023	0.154	0.188	0.001	0.408
neutral	0.183	0.000	0.021	0.149	0.206	0.001	0.440
neutral	0.143	0.000	0.017	0.116	0.200	0.001	0.523
neutral	0.121	0.000	0.015	0.201	0.163	0.001	0.500
neutral	0.129	0.000	0.013	0.369	0.109	0.000	0.380
neutral	0.140	0.000	0.018	0.062	0.140	0.001	0.639
neutral	0.126	0.000	0.008	0.103	0.159	0.000	0.603
neutral	0.252	0.000	0.008	0.054	0.195	0.000	0.490
neutral	0.187	0.000	0.008	0.037	0.221	0.000	0.547
neutral	0.144	0.000	0.008	0.068	0.145	0.000	0.634
neutral	0.119	0.000	0.009	0.091	0.161	0.000	0.619
neutral	0.059	0.000	0.004	0.086	0.074	0.000	0.777
neutral	0.092	0.000	0.004	0.226	0.082	0.000	0.596
neutral	0.116	0.000	0.005	0.134	0.099	0.000	0.646
neutral	0.130	0.000	0.006	0.134	0.110	0.000	0.620
neutral	0.099	0.000	0.005	0.122	0.064	0.000	0.710
neutral	0.102	0.000	0.005	0.226	0.077	0.000	0.590
neutral	0.132	0.000	0.004	0.232	0.081	0.000	0.550
neutral	0.081	0.000	0.005	0.153	0.095	0.000	0.666
neutral	0.092	0.000	0.003	0.210	0.099	0.000	0.596
neutral	0.137	0.001	0.003	0.237	0.094	0.000	0.529
happy	0.110	0.000	0.002	0.448	0.079	0.000	0.361
happy	0.089	0.000	0.002	0.484	0.050	0.000	0.375
neutral	0.154	0.000	0.003	0.370	0.086	0.000	0.386
neutral	0.087	0.000	0.004	0.313	0.061	0.000	0.536
happy	0.062	0.000	0.001	0.508	0.030	0.000	0.399
neutral	0.146	0.000	0.003	0.250	0.089	0.000	0.511
neutral	0.165	0.000	0.004	0.240	0.100	0.000	0.491
neutral	0.201	0.000	0.004	0.208	0.079	0.000	0.508
neutral	0.150	0.000	0.003	0.230	0.081	0.000	0.536
neutral	0.145	0.000	0.003	0.232	0.081	0.000	0.539
neutral	0.130	0.000	0.003	0.265	0.069	0.000	0.532
neutral	0.170	0.000	0.003	0.163	0.068	0.000	0.596
neutral	0.200	0.000	0.004	0.253	0.065	0.000	0.477
neutral	0.145	0.000	0.005	0.214	0.076	0.000	0.559
neutral	0.235	0.000	0.004	0.237	0.069	0.000	0.453
neutral	0.177	0.000	0.004	0.110	0.103	0.000	0.606
neutral	0.339	0.000	0.005	0.078	0.101	0.000	0.476
neutral	0.142	0.000	0.006	0.130	0.133	0.000	0.589
neutral	0.160	0.000	0.004	0.110	0.116	0.000	0.610
neutral	0.091	0.000	0.004	0.135	0.099	0.000	0.670
neutral	0.153	0.000	0.004	0.105	0.103	0.000	0.635
neutral	0.284	0.000	0.004	0.192	0.092	0.000	0.427
neutral	0.143	0.000	0.005	0.172	0.100	0.000	0.579
neutral	0.169	0.000	0.004	0.212	0.095	0.000	0.519
neutral	0.138	0.001	0.006	0.175	0.125	0.000	0.555
neutral	0.202	0.000	0.006	0.091	0.139	0.000	0.561
neutral	0.213	0.000	0.007	0.077	0.156	0.000	0.547
neutral	0.281	0.000	0.005	0.045	0.138	0.000	0.530
neutral	0.197	0.000	0.007	0.079	0.106	0.000	0.612
neutral	0.176	0.000	0.007	0.048	0.137	0.000	0.631
neutral	0.147	0.000	0.005	0.091	0.107	0.000	0.650
neutral	0.169	0.000	0.006	0.060	0.145	0.000	0.619
neutral	0.181	0.000	0.006	0.081	0.162	0.000	0.569
neutral	0.200	0.000	0.007	0.138	0.127	0.000	0.527
neutral	0.160	0.000	0.008	0.141	0.134	0.000	0.558
neutral	0.135	0.000	0.008	0.120	0.166	0.000	0.570
neutral	0.122	0.000	0.008	0.165	0.111	0.001	0.594
neutral	0.092	0.000	0.005	0.272	0.073	0.001	0.558
neutral	0.124	0.000	0.005	0.292	0.105	0.001	0.472
neutral	0.120	0.000	0.005	0.271	0.097	0.000	0.507
neutral	0.138	0.000	0.004	0.096	0.085	0.000	0.676
neutral	0.178	0.000	0.002	0.027	0.086	0.000	0.707
neutral	0.160	0.000	0.003	0.053	0.105	0.000	0.679
neutral	0.184	0.000	0.003	0.079	0.111	0.000	0.623
neutral	0.141	0.000	0.004	0.161	0.104	0.000	0.590
neutral	0.185	0.000	0.005	0.154	0.083	0.001	0.572
neutral	0.147	0.000	0.003	0.249	0.076	0.000	0.524
neutral	0.110	0.000	0.003	0.243	0.059	0.000	0.584
happy	0.083	0.000	0.001	0.496	0.040	0.000	0.379
happy	0.260	0.001	0.005	0.380	0.078	0.000	0.276
happy	0.108	0.000	0.002	0.616	0.038	0.000	0.236
happy	0.075	0.000	0.002	0.699	0.025	0.001	0.199
happy	0.005	0.000	0.000	0.963	0.002	0.000	0.030
happy	0.014	0.000	0.000	0.924	0.004	0.000	0.058
happy	0.005	0.000	0.000	0.968	0.001	0.000	0.026
happy	0.006	0.000	0.000	0.962	0.002	0.000	0.030
happy	0.008	0.000	0.000	0.961	0.003	0.000	0.029
happy	0.005	0.000	0.000	0.977	0.001	0.000	0.016
happy	0.004	0.000	0.000	0.977	0.001	0.000	0.018
happy	0.030	0.000	0.000	0.908	0.006	0.000	0.056
happy	0.003	0.000	0.000	0.981	0.001	0.000	0.015
happy	0.009	0.000	0.000	0.957	0.004	0.000	0.031
happy	0.051	0.000	0.001	0.796	0.015	0.000	0.137
happy	0.028	0.000	0.000	0.871	0.008	0.000	0.092
happy	0.020	0.000	0.000	0.916	0.007	0.000	0.057
happy	0.008	0.000	0.000	0.951	0.003	0.000	0.037
happy	0.025	0.000	0.001	0.857	0.010	0.000	0.107
happy	0.028	0.000	0.001	0.846	0.011	0.000	0.113
happy	0.080	0.000	0.001	0.645	0.042	0.000	0.231
happy	0.070	0.000	0.002	0.724	0.029	0.000	0.174
happy	0.080	0.000	0.001	0.729	0.026	0.001	0.163
happy	0.154	0.000	0.002	0.481	0.048	0.001	0.314
happy	0.116	0.000	0.002	0.632	0.031	0.001	0.218
happy	0.104	0.000	0.002	0.686	0.043	0.001	0.164
happy	0.112	0.000	0.002	0.613	0.034	0.001	0.240
happy	0.049	0.000	0.001	0.784	0.024	0.001	0.142
happy	0.098	0.000	0.002	0.653	0.034	0.001	0.211
happy	0.040	0.000	0.001	0.716	0.019	0.000	0.223
happy	0.091	0.000	0.002	0.631	0.062	0.001	0.213
neutral	0.115	0.000	0.004	0.358	0.056	0.001	0.466
neutral	0.101	0.000	0.003	0.338	0.058	0.001	0.501
happy	0.076	0.000	0.003	0.522	0.040	0.001	0.357
neutral	0.086	0.000	0.003	0.346	0.066	0.000	0.498
neutral	0.068	0.000	0.003	0.363	0.063	0.000	0.503
happy	0.074	0.000	0.004	0.498	0.062	0.000	0.362
neutral	0.168	0.000	0.007	0.307	0.073	0.000	0.445
neutral	0.182	0.000	0.003	0.219	0.120	0.000	0.477
neutral	0.109	0.000	0.002	0.280	0.081	0.000	0.528
neutral	0.080	0.000	0.003	0.294	0.053	0.000	0.569
neutral	0.115	0.000	0.005	0.141	0.094	0.000	0.644
neutral	0.177	0.000	0.004	0.289	0.073	0.000	0.457
neutral	0.072	0.000	0.003	0.217	0.061	0.000	0.647
neutral	0.145	0.000	0.002	0.343	0.062	0.000	0.447
neutral	0.171	0.000	0.003	0.216	0.089	0.000	0.520
neutral	0.109	0.000	0.004	0.171	0.071	0.000	0.645
neutral	0.190	0.000	0.003	0.150	0.083	0.000	0.573
neutral	0.136	0.000	0.003	0.269	0.091	0.000	0.500
happy	0.057	0.000	0.002	0.554	0.049	0.000	0.338
neutral	0.112	0.000	0.003	0.343	0.081	0.000	0.462
neutral	0.174	0.000	0.005	0.145	0.073	0.000	0.602
neutral	0.223	0.000	0.004	0.068	0.106	0.000	0.599
neutral	0.209	0.000	0.004	0.107	0.104	0.000	0.576
neutral	0.144	0.000	0.003	0.091	0.088	0.000	0.673
neutral	0.072	0.000	0.003	0.265	0.055	0.000	0.604
neutral	0.155	0.000	0.004	0.136	0.122	0.000	0.583
neutral	0.126	0.000	0.002	0.199	0.098	0.000	0.574
neutral	0.201	0.000	0.005	0.215	0.103	0.000	0.475
neutral	0.217	0.000	0.003	0.123	0.115	0.000	0.542
neutral	0.093	0.000	0.002	0.365	0.057	0.000	0.483
neutral	0.149	0.000	0.004	0.347	0.085	0.001	0.414
neutral	0.269	0.000	0.003	0.159	0.116	0.000	0.452
neutral	0.079	0.000	0.003	0.183	0.060	0.000	0.674
neutral	0.097	0.000	0.005	0.252	0.072	0.000	0.574
neutral	0.176	0.000	0.005	0.206	0.082	0.001	0.530
neutral	0.110	0.000	0.004	0.192	0.086	0.000	0.607
neutral	0.163	0.000	0.004	0.161	0.094	0.000	0.578
neutral	0.108	0.000	0.002	0.260	0.097	0.000	0.534
happy	0.124	0.000	0.003	0.380	0.118	0.001	0.374
neutral	0.180	0.000	0.004	0.255	0.106	0.001	0.455
happy	0.114	0.000	0.003	0.445	0.098	0.000	0.340
happy	0.058	0.000	0.002	0.557	0.051	0.000	0.331
happy	0.023	0.000	0.001	0.754	0.016	0.000	0.206
happy	0.031	0.000	0.001	0.875	0.010	0.000	0.083
happy	0.014	0.000	0.000	0.937	0.006	0.000	0.043
happy	0.006	0.000	0.000	0.977	0.002	0.000	0.015
happy	0.017	0.000	0.000	0.949	0.005	0.000	0.028
happy	0.010	0.000	0.000	0.968	0.003	0.000	0.020
happy	0.008	0.000	0.000	0.985	0.001	0.000	0.006
happy	0.009	0.000	0.000	0.965	0.004	0.000	0.022
happy	0.021	0.000	0.000	0.950	0.006	0.000	0.023
happy	0.013	0.000	0.000	0.967	0.003	0.000	0.016
happy	0.009	0.000	0.000	0.971	0.004	0.000	0.016
happy	0.006	0.000	0.000	0.978	0.002	0.000	0.014
happy	0.014	0.000	0.000	0.952	0.005	0.001	0.028
happy	0.005	0.000	0.000	0.988	0.001	0.000	0.006
happy	0.003	0.000	0.000	0.988	0.001	0.000	0.007
happy	0.006	0.000	0.000	0.987	0.001	0.000	0.006
happy	0.008	0.000	0.000	0.978	0.002	0.000	0.012
happy	0.012	0.000	0.000	0.970	0.003	0.000	0.015
happy	0.011	0.000	0.000	0.969	0.003	0.000	0.017
happy	0.019	0.000	0.000	0.949	0.004	0.000	0.027
happy	0.005	0.000	0.000	0.966	0.003	0.000	0.026
happy	0.011	0.000	0.000	0.941	0.005	0.000	0.042
happy	0.022	0.000	0.000	0.910	0.008	0.000	0.059
happy	0.012	0.000	0.000	0.939	0.006	0.000	0.043
happy	0.019	0.000	0.000	0.914	0.010	0.000	0.056
happy	0.012	0.000	0.000	0.956	0.004	0.000	0.027
happy	0.014	0.000	0.000	0.944	0.005	0.000	0.037
happy	0.014	0.000	0.000	0.943	0.004	0.000	0.037
happy	0.021	0.000	0.000	0.906	0.007	0.000	0.065
happy	0.010	0.000	0.000	0.923	0.007	0.000	0.061
happy	0.033	0.000	0.001	0.879	0.014	0.001	0.073
happy	0.025	0.000	0.000	0.925	0.007	0.000	0.042
happy	0.012	0.000	0.000	0.923	0.007	0.000	0.058
happy	0.017	0.000	0.000	0.920	0.011	0.000	0.052
happy	0.018	0.000	0.000	0.928	0.007	0.000	0.046
happy	0.011	0.000	0.000	0.924	0.007	0.000	0.058
happy	0.080	0.000	0.001	0.755	0.031	0.001	0.132
happy	0.053	0.000	0.001	0.842	0.015	0.000	0.090
happy	0.045	0.000	0.001	0.804	0.019	0.001	0.131
happy	0.041	0.000	0.001	0.764	0.021	0.000	0.172
happy	0.021	0.000	0.001	0.889	0.009	0.000	0.080
happy	0.025	0.000	0.001	0.831	0.016	0.000	0.127
happy	0.058	0.000	0.001	0.746	0.034	0.000	0.161
happy	0.018	0.000	0.000	0.848	0.010	0.000	0.123
happy	0.053	0.000	0.001	0.716	0.034	0.000	0.196
happy	0.123	0.000	0.001	0.556	0.051	0.000	0.269
happy	0.018	0.000	0.001	0.875	0.012	0.000	0.094
happy	0.037	0.000	0.001	0.782	0.023	0.000	0.158
happy	0.008	0.000	0.000	0.914	0.006	0.000	0.072
happy	0.091	0.000	0.001	0.697	0.043	0.000	0.169
happy	0.026	0.000	0.001	0.822	0.023	0.000	0.129
happy	0.108	0.000	0.001	0.697	0.039	0.001	0.154
happy	0.067	0.000	0.001	0.757	0.032	0.001	0.142
happy	0.071	0.000	0.001	0.729	0.033	0.001	0.165
happy	0.164	0.000	0.001	0.530	0.056	0.000	0.248
happy	0.109	0.000	0.002	0.616	0.047	0.000	0.226
happy	0.074	0.000	0.002	0.733	0.032	0.001	0.159
happy	0.050	0.000	0.001	0.787	0.029	0.001	0.132
happy	0.043	0.000	0.001	0.849	0.022	0.001	0.084
happy	0.027	0.000	0.001	0.818	0.018	0.000	0.135
happy	0.116	0.000	0.002	0.586	0.076	0.000	0.219
happy	0.081	0.000	0.002	0.663	0.040	0.000	0.213
happy	0.028	0.000	0.001	0.869	0.019	0.000	0.083
happy	0.083	0.000	0.002	0.651	0.060	0.001	0.203
happy	0.095	0.000	0.002	0.775	0.041	0.000	0.087
happy	0.046	0.000	0.002	0.741	0.030	0.000	0.181
happy	0.099	0.000	0.002	0.588	0.046	0.000	0.265
happy	0.126	0.000	0.003	0.560	0.061	0.001	0.250
happy	0.113	0.000	0.002	0.677	0.054	0.001	0.153
happy	0.162	0.000	0.002	0.403	0.079	0.001	0.352
happy	0.129	0.000	0.002	0.591	0.063	0.000	0.215
happy	0.024	0.000	0.001	0.715	0.018	0.000	0.241
happy	0.075	0.000	0.001	0.549	0.044	0.000	0.330
happy	0.097	0.000	0.003	0.439	0.071	0.000	0.389
happy	0.080	0.000	0.002	0.518	0.044	0.000	0.356
happy	0.128	0.000	0.002	0.502	0.069	0.000	0.299
happy	0.011	0.000	0.000	0.791	0.010	0.000	0.188
happy	0.123	0.000	0.002	0.442	0.084	0.000	0.348
happy	0.092	0.000	0.001	0.490	0.051	0.000	0.365
happy	0.099	0.000	0.002	0.465	0.052	0.000	0.383
happy	0.098	0.000	0.002	0.444	0.059	0.000	0.396
happy	0.146	0.000	0.003	0.493	0.073	0.001	0.284
happy	0.158	0.000	0.003	0.444	0.079	0.000	0.315
neutral	0.204	0.000	0.004	0.346	0.099	0.000	0.347
happy	0.105	0.000	0.002	0.435	0.059	0.000	0.398
neutral	0.133	0.000	0.003	0.383	0.085	0.000	0.395
happy	0.118	0.000	0.003	0.470	0.075	0.000	0.333
happy	0.096	0.000	0.002	0.492	0.059	0.000	0.351
happy	0.108	0.000	0.002	0.482	0.050	0.001	0.358
neutral	0.116	0.000	0.003	0.357	0.082	0.000	0.441
happy	0.060	0.000	0.002	0.543	0.052	0.000	0.342
happy	0.083	0.000	0.002	0.550	0.062	0.000	0.303
happy	0.151	0.000	0.004	0.393	0.076	0.001	0.374
happy	0.112	0.000	0.001	0.544	0.043	0.000	0.299
happy	0.111	0.000	0.003	0.462	0.069	0.000	0.356
happy	0.098	0.000	0.003	0.528	0.050	0.000	0.321
happy	0.044	0.000	0.003	0.738	0.036	0.001	0.179
happy	0.078	0.000	0.003	0.632	0.044	0.000	0.243
happy	0.080	0.000	0.004	0.532	0.066	0.000	0.318
happy	0.088	0.000	0.003	0.526	0.064	0.000	0.318
happy	0.046	0.000	0.002	0.779	0.029	0.000	0.144
happy	0.087	0.000	0.003	0.523	0.064	0.000	0.322
happy	0.079	0.000	0.002	0.597	0.066	0.000	0.254
happy	0.146	0.000	0.002	0.421	0.087	0.000	0.344
happy	0.154	0.000	0.002	0.465	0.078	0.000	0.301
neutral	0.132	0.000	0.005	0.234	0.075	0.000	0.554
neutral	0.122	0.000	0.004	0.351	0.092	0.000	0.430
neutral	0.107	0.000	0.004	0.264	0.081	0.000	0.544
neutral	0.136	0.000	0.003	0.201	0.087	0.000	0.572
neutral	0.128	0.000	0.003	0.238	0.080	0.000	0.550
neutral	0.115	0.000	0.005	0.198	0.096	0.000	0.586
neutral	0.197	0.000	0.004	0.225	0.095	0.000	0.479
neutral	0.179	0.000	0.003	0.211	0.082	0.000	0.525
neutral	0.136	0.000	0.003	0.299	0.076	0.000	0.485
happy	0.077	0.000	0.002	0.508	0.052	0.001	0.360
happy	0.079	0.000	0.002	0.518	0.047	0.000	0.354
happy	0.046	0.000	0.002	0.610	0.037	0.000	0.304
happy	0.073	0.000	0.001	0.604	0.035	0.000	0.286
neutral	0.080	0.000	0.003	0.283	0.055	0.000	0.578
neutral	0.118	0.000	0.003	0.307	0.063	0.000	0.509
happy	0.049	0.000	0.003	0.566	0.046	0.000	0.336
happy	0.049	0.000	0.004	0.625	0.034	0.001	0.287
happy	0.063	0.000	0.003	0.654	0.042	0.001	0.237
happy	0.153	0.000	0.003	0.453	0.042	0.000	0.348
neutral	0.166	0.000	0.003	0.380	0.054	0.001	0.396
happy	0.151	0.000	0.003	0.535	0.040	0.000	0.271
neutral	0.174	0.000	0.002	0.349	0.049	0.000	0.425
happy	0.152	0.000	0.003	0.384	0.077	0.001	0.383
happy	0.122	0.000	0.001	0.550	0.029	0.000	0.298
neutral	0.133	0.000	0.004	0.262	0.114	0.000	0.486
neutral	0.270	0.001	0.006	0.237	0.140	0.000	0.346
neutral	0.172	0.000	0.006	0.286	0.136	0.001	0.399
happy	0.072	0.000	0.003	0.436	0.083	0.000	0.405
neutral	0.108	0.000	0.002	0.102	0.091	0.000	0.697
neutral	0.042	0.000	0.004	0.319	0.092	0.000	0.543
neutral	0.161	0.000	0.004	0.221	0.099	0.000	0.515
neutral	0.099	0.000	0.004	0.101	0.090	0.000	0.705
neutral	0.107	0.000	0.004	0.083	0.081	0.000	0.724
neutral	0.161	0.000	0.008	0.174	0.109	0.001	0.548
neutral	0.111	0.000	0.004	0.214	0.095	0.000	0.576
neutral	0.125	0.000	0.003	0.112	0.093	0.000	0.667
neutral	0.105	0.000	0.002	0.301	0.060	0.000	0.531
neutral	0.140	0.000	0.002	0.191	0.066	0.000	0.600
neutral	0.107	0.000	0.002	0.204	0.079	0.000	0.607
neutral	0.126	0.000	0.004	0.202	0.094	0.000	0.574
neutral	0.098	0.000	0.003	0.186	0.102	0.000	0.610
neutral	0.115	0.000	0.003	0.095	0.076	0.000	0.711
neutral	0.128	0.000	0.003	0.180	0.085	0.000	0.603
neutral	0.099	0.000	0.003	0.103	0.071	0.000	0.723
neutral	0.141	0.000	0.005	0.138	0.119	0.000	0.597
neutral	0.111	0.000	0.004	0.181	0.099	0.000	0.604
neutral	0.104	0.000	0.004	0.118	0.113	0.000	0.661
neutral	0.180	0.000	0.004	0.107	0.116	0.000	0.593
neutral	0.168	0.000	0.005	0.111	0.135	0.000	0.580
neutral	0.184	0.000	0.006	0.131	0.123	0.000	0.556
neutral	0.183	0.000	0.004	0.354	0.061	0.000	0.398
neutral	0.215	0.000	0.005	0.234	0.064	0.000	0.482
neutral	0.135	0.000	0.006	0.358	0.090	0.001	0.411
neutral	0.219	0.000	0.007	0.106	0.092	0.000	0.576
neutral	0.210	0.000	0.007	0.081	0.107	0.000	0.595
happy	0.119	0.000	0.002	0.556	0.070	0.001	0.253
happy	0.024	0.000	0.000	0.904	0.014	0.000	0.057
happy	0.044	0.000	0.001	0.810	0.019	0.001	0.126
happy	0.008	0.000	0.000	0.945	0.004	0.000	0.043
happy	0.010	0.000	0.000	0.942	0.004	0.000	0.043
happy	0.008	0.000	0.000	0.953	0.004	0.000	0.034
happy	0.020	0.000	0.000	0.885	0.008	0.000	0.086
happy	0.015	0.000	0.000	0.839	0.008	0.000	0.137
happy	0.022	0.000	0.001	0.835	0.011	0.000	0.131
happy	0.004	0.000	0.000	0.974	0.002	0.000	0.020
happy	0.029	0.000	0.001	0.784	0.016	0.000	0.170
happy	0.003	0.000	0.000	0.969	0.002	0.000	0.026
happy	0.010	0.000	0.000	0.927	0.006	0.000	0.056
happy	0.049	0.000	0.002	0.679	0.039	0.000	0.231
happy	0.146	0.000	0.004	0.479	0.065	0.001	0.306
happy	0.035	0.000	0.001	0.676	0.024	0.000	0.263
happy	0.024	0.000	0.001	0.711	0.017	0.000	0.247
happy	0.057	0.000	0.002	0.530	0.040	0.000	0.370
happy	0.022	0.000	0.001	0.735	0.013	0.000	0.228
happy	0.106	0.000	0.002	0.488	0.049	0.000	0.355
neutral	0.123	0.000	0.003	0.333	0.054	0.000	0.486
happy	0.055	0.000	0.002	0.589	0.033	0.000	0.321
happy	0.070	0.000	0.002	0.640	0.020	0.000	0.268
happy	0.013	0.000	0.001	0.883	0.008	0.000	0.096
happy	0.024	0.000	0.001	0.835	0.012	0.000	0.128
happy	0.017	0.000	0.001	0.835	0.010	0.000	0.137
happy	0.013	0.000	0.001	0.904	0.008	0.000	0.074
happy	0.041	0.000	0.001	0.815	0.013	0.000	0.131
happy	0.054	0.000	0.002	0.762	0.019	0.000	0.163
happy	0.016	0.000	0.001	0.827	0.008	0.000	0.148
happy	0.013	0.000	0.001	0.825	0.009	0.000	0.151
happy	0.008	0.000	0.000	0.921	0.003	0.000	0.067
happy	0.012	0.000	0.000	0.921	0.003	0.000	0.063
happy	0.006	0.000	0.000	0.907	0.005	0.000	0.081
happy	0.010	0.000	0.000	0.930	0.004	0.000	0.056
happy	0.008	0.000	0.000	0.935	0.003	0.000	0.052
happy	0.012	0.000	0.001	0.915	0.005	0.000	0.067
happy	0.013	0.000	0.001	0.899	0.006	0.000	0.081
happy	0.007	0.000	0.000	0.929	0.003	0.000	0.060
happy	0.007	0.000	0.000	0.903	0.004	0.000	0.085
happy	0.010	0.000	0.000	0.944	0.003	0.000	0.043
happy	0.017	0.000	0.001	0.919	0.006	0.001	0.056
happy	0.005	0.000	0.000	0.957	0.002	0.000	0.037
happy	0.003	0.000	0.000	0.979	0.001	0.000	0.017
happy	0.007	0.000	0.000	0.976	0.002	0.000	0.015
happy	0.019	0.000	0.000	0.936	0.007	0.000	0.038
happy	0.018	0.000	0.000	0.942	0.004	0.000	0.035
happy	0.013	0.000	0.000	0.967	0.004	0.000	0.016
happy	0.030	0.000	0.000	0.921	0.009	0.001	0.039
happy	0.016	0.000	0.000	0.966	0.002	0.000	0.015
happy	0.009	0.000	0.000	0.973	0.002	0.000	0.016
happy	0.008	0.000	0.000	0.977	0.001	0.000	0.015
happy	0.001	0.000	0.000	0.989	0.000	0.000	0.009
happy	0.002	0.000	0.000	0.987	0.000	0.000	0.010
happy	0.001	0.000	0.000	0.982	0.000	0.000	0.017
happy	0.002	0.000	0.000	0.988	0.000	0.000	0.010
happy	0.003	0.000	0.000	0.977	0.001	0.000	0.019
happy	0.004	0.000	0.000	0.973	0.001	0.000	0.022
happy	0.003	0.000	0.000	0.985	0.000	0.000	0.012
happy	0.004	0.000	0.000	0.977	0.001	0.000	0.019
