prediction	angry	disgust	fear	happy	sad	surprise	neutral
sad	0.118	0.001	0.069	0.000	0.786	0.000	0.025
sad	0.221	0.042	0.200	0.000	0.385	0.002	0.149
sad	0.055	0.008	0.040	0.003	0.527	0.003	0.364
neutral	0.248	0.170	0.059	0.042	0.134	0.056	0.291
neutral	0.133	0.003	0.010	0.010	0.371	0.001	0.471
sad	0.172	0.003	0.011	0.018	0.406	0.005	0.384
sad	0.223	0.030	0.013	0.017	0.397	0.006	0.313
sad	0.209	0.014	0.008	0.010	0.533	0.002	0.225
sad	0.205	0.016	0.008	0.006	0.532	0.002	0.232
sad	0.278	0.017	0.006	0.020	0.470	0.002	0.206
sad	0.280	0.041	0.009	0.021	0.344	0.006	0.300
sad	0.283	0.022	0.008	0.031	0.398	0.002	0.257
sad	0.303	0.036	0.011	0.039	0.333	0.003	0.276
angry	0.452	0.012	0.010	0.027	0.264	0.008	0.226
angry	0.508	0.019	0.005	0.017	0.307	0.002	0.142
angry	0.411	0.008	0.004	0.030	0.290	0.002	0.255
angry	0.460	0.012	0.004	0.032	0.319	0.004	0.168
neutral	0.246	0.016	0.004	0.042	0.229	0.010	0.452
sad	0.296	0.004	0.006	0.013	0.354	0.008	0.320
sad	0.296	0.007	0.009	0.022	0.344	0.022	0.300
angry	0.380	0.003	0.006	0.015	0.352	0.002	0.242
angry	0.517	0.003	0.004	0.026	0.299	0.003	0.148
angry	0.375	0.007	0.006	0.039	0.319	0.003	0.252
angry	0.439	0.005	0.005	0.042	0.234	0.005	0.270
angry	0.363	0.007	0.007	0.039	0.227	0.004	0.353
angry	0.451	0.009	0.005	0.023	0.315	0.004	0.193
angry	0.367	0.006	0.005	0.040	0.272	0.064	0.246
angry	0.370	0.018	0.005	0.041	0.181	0.019	0.367
neutral	0.270	0.014	0.004	0.033	0.315	0.002	0.363
sad	0.307	0.014	0.010	0.019	0.404	0.002	0.245
angry	0.455	0.016	0.006	0.022	0.317	0.005	0.179
angry	0.534	0.004	0.005	0.028	0.266	0.002	0.160
angry	0.435	0.012	0.005	0.080	0.248	0.001	0.221
angry	0.502	0.006	0.004	0.048	0.218	0.003	0.219
angry	0.561	0.002	0.004	0.039	0.239	0.002	0.152
angry	0.527	0.003	0.004	0.035	0.226	0.003	0.202
angry	0.511	0.011	0.005	0.052	0.191	0.005	0.225
angry	0.569	0.009	0.003	0.046	0.169	0.005	0.200
angry	0.479	0.038	0.006	0.041	0.199	0.005	0.231
angry	0.608	0.012	0.006	0.022	0.197	0.005	0.150
angry	0.523	0.007	0.005	0.038	0.228	0.004	0.196
angry	0.363	0.004	0.005	0.032	0.357	0.001	0.238
angry	0.517	0.003	0.004	0.036	0.271	0.002	0.168
neutral	0.260	0.003	0.006	0.031	0.342	0.004	0.353
angry	0.365	0.007	0.004	0.026	0.361	0.007	0.231
neutral	0.197	0.048	0.006	0.026	0.317	0.012	0.393
sad	0.222	0.081	0.008	0.028	0.356	0.006	0.299
sad	0.291	0.039	0.009	0.012	0.377	0.006	0.266
neutral	0.237	0.023	0.007	0.022	0.349	0.009	0.352
sad	0.263	0.039	0.008	0.016	0.366	0.007	0.301
sad	0.319	0.045	0.010	0.015	0.381	0.004	0.225
sad	0.299	0.024	0.009	0.005	0.439	0.001	0.222
sad	0.143	0.004	0.008	0.006	0.478	0.002	0.359
sad	0.134	0.004	0.008	0.004	0.556	0.001	0.293
neutral	0.309	0.026	0.005	0.026	0.273	0.002	0.358
sad	0.247	0.025	0.008	0.013	0.411	0.003	0.293
sad	0.200	0.012	0.008	0.005	0.534	0.002	0.239
sad	0.217	0.011	0.007	0.010	0.447	0.002	0.306
sad	0.197	0.009	0.009	0.007	0.459	0.004	0.316
sad	0.253	0.007	0.008	0.004	0.531	0.002	0.194
angry	0.346	0.011	0.015	0.014	0.338	0.009	0.268
sad	0.252	0.011	0.007	0.008	0.523	0.002	0.196
sad	0.111	0.119	0.020	0.012	0.605	0.001	0.132
angry	0.390	0.007	0.007	0.016	0.373	0.004	0.203
angry	0.400	0.020	0.005	0.023	0.277	0.002	0.273
angry	0.510	0.010	0.004	0.019	0.281	0.002	0.174
angry	0.531	0.011	0.004	0.004	0.308	0.001	0.141
angry	0.429	0.021	0.006	0.008	0.333	0.003	0.202
angry	0.424	0.006	0.004	0.010	0.303	0.002	0.251
angry	0.455	0.009	0.003	0.007	0.322	0.001	0.202
angry	0.443	0.011	0.003	0.007	0.345	0.001	0.191
angry	0.423	0.008	0.005	0.011	0.286	0.004	0.263
angry	0.485	0.013	0.003	0.006	0.311	0.002	0.179
sad	0.332	0.003	0.005	0.011	0.376	0.005	0.267
angry	0.536	0.013	0.003	0.006	0.286	0.001	0.156
angry	0.597	0.007	0.002	0.007	0.221	0.003	0.163
angry	0.431	0.005	0.002	0.006	0.365	0.001	0.189
sad	0.270	0.022	0.004	0.022	0.410	0.001	0.271
sad	0.245	0.007	0.007	0.007	0.513	0.001	0.220
neutral	0.212	0.006	0.005	0.009	0.345	0.002	0.421
sad	0.257	0.008	0.007	0.007	0.502	0.001	0.217
sad	0.210	0.009	0.007	0.008	0.437	0.003	0.326
sad	0.197	0.008	0.007	0.007	0.490	0.002	0.289
sad	0.203	0.008	0.006	0.017	0.397	0.005	0.365
sad	0.187	0.007	0.007	0.008	0.428	0.003	0.360
sad	0.305	0.012	0.004	0.016	0.359	0.003	0.300
sad	0.255	0.007	0.006	0.010	0.448	0.003	0.270
sad	0.255	0.026	0.008	0.014	0.398	0.006	0.293
sad	0.208	0.014	0.008	0.021	0.385	0.012	0.352
neutral	0.230	0.012	0.005	0.022	0.322	0.006	0.402
neutral	0.220	0.029	0.007	0.015	0.334	0.006	0.389
sad	0.303	0.022	0.008	0.010	0.343	0.004	0.310
sad	0.284	0.024	0.005	0.015	0.369	0.004	0.298
sad	0.223	0.012	0.010	0.012	0.458	0.007	0.279
sad	0.313	0.024	0.006	0.011	0.369	0.003	0.275
sad	0.232	0.016	0.007	0.011	0.388	0.008	0.338
sad	0.240	0.009	0.009	0.016	0.429	0.008	0.289
angry	0.393	0.011	0.009	0.020	0.294	0.008	0.265
sad	0.077	0.025	0.019	0.006	0.742	0.001	0.130
sad	0.070	0.012	0.011	0.006	0.786	0.000	0.114
sad	0.201	0.049	0.011	0.008	0.531	0.002	0.199
sad	0.172	0.034	0.013	0.005	0.570	0.002	0.205
sad	0.239	0.030	0.017	0.009	0.465	0.006	0.234
sad	0.194	0.041	0.011	0.009	0.484	0.004	0.257
sad	0.143	0.026	0.008	0.007	0.494	0.005	0.318
sad	0.149	0.038	0.010	0.006	0.538	0.002	0.257
sad	0.182	0.033	0.009	0.009	0.438	0.006	0.322
sad	0.185	0.034	0.009	0.005	0.499	0.002	0.266
sad	0.203	0.040	0.008	0.009	0.430	0.004	0.306
sad	0.231	0.012	0.007	0.011	0.376	0.008	0.355
neutral	0.230	0.030	0.006	0.015	0.296	0.009	0.413
sad	0.183	0.043	0.011	0.010	0.481	0.004	0.268
sad	0.130	0.021	0.011	0.008	0.525	0.003	0.301
sad	0.176	0.021	0.009	0.007	0.512	0.003	0.272
sad	0.129	0.015	0.008	0.005	0.580	0.001	0.262
sad	0.180	0.033	0.006	0.015	0.415	0.005	0.345
sad	0.162	0.025	0.008	0.003	0.473	0.001	0.329
sad	0.130	0.019	0.008	0.008	0.433	0.004	0.397
sad	0.323	0.006	0.004	0.009	0.404	0.003	0.250
neutral	0.258	0.003	0.004	0.009	0.331	0.002	0.393
sad	0.289	0.009	0.004	0.009	0.416	0.002	0.271
neutral	0.258	0.004	0.004	0.005	0.348	0.002	0.380
angry	0.558	0.007	0.004	0.007	0.268	0.001	0.155
sad	0.290	0.006	0.004	0.008	0.360	0.002	0.331
sad	0.252	0.011	0.005	0.006	0.386	0.002	0.338
sad	0.293	0.007	0.004	0.004	0.417	0.001	0.273
sad	0.309	0.012	0.006	0.004	0.418	0.001	0.249
sad	0.290	0.017	0.006	0.007	0.387	0.003	0.290
angry	0.352	0.004	0.003	0.006	0.312	0.001	0.323
neutral	0.325	0.003	0.003	0.008	0.278	0.002	0.381
angry	0.387	0.004	0.003	0.004	0.354	0.001	0.247
angry	0.420	0.003	0.003	0.004	0.330	0.001	0.238
neutral	0.315	0.017	0.008	0.014	0.298	0.013	0.335
sad	0.363	0.004	0.004	0.003	0.393	0.001	0.232
sad	0.369	0.005	0.004	0.007	0.405	0.001	0.210
angry	0.406	0.007	0.004	0.004	0.355	0.001	0.223
sad	0.317	0.003	0.003	0.004	0.403	0.001	0.269
sad	0.366	0.008	0.004	0.003	0.412	0.001	0.207
sad	0.227	0.003	0.004	0.010	0.439	0.001	0.316
sad	0.207	0.003	0.007	0.008	0.495	0.002	0.279
sad	0.360	0.003	0.003	0.006	0.399	0.000	0.228
sad	0.205	0.008	0.007	0.008	0.491	0.002	0.279
sad	0.163	0.007	0.008	0.008	0.509	0.002	0.304
sad	0.213	0.018	0.005	0.014	0.426	0.008	0.316
sad	0.225	0.017	0.010	0.005	0.497	0.004	0.243
sad	0.188	0.016	0.008	0.008	0.483	0.004	0.293
sad	0.108	0.008	0.007	0.003	0.614	0.002	0.259
sad	0.177	0.012	0.006	0.007	0.490	0.005	0.304
sad	0.167	0.014	0.010	0.005	0.587	0.004	0.214
sad	0.178	0.019	0.011	0.005	0.596	0.003	0.188
neutral	0.220	0.010	0.004	0.010	0.294	0.013	0.450
sad	0.198	0.005	0.007	0.009	0.416	0.016	0.350
sad	0.165	0.011	0.004	0.005	0.417	0.003	0.396
sad	0.049	0.006	0.020	0.006	0.796	0.001	0.121
sad	0.052	0.012	0.014	0.002	0.794	0.001	0.125
sad	0.135	0.013	0.009	0.002	0.689	0.002	0.149
sad	0.170	0.014	0.008	0.007	0.608	0.002	0.192
sad	0.155	0.026	0.014	0.005	0.579	0.002	0.220
sad	0.153	0.019	0.008	0.010	0.513	0.002	0.296
sad	0.126	0.014	0.014	0.014	0.550	0.007	0.274
sad	0.174	0.042	0.010	0.008	0.504	0.002	0.261
sad	0.238	0.014	0.007	0.009	0.436	0.005	0.291
sad	0.231	0.005	0.005	0.004	0.484	0.001	0.270
angry	0.447	0.003	0.003	0.010	0.328	0.002	0.207
angry	0.434	0.006	0.004	0.005	0.353	0.001	0.198
sad	0.293	0.006	0.005	0.003	0.510	0.001	0.181
sad	0.202	0.009	0.006	0.005	0.506	0.002	0.270
sad	0.227	0.011	0.005	0.005	0.483	0.002	0.268
sad	0.263	0.012	0.004	0.004	0.482	0.002	0.233
angry	0.419	0.009	0.004	0.004	0.403	0.001	0.160
sad	0.393	0.006	0.005	0.005	0.395	0.001	0.195
angry	0.368	0.006	0.005	0.013	0.340	0.004	0.264
neutral	0.233	0.022	0.004	0.020	0.342	0.003	0.376
sad	0.339	0.013	0.004	0.021	0.376	0.009	0.238
sad	0.273	0.008	0.004	0.018	0.454	0.006	0.236
sad	0.154	0.036	0.011	0.007	0.551	0.003	0.238
sad	0.205	0.024	0.014	0.012	0.367	0.025	0.353
sad	0.176	0.018	0.015	0.005	0.489	0.006	0.292
sad	0.119	0.016	0.015	0.004	0.614	0.005	0.228
sad	0.150	0.011	0.018	0.004	0.543	0.004	0.270
sad	0.183	0.009	0.015	0.004	0.544	0.004	0.241
sad	0.225	0.012	0.011	0.004	0.518	0.003	0.227
neutral	0.227	0.030	0.005	0.008	0.349	0.002	0.380
sad	0.268	0.026	0.004	0.011	0.366	0.002	0.323
neutral	0.226	0.012	0.006	0.009	0.337	0.003	0.406
neutral	0.254	0.019	0.003	0.017	0.351	0.003	0.353
neutral	0.232	0.018	0.005	0.016	0.328	0.005	0.396
sad	0.218	0.017	0.006	0.020	0.431	0.005	0.302
sad	0.316	0.026	0.005	0.017	0.341	0.005	0.291
angry	0.455	0.046	0.005	0.014	0.276	0.006	0.198
sad	0.397	0.043	0.007	0.008	0.397	0.005	0.143
angry	0.448	0.021	0.005	0.011	0.309	0.006	0.201
angry	0.459	0.025	0.004	0.011	0.330	0.003	0.167
angry	0.418	0.012	0.009	0.011	0.316	0.009	0.224
sad	0.349	0.027	0.005	0.023	0.359	0.006	0.231
angry	0.529	0.038	0.004	0.010	0.268	0.003	0.148
sad	0.388	0.022	0.006	0.010	0.427	0.003	0.144
angry	0.427	0.028	0.005	0.011	0.381	0.002	0.146
angry	0.422	0.028	0.006	0.011	0.358	0.003	0.172
sad	0.284	0.019	0.012	0.011	0.342	0.013	0.320
angry	0.489	0.018	0.005	0.019	0.265	0.006	0.199
angry	0.497	0.024	0.005	0.019	0.243	0.006	0.206
neutral	0.300	0.012	0.008	0.017	0.303	0.013	0.346
sad	0.237	0.008	0.008	0.030	0.371	0.006	0.341
neutral	0.225	0.004	0.005	0.070	0.238	0.019	0.440
angry	0.364	0.005	0.005	0.036	0.282	0.007	0.302
angry	0.370	0.009	0.004	0.050	0.223	0.009	0.335
neutral	0.309	0.010	0.006	0.052	0.294	0.014	0.315
sad	0.052	0.026	0.014	0.001	0.851	0.000	0.056
sad	0.169	0.032	0.012	0.038	0.448	0.007	0.294
sad	0.127	0.021	0.013	0.008	0.590	0.003	0.238
sad	0.140	0.046	0.012	0.015	0.529	0.005	0.253
sad	0.150	0.026	0.020	0.015	0.518	0.007	0.264
sad	0.154	0.057	0.012	0.022	0.532	0.005	0.218
sad	0.165	0.047	0.012	0.025	0.449	0.009	0.293
sad	0.147	0.040	0.015	0.021	0.568	0.004	0.206
sad	0.108	0.023	0.016	0.007	0.586	0.003	0.257
sad	0.118	0.034	0.019	0.011	0.511	0.006	0.301
sad	0.148	0.035	0.020	0.035	0.400	0.012	0.349
sad	0.131	0.041	0.021	0.023	0.433	0.008	0.344
sad	0.144	0.046	0.017	0.014	0.483	0.006	0.290
sad	0.126	0.036	0.014	0.017	0.515	0.007	0.285
sad	0.144	0.015	0.009	0.010	0.536	0.002	0.283
sad	0.139	0.019	0.010	0.013	0.544	0.002	0.272
sad	0.168	0.036	0.016	0.014	0.503	0.005	0.258
sad	0.167	0.045	0.010	0.012	0.494	0.005	0.268
sad	0.140	0.031	0.015	0.012	0.536	0.005	0.262
sad	0.161	0.039	0.011	0.008	0.521	0.004	0.257
angry	0.343	0.014	0.004	0.060	0.281	0.009	0.289
neutral	0.327	0.025	0.004	0.045	0.231	0.004	0.364
angry	0.379	0.011	0.004	0.019	0.304	0.004	0.280
neutral	0.260	0.009	0.004	0.018	0.237	0.005	0.467
angry	0.371	0.013	0.004	0.028	0.302	0.007	0.276
sad	0.352	0.017	0.003	0.026	0.402	0.003	0.198
angry	0.369	0.009	0.003	0.016	0.284	0.003	0.314
angry	0.410	0.014	0.004	0.024	0.314	0.003	0.232
angry	0.390	0.015	0.003	0.020	0.263	0.002	0.306
sad	0.356	0.012	0.004	0.018	0.363	0.002	0.244
angry	0.405	0.020	0.003	0.013	0.319	0.002	0.238
sad	0.167	0.034	0.009	0.013	0.412	0.013	0.354
neutral	0.219	0.031	0.007	0.030	0.284	0.017	0.412
sad	0.167	0.009	0.007	0.004	0.506	0.001	0.306
neutral	0.175	0.013	0.005	0.019	0.334	0.005	0.448
neutral	0.216	0.020	0.007	0.018	0.307	0.016	0.415
sad	0.123	0.005	0.008	0.008	0.439	0.004	0.412
sad	0.144	0.028	0.008	0.011	0.516	0.003	0.290
sad	0.182	0.005	0.007	0.005	0.624	0.001	0.176
sad	0.165	0.005	0.005	0.005	0.524	0.001	0.295
neutral	0.189	0.029	0.006	0.016	0.360	0.005	0.395
sad	0.129	0.020	0.006	0.008	0.564	0.001	0.271
sad	0.188	0.018	0.005	0.008	0.462	0.002	0.317
sad	0.120	0.010	0.006	0.004	0.603	0.001	0.256
neutral	0.297	0.031	0.004	0.024	0.307	0.005	0.331
sad	0.307	0.013	0.004	0.020	0.378	0.003	0.276
angry	0.360	0.020	0.004	0.016	0.328	0.003	0.269
angry	0.389	0.018	0.004	0.011	0.351	0.002	0.225
angry	0.440	0.004	0.003	0.018	0.306	0.003	0.226
angry	0.376	0.009	0.003	0.011	0.359	0.002	0.240
angry	0.488	0.012	0.005	0.007	0.336	0.002	0.151
sad	0.146	0.037	0.005	0.018	0.459	0.003	0.332
neutral	0.147	0.020	0.005	0.020	0.367	0.005	0.437
sad	0.134	0.007	0.006	0.005	0.474	0.001	0.374
sad	0.147	0.006	0.005	0.007	0.480	0.001	0.353
sad	0.128	0.006	0.005	0.007	0.492	0.001	0.361
sad	0.125	0.008	0.006	0.008	0.505	0.002	0.346
sad	0.102	0.007	0.007	0.005	0.648	0.001	0.229
neutral	0.176	0.012	0.007	0.043	0.330	0.018	0.415
neutral	0.223	0.003	0.009	0.057	0.245	0.053	0.409
sad	0.256	0.011	0.003	0.026	0.353	0.002	0.348
sad	0.204	0.016	0.005	0.041	0.366	0.006	0.362
sad	0.216	0.013	0.005	0.031	0.376	0.004	0.356
angry	0.395	0.009	0.006	0.027	0.328	0.006	0.230
sad	0.057	0.024	0.007	0.010	0.675	0.000	0.226
neutral	0.156	0.021	0.005	0.036	0.371	0.002	0.409
neutral	0.242	0.011	0.004	0.023	0.244	0.009	0.468
neutral	0.304	0.004	0.004	0.029	0.316	0.004	0.339
neutral	0.315	0.010	0.004	0.023	0.307	0.004	0.336
angry	0.357	0.005	0.004	0.035	0.327	0.004	0.268
neutral	0.281	0.034	0.004	0.047	0.279	0.007	0.349
angry	0.323	0.012	0.004	0.084	0.267	0.004	0.306
neutral	0.169	0.017	0.005	0.123	0.258	0.010	0.419
neutral	0.139	0.018	0.004	0.175	0.216	0.009	0.439
neutral	0.281	0.024	0.003	0.192	0.170	0.007	0.323
neutral	0.121	0.006	0.004	0.309	0.145	0.011	0.403
neutral	0.084	0.016	0.009	0.239	0.320	0.011	0.321
happy	0.048	0.026	0.007	0.397	0.201	0.012	0.309
happy	0.068	0.010	0.006	0.399	0.214	0.010	0.294
happy	0.044	0.004	0.006	0.427	0.186	0.008	0.325
happy	0.091	0.017	0.002	0.469	0.163	0.004	0.253
neutral	0.075	0.013	0.003	0.335	0.213	0.004	0.358
happy	0.197	0.006	0.002	0.333	0.130	0.008	0.324
happy	0.160	0.003	0.006	0.405	0.139	0.024	0.263
happy	0.202	0.031	0.005	0.319	0.150	0.015	0.278
neutral	0.256	0.020	0.004	0.262	0.148	0.010	0.300
happy	0.087	0.012	0.003	0.459	0.092	0.020	0.327
happy	0.162	0.010	0.002	0.482	0.104	0.009	0.230
happy	0.205	0.011	0.004	0.423	0.136	0.013	0.208
neutral	0.199	0.033	0.005	0.297	0.143	0.013	0.310
neutral	0.227	0.036	0.005	0.280	0.149	0.013	0.290
happy	0.243	0.015	0.004	0.298	0.157	0.009	0.275
angry	0.311	0.020	0.003	0.181	0.184	0.008	0.293
neutral	0.273	0.016	0.004	0.194	0.200	0.009	0.305
neutral	0.302	0.017	0.003	0.175	0.151	0.015	0.338
sad	0.106	0.050	0.010	0.173	0.346	0.009	0.306
neutral	0.131	0.036	0.009	0.081	0.358	0.008	0.378
neutral	0.117	0.011	0.007	0.274	0.212	0.039	0.339
sad	0.091	0.024	0.013	0.125	0.382	0.009	0.357
neutral	0.098	0.047	0.009	0.102	0.326	0.009	0.409
neutral	0.094	0.014	0.009	0.249	0.195	0.029	0.409
neutral	0.083	0.019	0.009	0.221	0.286	0.011	0.372
sad	0.109	0.028	0.011	0.102	0.375	0.008	0.366
neutral	0.091	0.017	0.014	0.184	0.284	0.016	0.394
neutral	0.161	0.006	0.008	0.306	0.191	0.019	0.310
neutral	0.211	0.022	0.007	0.263	0.201	0.021	0.276
happy	0.162	0.008	0.006	0.367	0.152	0.025	0.281
neutral	0.156	0.012	0.007	0.295	0.163	0.014	0.353
neutral	0.113	0.011	0.005	0.362	0.128	0.014	0.367
neutral	0.176	0.010	0.005	0.294	0.194	0.013	0.308
neutral	0.235	0.012	0.006	0.250	0.187	0.020	0.291
neutral	0.233	0.005	0.004	0.283	0.120	0.018	0.337
neutral	0.152	0.009	0.006	0.307	0.170	0.015	0.341
happy	0.166	0.005	0.004	0.415	0.145	0.015	0.251
neutral	0.134	0.009	0.002	0.300	0.100	0.015	0.439
neutral	0.115	0.033	0.012	0.134	0.341	0.008	0.357
happy	0.077	0.042	0.008	0.338	0.203	0.023	0.309
neutral	0.082	0.021	0.009	0.225	0.291	0.011	0.361
neutral	0.164	0.015	0.004	0.042	0.290	0.003	0.483
neutral	0.158	0.023	0.005	0.078	0.272	0.003	0.461
neutral	0.132	0.036	0.004	0.179	0.233	0.004	0.412
neutral	0.169	0.034	0.004	0.158	0.169	0.004	0.463
neutral	0.190	0.013	0.008	0.267	0.198	0.028	0.298
happy	0.227	0.012	0.003	0.322	0.114	0.026	0.296
happy	0.247	0.022	0.006	0.279	0.150	0.022	0.274
neutral	0.247	0.013	0.005	0.269	0.156	0.019	0.292
neutral	0.260	0.013	0.003	0.243	0.156	0.016	0.308
neutral	0.143	0.038	0.007	0.183	0.177	0.013	0.439
neutral	0.152	0.012	0.005	0.304	0.156	0.014	0.356
happy	0.091	0.005	0.002	0.641	0.056	0.010	0.195
happy	0.021	0.001	0.001	0.866	0.015	0.006	0.090
happy	0.001	0.000	0.000	0.979	0.001	0.002	0.017
happy	0.002	0.000	0.000	0.951	0.004	0.001	0.043
happy	0.001	0.000	0.000	0.961	0.003	0.001	0.034
happy	0.001	0.000	0.000	0.980	0.001	0.001	0.018
happy	0.002	0.000	0.000	0.969	0.003	0.001	0.025
happy	0.001	0.000	0.000	0.971	0.002	0.002	0.024
happy	0.001	0.000	0.000	0.977	0.005	0.000	0.016
happy	0.003	0.000	0.001	0.911	0.014	0.002	0.069
happy	0.002	0.000	0.000	0.892	0.009	0.004	0.092
happy	0.002	0.000	0.001	0.910	0.010	0.001	0.076
happy	0.001	0.000	0.001	0.931	0.012	0.001	0.054
happy	0.001	0.000	0.000	0.943	0.004	0.001	0.051
happy	0.002	0.000	0.000	0.936	0.006	0.000	0.055
happy	0.002	0.000	0.000	0.975	0.002	0.001	0.020
happy	0.001	0.000	0.000	0.977	0.002	0.001	0.019
happy	0.001	0.000	0.000	0.975	0.001	0.001	0.023
happy	0.001	0.000	0.000	0.961	0.006	0.000	0.032
happy	0.001	0.000	0.000	0.966	0.007	0.000	0.026
happy	0.005	0.001	0.002	0.875	0.040	0.001	0.077
happy	0.001	0.000	0.000	0.972	0.002	0.000	0.024
happy	0.001	0.000	0.000	0.979	0.002	0.001	0.017
happy	0.000	0.000	0.000	0.987	0.001	0.001	0.012
happy	0.001	0.000	0.000	0.963	0.003	0.001	0.031
happy	0.001	0.000	0.000	0.973	0.001	0.001	0.025
happy	0.001	0.000	0.000	0.979	0.001	0.003	0.017
happy	0.001	0.000	0.000	0.976	0.001	0.003	0.019
happy	0.001	0.000	0.000	0.963	0.001	0.001	0.033
happy	0.001	0.000	0.000	0.975	0.001	0.004	0.020
happy	0.002	0.000	0.000	0.966	0.001	0.002	0.028
happy	0.001	0.000	0.000	0.956	0.002	0.003	0.038
happy	0.001	0.000	0.000	0.959	0.001	0.005	0.034
happy	0.002	0.001	0.001	0.926	0.009	0.003	0.059
happy	0.002	0.000	0.001	0.921	0.007	0.003	0.065
happy	0.008	0.001	0.002	0.821	0.020	0.004	0.145
happy	0.002	0.000	0.001	0.940	0.007	0.001	0.049
happy	0.003	0.001	0.001	0.909	0.010	0.001	0.075
happy	0.002	0.000	0.001	0.929	0.009	0.002	0.057
happy	0.003	0.001	0.001	0.903	0.012	0.002	0.078
happy	0.001	0.000	0.000	0.958	0.004	0.003	0.033
happy	0.002	0.001	0.001	0.907	0.011	0.002	0.077
happy	0.001	0.000	0.000	0.940	0.007	0.002	0.048
happy	0.002	0.000	0.000	0.940	0.007	0.003	0.048
happy	0.002	0.002	0.001	0.901	0.012	0.001	0.081
happy	0.009	0.001	0.002	0.722	0.030	0.006	0.230
happy	0.007	0.002	0.001	0.815	0.026	0.002	0.146
happy	0.002	0.000	0.000	0.952	0.003	0.003	0.039
happy	0.003	0.000	0.000	0.921	0.004	0.003	0.069
happy	0.003	0.000	0.000	0.962	0.003	0.003	0.028
happy	0.002	0.000	0.000	0.936	0.003	0.003	0.055
happy	0.001	0.000	0.000	0.954	0.003	0.002	0.039
happy	0.002	0.000	0.000	0.963	0.003	0.002	0.030
happy	0.003	0.000	0.000	0.963	0.003	0.003	0.027
happy	0.003	0.000	0.000	0.966	0.003	0.003	0.025
happy	0.003	0.000	0.000	0.967	0.002	0.002	0.026
happy	0.003	0.000	0.000	0.943	0.003	0.004	0.047
happy	0.005	0.000	0.000	0.945	0.003	0.004	0.042
happy	0.004	0.000	0.000	0.947	0.003	0.004	0.041
happy	0.008	0.000	0.001	0.940	0.006	0.007	0.037
happy	0.004	0.000	0.000	0.956	0.002	0.004	0.033
happy	0.004	0.001	0.002	0.829	0.068	0.002	0.093
happy	0.002	0.001	0.001	0.940	0.006	0.004	0.047
happy	0.002	0.001	0.001	0.931	0.009	0.001	0.054
happy	0.002	0.000	0.000	0.960	0.002	0.002	0.034
happy	0.002	0.000	0.000	0.959	0.003	0.002	0.033
happy	0.002	0.000	0.000	0.975	0.002	0.001	0.019
happy	0.003	0.000	0.000	0.966	0.003	0.003	0.024
happy	0.002	0.000	0.000	0.973	0.002	0.002	0.020
happy	0.001	0.000	0.000	0.981	0.001	0.002	0.014
happy	0.002	0.001	0.000	0.944	0.005	0.004	0.043
happy	0.001	0.000	0.000	0.966	0.003	0.002	0.026
happy	0.003	0.000	0.000	0.967	0.003	0.002	0.024
happy	0.004	0.000	0.000	0.963	0.004	0.001	0.027
happy	0.011	0.001	0.001	0.911	0.012	0.004	0.061
happy	0.007	0.001	0.000	0.933	0.008	0.003	0.049
happy	0.002	0.001	0.000	0.949	0.005	0.003	0.039
happy	0.002	0.001	0.000	0.948	0.009	0.001	0.038
happy	0.003	0.001	0.000	0.936	0.013	0.001	0.044
happy	0.005	0.001	0.001	0.915	0.017	0.002	0.059
happy	0.014	0.000	0.001	0.885	0.020	0.004	0.075
happy	0.012	0.000	0.001	0.920	0.012	0.004	0.051
happy	0.019	0.000	0.001	0.892	0.012	0.007	0.069
happy	0.013	0.000	0.001	0.918	0.010	0.004	0.053
happy	0.009	0.000	0.000	0.908	0.008	0.004	0.071
happy	0.010	0.000	0.000	0.951	0.005	0.002	0.032
happy	0.011	0.001	0.001	0.841	0.020	0.006	0.120
happy	0.020	0.001	0.001	0.820	0.025	0.008	0.125
happy	0.038	0.004	0.001	0.745	0.050	0.006	0.155
happy	0.047	0.011	0.001	0.691	0.055	0.006	0.188
happy	0.045	0.027	0.001	0.681	0.066	0.010	0.169
happy	0.031	0.014	0.001	0.714	0.049	0.010	0.180
happy	0.073	0.026	0.001	0.509	0.097	0.011	0.283
neutral	0.084	0.036	0.003	0.314	0.195	0.007	0.361
happy	0.039	0.005	0.004	0.596	0.126	0.044	0.185
happy	0.110	0.005	0.001	0.592	0.095	0.007	0.189
happy	0.195	0.028	0.002	0.358	0.180	0.005	0.233
happy	0.207	0.039	0.003	0.343	0.154	0.008	0.246
angry	0.279	0.020	0.003	0.251	0.217	0.005	0.226
neutral	0.136	0.021	0.002	0.272	0.180	0.009	0.379
happy	0.259	0.012	0.004	0.386	0.110	0.027	0.202
neutral	0.121	0.012	0.003	0.311	0.171	0.015	0.367
neutral	0.190	0.019	0.002	0.160	0.212	0.007	0.409
angry	0.315	0.033	0.005	0.146	0.233	0.009	0.259
sad	0.270	0.041	0.004	0.071	0.323	0.006	0.283
sad	0.147	0.058	0.007	0.071	0.437	0.004	0.275
sad	0.109	0.040	0.008	0.089	0.389	0.008	0.357
sad	0.154	0.067	0.006	0.084	0.394	0.005	0.290
sad	0.154	0.030	0.005	0.071	0.484	0.002	0.254
sad	0.158	0.021	0.006	0.065	0.429	0.003	0.318
sad	0.141	0.112	0.004	0.138	0.311	0.004	0.289
sad	0.196	0.038	0.005	0.068	0.426	0.002	0.264
sad	0.103	0.119	0.009	0.056	0.515	0.002	0.197
sad	0.068	0.084	0.007	0.026	0.723	0.000	0.092
sad	0.095	0.035	0.007	0.035	0.596	0.001	0.231
sad	0.163	0.072	0.004	0.122	0.330	0.002	0.307
sad	0.152	0.057	0.004	0.101	0.411	0.002	0.273
sad	0.124	0.080	0.004	0.226	0.314	0.004	0.248
happy	0.142	0.037	0.004	0.316	0.213	0.002	0.287
neutral	0.184	0.026	0.006	0.169	0.235	0.004	0.376
neutral	0.200	0.031	0.002	0.268	0.156	0.005	0.339
neutral	0.187	0.034	0.003	0.213	0.156	0.002	0.405
happy	0.193	0.046	0.003	0.328	0.109	0.014	0.307
sad	0.140	0.034	0.004	0.209	0.330	0.004	0.278
neutral	0.117	0.036	0.004	0.300	0.218	0.013	0.312
happy	0.094	0.036	0.005	0.320	0.235	0.012	0.298
happy	0.079	0.022	0.006	0.349	0.192	0.032	0.320
sad	0.155	0.034	0.004	0.113	0.393	0.004	0.297
neutral	0.115	0.031	0.005	0.197	0.303	0.007	0.342
neutral	0.096	0.015	0.006	0.319	0.209	0.022	0.333
sad	0.128	0.021	0.007	0.161	0.345	0.005	0.334
neutral	0.165	0.017	0.004	0.137	0.323	0.003	0.352
neutral	0.144	0.016	0.004	0.120	0.326	0.003	0.387
sad	0.164	0.071	0.004	0.153	0.317	0.006	0.285
happy	0.144	0.019	0.002	0.441	0.139	0.012	0.242
happy	0.171	0.012	0.002	0.473	0.087	0.015	0.241
angry	0.308	0.014	0.002	0.270	0.166	0.007	0.233
angry	0.298	0.036	0.003	0.185	0.235	0.006	0.238
angry	0.349	0.022	0.002	0.154	0.216	0.006	0.251
angry	0.317	0.017	0.002	0.231	0.165	0.007	0.262
happy	0.272	0.013	0.002	0.323	0.138	0.007	0.244
neutral	0.263	0.010	0.004	0.231	0.211	0.007	0.274
happy	0.262	0.013	0.002	0.339	0.106	0.007	0.271
neutral	0.133	0.014	0.004	0.200	0.170	0.009	0.470
neutral	0.258	0.014	0.004	0.137	0.220	0.003	0.364
neutral	0.145	0.014	0.006	0.219	0.207	0.041	0.367
neutral	0.126	0.022	0.006	0.179	0.239	0.019	0.410
happy	0.129	0.012	0.007	0.302	0.226	0.055	0.268
neutral	0.139	0.015	0.006	0.192	0.231	0.016	0.401
neutral	0.108	0.027	0.006	0.308	0.206	0.031	0.314
neutral	0.143	0.032	0.006	0.217	0.278	0.010	0.315
neutral	0.121	0.023	0.007	0.215	0.225	0.020	0.390
sad	0.161	0.044	0.004	0.058	0.395	0.003	0.335
neutral	0.146	0.019	0.005	0.227	0.215	0.020	0.367
neutral	0.139	0.022	0.006	0.159	0.317	0.009	0.347
neutral	0.125	0.021	0.006	0.254	0.242	0.018	0.334
angry	0.351	0.020	0.003	0.149	0.228	0.006	0.244
happy	0.283	0.023	0.003	0.293	0.133	0.007	0.258
neutral	0.183	0.017	0.004	0.157	0.247	0.005	0.387
sad	0.068	0.053	0.010	0.110	0.578	0.003	0.178
neutral	0.174	0.059	0.002	0.267	0.178	0.003	0.319
happy	0.170	0.014	0.004	0.302	0.199	0.012	0.298
happy	0.112	0.048	0.002	0.404	0.118	0.018	0.298
happy	0.081	0.049	0.007	0.294	0.272	0.007	0.290
happy	0.099	0.035	0.007	0.350	0.219	0.022	0.267
happy	0.073	0.041	0.006	0.373	0.219	0.008	0.280
happy	0.123	0.026	0.002	0.335	0.172	0.017	0.326
neutral	0.137	0.032	0.003	0.120	0.295	0.003	0.410
happy	0.110	0.017	0.005	0.326	0.203	0.029	0.310
neutral	0.128	0.032	0.003	0.170	0.294	0.005	0.368
neutral	0.120	0.023	0.008	0.166	0.322	0.007	0.353
neutral	0.152	0.048	0.004	0.247	0.264	0.012	0.272
neutral	0.173	0.026	0.003	0.116	0.231	0.004	0.447
sad	0.129	0.028	0.009	0.156	0.357	0.006	0.315
happy	0.088	0.006	0.004	0.443	0.155	0.021	0.284
happy	0.188	0.011	0.002	0.396	0.103	0.006	0.294
happy	0.273	0.021	0.002	0.376	0.116	0.012	0.200
happy	0.210	0.018	0.003	0.416	0.125	0.016	0.213
neutral	0.151	0.009	0.004	0.260	0.232	0.007	0.337
happy	0.235	0.008	0.003	0.389	0.124	0.006	0.235
happy	0.234	0.007	0.003	0.399	0.104	0.024	0.228
happy	0.225	0.011	0.002	0.466	0.108	0.014	0.172
neutral	0.255	0.027	0.003	0.256	0.191	0.008	0.260
happy	0.265	0.027	0.003	0.305	0.141	0.009	0.250
happy	0.295	0.019	0.002	0.382	0.112	0.009	0.181
happy	0.313	0.008	0.003	0.365	0.106	0.016	0.189
happy	0.301	0.017	0.003	0.353	0.123	0.013	0.190
happy	0.284	0.011	0.003	0.356	0.122	0.016	0.207
happy	0.277	0.014	0.003	0.299	0.127	0.015	0.265
happy	0.234	0.004	0.002	0.337	0.080	0.008	0.334
angry	0.307	0.008	0.003	0.260	0.159	0.009	0.255
angry	0.300	0.012	0.003	0.274	0.153	0.006	0.252
neutral	0.187	0.009	0.003	0.272	0.127	0.012	0.391
happy	0.175	0.008	0.004	0.384	0.133	0.017	0.280
neutral	0.193	0.005	0.002	0.285	0.135	0.010	0.370
happy	0.132	0.003	0.003	0.501	0.092	0.024	0.244
happy	0.108	0.008	0.003	0.433	0.085	0.027	0.336
neutral	0.221	0.007	0.004	0.274	0.136	0.018	0.339
happy	0.211	0.007	0.003	0.388	0.118	0.008	0.266
happy	0.177	0.014	0.002	0.503	0.085	0.008	0.211
happy	0.071	0.006	0.002	0.702	0.048	0.006	0.165
happy	0.003	0.000	0.000	0.966	0.002	0.002	0.026
happy	0.000	0.000	0.000	0.993	0.000	0.001	0.006
happy	0.001	0.000	0.000	0.985	0.001	0.001	0.012
happy	0.000	0.000	0.000	0.994	0.000	0.000	0.005
happy	0.001	0.000	0.000	0.979	0.001	0.001	0.018
happy	0.001	0.000	0.000	0.974	0.002	0.003	0.021
happy	0.003	0.000	0.000	0.891	0.009	0.001	0.097
happy	0.001	0.000	0.000	0.962	0.002	0.001	0.032
happy	0.002	0.000	0.000	0.905	0.007	0.001	0.086
happy	0.001	0.000	0.000	0.949	0.006	0.000	0.043
neutral	0.024	0.000	0.009	0.021	0.388	0.004	0.552
happy	0.001	0.000	0.000	0.970	0.003	0.000	0.027
happy	0.000	0.000	0.000	0.950	0.001	0.017	0.031
happy	0.002	0.000	0.000	0.917	0.009	0.001	0.071
happy	0.001	0.000	0.000	0.944	0.006	0.000	0.048
happy	0.003	0.000	0.001	0.911	0.015	0.000	0.069
happy	0.002	0.000	0.000	0.944	0.009	0.000	0.045
happy	0.002	0.000	0.000	0.909	0.009	0.001	0.079
happy	0.001	0.000	0.000	0.945	0.008	0.000	0.045
happy	0.001	0.000	0.000	0.962	0.004	0.002	0.031
happy	0.001	0.000	0.000	0.952	0.004	0.005	0.037
happy	0.001	0.000	0.000	0.975	0.002	0.002	0.020
happy	0.001	0.000	0.000	0.970	0.002	0.001	0.027
happy	0.002	0.000	0.000	0.972	0.002	0.003	0.021
happy	0.000	0.000	0.000	0.977	0.002	0.001	0.020
happy	0.001	0.000	0.000	0.967	0.002	0.001	0.030
happy	0.001	0.000	0.000	0.961	0.003	0.002	0.033
happy	0.001	0.000	0.000	0.966	0.003	0.001	0.028
happy	0.003	0.000	0.000	0.948	0.005	0.002	0.043
happy	0.002	0.000	0.000	0.962	0.005	0.002	0.028
happy	0.002	0.000	0.000	0.943	0.006	0.002	0.047
happy	0.004	0.000	0.000	0.932	0.008	0.001	0.054
happy	0.003	0.000	0.001	0.925	0.009	0.001	0.061
happy	0.003	0.000	0.001	0.933	0.009	0.001	0.053
happy	0.003	0.000	0.001	0.895	0.011	0.001	0.089
happy	0.004	0.000	0.001	0.872	0.015	0.001	0.107
happy	0.006	0.001	0.001	0.815	0.026	0.002	0.149
happy	0.010	0.001	0.001	0.767	0.030	0.002	0.188
happy	0.021	0.009	0.001	0.667	0.041	0.002	0.259
happy	0.014	0.005	0.002	0.653	0.046	0.003	0.277
happy	0.010	0.003	0.002	0.700	0.034	0.006	0.246
happy	0.008	0.002	0.001	0.781	0.027	0.006	0.175
happy	0.013	0.003	0.002	0.695	0.040	0.004	0.244
happy	0.011	0.002	0.002	0.781	0.028	0.005	0.171
happy	0.011	0.002	0.002	0.773	0.030	0.005	0.178
happy	0.005	0.002	0.001	0.880	0.013	0.001	0.098
happy	0.006	0.001	0.001	0.877	0.013	0.001	0.102
happy	0.005	0.002	0.000	0.893	0.010	0.001	0.089
happy	0.003	0.001	0.001	0.930	0.016	0.000	0.049
happy	0.003	0.001	0.000	0.946	0.006	0.000	0.044
happy	0.007	0.003	0.001	0.843	0.019	0.001	0.126
happy	0.006	0.003	0.001	0.862	0.010	0.000	0.118
happy	0.004	0.002	0.000	0.917	0.008	0.000	0.069
happy	0.004	0.002	0.000	0.891	0.009	0.000	0.093
happy	0.009	0.003	0.000	0.902	0.009	0.001	0.076
happy	0.006	0.002	0.001	0.885	0.015	0.001	0.090
happy	0.013	0.001	0.001	0.796	0.042	0.003	0.143
happy	0.023	0.004	0.002	0.641	0.082	0.005	0.242
happy	0.039	0.003	0.002	0.670	0.122	0.004	0.160
happy	0.042	0.009	0.002	0.618	0.111	0.003	0.215
happy	0.032	0.005	0.002	0.682	0.072	0.004	0.203
happy	0.034	0.006	0.002	0.676	0.094	0.003	0.185
happy	0.010	0.004	0.002	0.810	0.031	0.005	0.138
happy	0.011	0.007	0.001	0.815	0.029	0.003	0.133
happy	0.005	0.003	0.000	0.857	0.012	0.001	0.121
happy	0.006	0.003	0.000	0.857	0.016	0.001	0.116
happy	0.030	0.006	0.004	0.667	0.087	0.008	0.199
happy	0.021	0.012	0.004	0.681	0.082	0.007	0.192
happy	0.018	0.010	0.003	0.752	0.056	0.004	0.157
happy	0.010	0.007	0.001	0.864	0.025	0.002	0.091
happy	0.016	0.004	0.001	0.812	0.020	0.006	0.140
happy	0.012	0.001	0.001	0.898	0.008	0.006	0.073
happy	0.011	0.009	0.001	0.862	0.020	0.002	0.095
happy	0.010	0.004	0.001	0.863	0.019	0.002	0.100
happy	0.016	0.002	0.001	0.878	0.013	0.007	0.082
happy	0.010	0.003	0.001	0.862	0.016	0.004	0.103
happy	0.017	0.004	0.001	0.853	0.020	0.003	0.102
happy	0.009	0.005	0.001	0.869	0.018	0.002	0.095
happy	0.013	0.001	0.001	0.910	0.010	0.004	0.061
happy	0.011	0.001	0.001	0.906	0.015	0.002	0.064
happy	0.012	0.006	0.001	0.855	0.025	0.002	0.100
happy	0.045	0.022	0.003	0.712	0.058	0.004	0.156
happy	0.068	0.018	0.003	0.654	0.072	0.005	0.179
happy	0.064	0.004	0.002	0.687	0.050	0.012	0.182
happy	0.092	0.009	0.003	0.623	0.074	0.008	0.192
happy	0.114	0.010	0.002	0.526	0.110	0.005	0.233
happy	0.074	0.005	0.003	0.616	0.065	0.014	0.224
happy	0.115	0.010	0.004	0.527	0.108	0.011	0.224
happy	0.073	0.011	0.003	0.613	0.079	0.009	0.212
sad	0.053	0.109	0.010	0.295	0.302	0.007	0.224
happy	0.044	0.049	0.003	0.675	0.073	0.004	0.153
happy	0.067	0.025	0.003	0.602	0.091	0.003	0.209
happy	0.097	0.044	0.004	0.478	0.132	0.005	0.241
happy	0.066	0.026	0.003	0.613	0.090	0.004	0.198
happy	0.085	0.028	0.004	0.566	0.095	0.007	0.215
happy	0.083	0.026	0.003	0.556	0.100	0.004	0.228
happy	0.050	0.004	0.002	0.729	0.043	0.011	0.161
happy	0.096	0.029	0.003	0.547	0.092	0.009	0.226
happy	0.069	0.023	0.005	0.498	0.132	0.009	0.266
happy	0.059	0.027	0.006	0.429	0.218	0.006	0.255
happy	0.057	0.022	0.005	0.444	0.154	0.007	0.311
happy	0.120	0.076	0.006	0.334	0.178	0.007	0.279
happy	0.081	0.036	0.004	0.541	0.109	0.006	0.223
happy	0.112	0.040	0.004	0.502	0.147	0.002	0.193
happy	0.076	0.012	0.004	0.578	0.115	0.004	0.210
happy	0.123	0.033	0.005	0.405	0.158	0.007	0.268
happy	0.093	0.016	0.004	0.581	0.090	0.010	0.207
happy	0.073	0.011	0.003	0.630	0.076	0.008	0.198
happy	0.091	0.013	0.003	0.652	0.059	0.010	0.173
happy	0.098	0.019	0.004	0.602	0.071	0.015	0.191
happy	0.049	0.006	0.002	0.723	0.038	0.009	0.172
happy	0.067	0.008	0.002	0.672	0.043	0.015	0.192
happy	0.047	0.006	0.002	0.743	0.029	0.011	0.162
happy	0.017	0.002	0.001	0.884	0.011	0.005	0.080
happy	0.005	0.000	0.000	0.925	0.007	0.002	0.060
happy	0.003	0.001	0.000	0.932	0.005	0.002	0.057
happy	0.002	0.000	0.000	0.942	0.003	0.002	0.051
happy	0.004	0.001	0.000	0.920	0.008	0.001	0.066
happy	0.006	0.000	0.000	0.921	0.007	0.002	0.063
happy	0.004	0.000	0.000	0.919	0.007	0.001	0.068
happy	0.007	0.001	0.001	0.906	0.012	0.001	0.073
happy	0.020	0.001	0.001	0.824	0.033	0.002	0.119
happy	0.025	0.001	0.001	0.830	0.017	0.005	0.122
happy	0.022	0.002	0.001	0.810	0.023	0.004	0.138
happy	0.032	0.007	0.001	0.756	0.048	0.001	0.156
happy	0.023	0.003	0.001	0.782	0.028	0.004	0.158
happy	0.034	0.004	0.001	0.749	0.036	0.003	0.171
happy	0.029	0.005	0.001	0.753	0.034	0.004	0.173
happy	0.020	0.005	0.001	0.833	0.021	0.002	0.118
happy	0.014	0.018	0.006	0.693	0.162	0.003	0.105
happy	0.016	0.025	0.007	0.609	0.134	0.005	0.205
happy	0.018	0.016	0.005	0.680	0.089	0.004	0.188
happy	0.009	0.013	0.004	0.748	0.061	0.006	0.160
happy	0.015	0.011	0.005	0.660	0.077	0.009	0.223
happy	0.021	0.005	0.004	0.656	0.084	0.006	0.223
happy	0.022	0.022	0.004	0.626	0.078	0.009	0.238
happy	0.021	0.021	0.004	0.611	0.080	0.011	0.254
happy	0.031	0.037	0.005	0.520	0.106	0.011	0.290
happy	0.028	0.030	0.005	0.543	0.099	0.012	0.284
happy	0.032	0.030	0.005	0.490	0.112	0.013	0.318
happy	0.035	0.025	0.006	0.493	0.146	0.012	0.284
happy	0.024	0.012	0.003	0.581	0.064	0.014	0.302
happy	0.041	0.011	0.003	0.567	0.116	0.011	0.251
happy	0.062	0.022	0.004	0.527	0.192	0.004	0.190
happy	0.049	0.040	0.005	0.511	0.130	0.010	0.255
happy	0.048	0.013	0.004	0.516	0.180	0.005	0.234
happy	0.058	0.040	0.006	0.473	0.187	0.006	0.228
happy	0.112	0.072	0.005	0.413	0.198	0.004	0.196
happy	0.102	0.076	0.005	0.425	0.197	0.004	0.191
happy	0.040	0.020	0.006	0.531	0.124	0.015	0.264
happy	0.091	0.073	0.003	0.491	0.153	0.005	0.184
happy	0.079	0.043	0.003	0.546	0.148	0.004	0.178
happy	0.110	0.042	0.004	0.456	0.181	0.005	0.203
happy	0.059	0.035	0.004	0.563	0.144	0.007	0.187
happy	0.076	0.046	0.003	0.508	0.164	0.005	0.197
happy	0.067	0.056	0.007	0.443	0.166	0.010	0.251
happy	0.080	0.046	0.008	0.398	0.223	0.008	0.237
happy	0.096	0.078	0.004	0.413	0.207	0.006	0.195
happy	0.053	0.031	0.005	0.525	0.161	0.008	0.216
happy	0.037	0.028	0.004	0.558	0.100	0.020	0.253
happy	0.042	0.017	0.006	0.511	0.139	0.012	0.272
happy	0.067	0.035	0.004	0.525	0.126	0.008	0.233
happy	0.046	0.022	0.005	0.555	0.125	0.011	0.238
happy	0.055	0.014	0.005	0.558	0.125	0.012	0.231
happy	0.067	0.039	0.005	0.518	0.147	0.006	0.218
happy	0.063	0.032	0.005	0.478	0.196	0.005	0.222
happy	0.040	0.027	0.006	0.498	0.114	0.027	0.287
happy	0.037	0.025	0.006	0.555	0.125	0.018	0.235
happy	0.050	0.034	0.007	0.469	0.143	0.022	0.275
happy	0.058	0.044	0.008	0.451	0.160	0.013	0.265
happy	0.029	0.021	0.004	0.556	0.088	0.022	0.279
happy	0.048	0.036	0.005	0.527	0.136	0.011	0.237
happy	0.042	0.037	0.004	0.545	0.119	0.011	0.242
happy	0.044	0.027	0.005	0.523	0.124	0.014	0.262
happy	0.076	0.029	0.005	0.461	0.225	0.004	0.201
happy	0.069	0.032	0.005	0.482	0.207	0.004	0.201
happy	0.047	0.022	0.003	0.490	0.142	0.011	0.284
happy	0.041	0.034	0.005	0.484	0.146	0.015	0.274
happy	0.067	0.036	0.005	0.498	0.176	0.008	0.211
happy	0.026	0.017	0.004	0.636	0.071	0.018	0.226
happy	0.039	0.020	0.006	0.526	0.117	0.020	0.273
happy	0.048	0.026	0.008	0.492	0.146	0.017	0.264
happy	0.037	0.021	0.003	0.575	0.090	0.014	0.261
happy	0.084	0.038	0.003	0.528	0.126	0.007	0.213
happy	0.069	0.020	0.008	0.395	0.210	0.013	0.285
happy	0.027	0.019	0.003	0.645	0.078	0.014	0.214
happy	0.057	0.031	0.006	0.477	0.134	0.013	0.283
happy	0.064	0.051	0.006	0.412	0.173	0.011	0.284
happy	0.009	0.001	0.001	0.819	0.026	0.013	0.130
happy	0.050	0.015	0.004	0.528	0.172	0.008	0.223
happy	0.031	0.018	0.003	0.632	0.077	0.016	0.223
happy	0.080	0.033	0.005	0.473	0.168	0.010	0.231
happy	0.091	0.056	0.005	0.433	0.175	0.009	0.230
happy	0.029	0.012	0.004	0.578	0.081	0.019	0.276
happy	0.034	0.010	0.003	0.592	0.106	0.012	0.243
happy	0.047	0.015	0.006	0.519	0.111	0.016	0.285
happy	0.016	0.004	0.002	0.729	0.042	0.013	0.194
happy	0.035	0.014	0.005	0.510	0.105	0.012	0.318
happy	0.036	0.018	0.004	0.565	0.096	0.015	0.265
happy	0.056	0.016	0.009	0.423	0.168	0.011	0.317
happy	0.019	0.008	0.003	0.680	0.061	0.017	0.211
happy	0.026	0.020	0.003	0.664	0.074	0.009	0.203
happy	0.047	0.023	0.002	0.609	0.095	0.005	0.219
happy	0.039	0.020	0.003	0.594	0.094	0.015	0.234
happy	0.060	0.162	0.009	0.353	0.311	0.003	0.103
happy	0.051	0.051	0.007	0.504	0.254	0.003	0.131
happy	0.050	0.089	0.004	0.541	0.162	0.004	0.150
happy	0.029	0.028	0.003	0.585	0.083	0.013	0.258
happy	0.031	0.024	0.005	0.601	0.100	0.014	0.225
sad	0.126	0.134	0.005	0.236	0.324	0.002	0.173
sad	0.091	0.037	0.010	0.285	0.355	0.005	0.218
happy	0.069	0.040	0.007	0.417	0.217	0.010	0.241
happy	0.044	0.046	0.007	0.484	0.139	0.017	0.262
happy	0.030	0.018	0.005	0.492	0.121	0.018	0.316
happy	0.071	0.107	0.008	0.336	0.213	0.011	0.254
happy	0.092	0.065	0.002	0.468	0.147	0.003	0.222
happy	0.116	0.036	0.003	0.531	0.092	0.006	0.217
happy	0.135	0.021	0.003	0.529	0.096	0.006	0.211
happy	0.157	0.019	0.003	0.535	0.093	0.006	0.187
happy	0.115	0.018	0.002	0.589	0.072	0.007	0.196
happy	0.130	0.013	0.002	0.555	0.086	0.007	0.205
happy	0.113	0.019	0.002	0.619	0.073	0.007	0.167
happy	0.129	0.012	0.002	0.538	0.086	0.009	0.224
happy	0.096	0.005	0.003	0.578	0.087	0.014	0.217
happy	0.151	0.006	0.003	0.534	0.096	0.010	0.199
happy	0.146	0.007	0.003	0.541	0.102	0.010	0.190
happy	0.185	0.011	0.003	0.471	0.124	0.006	0.200
happy	0.143	0.012	0.003	0.583	0.083	0.013	0.164
happy	0.129	0.020	0.002	0.618	0.074	0.007	0.149
happy	0.038	0.005	0.004	0.590	0.098	0.027	0.236
happy	0.087	0.061	0.004	0.464	0.170	0.008	0.206
happy	0.085	0.040	0.005	0.433	0.178	0.007	0.251
happy	0.066	0.020	0.007	0.451	0.169	0.008	0.280
happy	0.033	0.009	0.005	0.592	0.089	0.010	0.262
happy	0.106	0.038	0.005	0.327	0.252	0.007	0.264
sad	0.116	0.071	0.008	0.244	0.307	0.006	0.248
happy	0.058	0.017	0.006	0.446	0.166	0.012	0.295
sad	0.109	0.033	0.008	0.193	0.337	0.010	0.311
happy	0.144	0.118	0.004	0.290	0.194	0.004	0.247
neutral	0.142	0.043	0.009	0.257	0.245	0.007	0.297
happy	0.101	0.035	0.006	0.349	0.182	0.012	0.315
sad	0.084	0.049	0.007	0.226	0.317	0.013	0.304
neutral	0.120	0.049	0.006	0.258	0.272	0.008	0.287
happy	0.114	0.052	0.010	0.290	0.234	0.011	0.288
happy	0.136	0.055	0.005	0.292	0.244	0.007	0.261
happy	0.141	0.088	0.004	0.350	0.179	0.005	0.232
happy	0.153	0.059	0.004	0.308	0.191	0.005	0.279
sad	0.143	0.072	0.007	0.188	0.323	0.006	0.261
neutral	0.106	0.045	0.011	0.274	0.273	0.014	0.277
happy	0.100	0.039	0.008	0.348	0.191	0.010	0.305
happy	0.037	0.011	0.006	0.561	0.137	0.023	0.224
happy	0.066	0.025	0.009	0.388	0.199	0.014	0.298
happy	0.108	0.069	0.003	0.452	0.132	0.003	0.233
happy	0.142	0.055	0.004	0.378	0.182	0.003	0.237
happy	0.150	0.019	0.003	0.493	0.111	0.010	0.215
happy	0.147	0.045	0.003	0.503	0.096	0.007	0.199
happy	0.146	0.052	0.002	0.549	0.073	0.007	0.170
happy	0.091	0.008	0.002	0.618	0.060	0.009	0.212
happy	0.107	0.011	0.003	0.609	0.069	0.009	0.191
happy	0.138	0.026	0.003	0.533	0.075	0.008	0.217
happy	0.118	0.012	0.003	0.596	0.077	0.007	0.188
happy	0.165	0.007	0.003	0.487	0.104	0.004	0.230
happy	0.095	0.030	0.005	0.337	0.228	0.006	0.299
sad	0.124	0.030	0.005	0.286	0.325	0.005	0.225
sad	0.108	0.025	0.008	0.196	0.352	0.007	0.304
neutral	0.110	0.024	0.009	0.288	0.236	0.010	0.323
happy	0.101	0.025	0.010	0.302	0.253	0.007	0.302
neutral	0.116	0.016	0.005	0.281	0.283	0.003	0.295
happy	0.121	0.037	0.004	0.328	0.219	0.004	0.288
happy	0.111	0.104	0.004	0.408	0.160	0.003	0.209
happy	0.150	0.008	0.007	0.417	0.145	0.011	0.261
happy	0.180	0.016	0.006	0.399	0.160	0.010	0.229
happy	0.151	0.025	0.003	0.426	0.128	0.003	0.265
happy	0.150	0.019	0.006	0.431	0.121	0.010	0.262
happy	0.102	0.005	0.003	0.558	0.065	0.015	0.250
happy	0.150	0.004	0.004	0.376	0.173	0.008	0.285
happy	0.129	0.021	0.006	0.375	0.177	0.011	0.280
happy	0.106	0.026	0.008	0.291	0.283	0.008	0.277
sad	0.119	0.048	0.008	0.231	0.346	0.005	0.243
happy	0.043	0.009	0.007	0.564	0.127	0.016	0.234
happy	0.052	0.014	0.008	0.440	0.152	0.011	0.322
happy	0.085	0.025	0.005	0.386	0.157	0.013	0.329
happy	0.104	0.011	0.004	0.500	0.123	0.010	0.248
happy	0.125	0.006	0.005	0.536	0.108	0.008	0.214
happy	0.126	0.006	0.004	0.512	0.110	0.016	0.226
happy	0.125	0.005	0.003	0.484	0.123	0.015	0.245
happy	0.063	0.007	0.004	0.636	0.061	0.017	0.212
happy	0.059	0.007	0.003	0.597	0.058	0.019	0.257
happy	0.060	0.005	0.003	0.619	0.055	0.016	0.242
happy	0.096	0.011	0.005	0.582	0.083	0.014	0.209
happy	0.053	0.001	0.002	0.654	0.055	0.028	0.207
happy	0.067	0.010	0.005	0.551	0.086	0.030	0.252
happy	0.101	0.006	0.003	0.445	0.081	0.020	0.344
happy	0.080	0.011	0.003	0.578	0.067	0.020	0.241
happy	0.030	0.001	0.001	0.781	0.029	0.013	0.145
happy	0.062	0.010	0.006	0.440	0.151	0.010	0.321
happy	0.073	0.012	0.007	0.429	0.175	0.009	0.295
