prediction	angry	disgust	fear	happy	sad	surprise	neutral
sad	0.040	0.000	0.062	0.000	0.833	0.001	0.064
sad	0.181	0.001	0.060	0.001	0.625	0.002	0.130
sad	0.189	0.000	0.090	0.002	0.519	0.004	0.196
sad	0.165	0.000	0.089	0.002	0.493	0.005	0.246
sad	0.108	0.000	0.053	0.001	0.663	0.004	0.171
sad	0.135	0.000	0.075	0.002	0.609	0.005	0.174
sad	0.235	0.000	0.077	0.001	0.540	0.004	0.143
sad	0.216	0.001	0.068	0.001	0.520	0.007	0.188
sad	0.145	0.000	0.085	0.001	0.511	0.007	0.250
sad	0.220	0.000	0.051	0.001	0.513	0.005	0.210
sad	0.193	0.000	0.071	0.001	0.529	0.006	0.199
sad	0.141	0.000	0.083	0.001	0.573	0.006	0.196
sad	0.164	0.000	0.059	0.001	0.622	0.003	0.150
sad	0.193	0.000	0.054	0.002	0.571	0.005	0.175
sad	0.145	0.000	0.041	0.002	0.572	0.003	0.237
sad	0.162	0.001	0.053	0.003	0.518	0.003	0.261
sad	0.163	0.000	0.044	0.002	0.585	0.002	0.202
sad	0.140	0.000	0.069	0.002	0.540	0.006	0.242
sad	0.206	0.001	0.086	0.001	0.504	0.008	0.194
sad	0.296	0.000	0.059	0.002	0.446	0.004	0.193
sad	0.230	0.001	0.092	0.001	0.404	0.010	0.262
sad	0.253	0.000	0.077	0.002	0.444	0.008	0.216
sad	0.210	0.001	0.119	0.002	0.390	0.021	0.258
sad	0.239	0.001	0.076	0.002	0.440	0.015	0.228
sad	0.274	0.001	0.121	0.002	0.390	0.016	0.196
sad	0.222	0.000	0.103	0.002	0.383	0.015	0.275
sad	0.201	0.000	0.093	0.003	0.388	0.018	0.296
sad	0.250	0.001	0.084	0.002	0.356	0.019	0.287
sad	0.232	0.001	0.082	0.002	0.400	0.014	0.269
sad	0.215	0.001	0.043	0.004	0.460	0.002	0.275
sad	0.103	0.001	0.096	0.004	0.412	0.013	0.372
sad	0.070	0.001	0.134	0.001	0.551	0.002	0.241
sad	0.125	0.000	0.179	0.001	0.510	0.002	0.183
angry	0.420	0.000	0.091	0.003	0.315	0.001	0.170
angry	0.452	0.000	0.036	0.005	0.341	0.001	0.166
sad	0.209	0.000	0.140	0.003	0.419	0.002	0.226
sad	0.194	0.000	0.075	0.005	0.436	0.002	0.288
sad	0.224	0.000	0.055	0.004	0.423	0.002	0.292
sad	0.179	0.000	0.140	0.002	0.485	0.004	0.190
neutral	0.161	0.000	0.051	0.005	0.357	0.004	0.421
sad	0.252	0.000	0.134	0.007	0.323	0.009	0.275
sad	0.233	0.000	0.099	0.007	0.369	0.004	0.288
angry	0.396	0.000	0.063	0.003	0.333	0.001	0.203
angry	0.452	0.000	0.062	0.004	0.336	0.001	0.146
angry	0.354	0.000	0.077	0.008	0.333	0.002	0.225
angry	0.339	0.000	0.067	0.006	0.286	0.001	0.300
angry	0.470	0.000	0.043	0.003	0.278	0.001	0.205
angry	0.456	0.000	0.053	0.004	0.286	0.001	0.199
neutral	0.288	0.000	0.051	0.008	0.248	0.002	0.403
neutral	0.318	0.000	0.074	0.004	0.268	0.001	0.335
neutral	0.315	0.000	0.053	0.003	0.229	0.003	0.396
angry	0.334	0.001	0.041	0.005	0.302	0.001	0.317
neutral	0.345	0.000	0.042	0.006	0.210	0.003	0.394
neutral	0.291	0.001	0.030	0.004	0.228	0.001	0.444
neutral	0.224	0.000	0.036	0.004	0.204	0.001	0.530
neutral	0.266	0.000	0.029	0.010	0.135	0.001	0.559
neutral	0.236	0.000	0.023	0.006	0.147	0.002	0.587
neutral	0.241	0.000	0.037	0.004	0.125	0.001	0.592
neutral	0.303	0.001	0.036	0.009	0.204	0.005	0.442
neutral	0.346	0.000	0.033	0.010	0.228	0.003	0.380
neutral	0.245	0.001	0.016	0.004	0.153	0.001	0.580
neutral	0.218	0.001	0.018	0.004	0.248	0.002	0.509
neutral	0.316	0.002	0.015	0.004	0.195	0.002	0.466
neutral	0.330	0.002	0.018	0.003	0.230	0.002	0.414
neutral	0.252	0.004	0.023	0.003	0.260	0.003	0.456
neutral	0.225	0.003	0.020	0.004	0.319	0.002	0.428
neutral	0.228	0.003	0.019	0.002	0.254	0.003	0.491
neutral	0.163	0.001	0.014	0.003	0.224	0.002	0.594
neutral	0.185	0.000	0.024	0.002	0.391	0.001	0.397
neutral	0.257	0.001	0.019	0.002	0.340	0.001	0.380
neutral	0.173	0.001	0.022	0.002	0.366	0.001	0.436
neutral	0.201	0.002	0.020	0.002	0.382	0.001	0.393
neutral	0.204	0.000	0.026	0.003	0.335	0.001	0.432
neutral	0.217	0.002	0.022	0.004	0.303	0.001	0.451
sad	0.247	0.002	0.021	0.003	0.406	0.001	0.319
neutral	0.246	0.001	0.009	0.002	0.218	0.001	0.522
neutral	0.238	0.003	0.014	0.003	0.250	0.003	0.490
neutral	0.252	0.004	0.016	0.003	0.246	0.003	0.478
neutral	0.234	0.002	0.015	0.003	0.250	0.002	0.492
neutral	0.220	0.003	0.015	0.002	0.338	0.001	0.422
neutral	0.174	0.001	0.015	0.006	0.402	0.001	0.402
neutral	0.170	0.001	0.014	0.005	0.300	0.001	0.510
neutral	0.260	0.001	0.014	0.004	0.355	0.001	0.364
neutral	0.193	0.001	0.014	0.007	0.328	0.001	0.456
sad	0.211	0.000	0.030	0.003	0.435	0.001	0.321
angry	0.364	0.001	0.016	0.005	0.273	0.004	0.337
sad	0.278	0.003	0.009	0.006	0.399	0.001	0.304
sad	0.288	0.003	0.008	0.006	0.373	0.001	0.322
sad	0.264	0.002	0.015	0.005	0.388	0.001	0.326
neutral	0.264	0.002	0.016	0.003	0.275	0.002	0.438
sad	0.259	0.005	0.012	0.004	0.470	0.001	0.249
sad	0.316	0.009	0.016	0.002	0.355	0.001	0.300
neutral	0.273	0.008	0.023	0.002	0.337	0.001	0.356
neutral	0.302	0.003	0.014	0.002	0.267	0.001	0.412
neutral	0.264	0.002	0.016	0.003	0.331	0.001	0.384
sad	0.276	0.003	0.016	0.002	0.436	0.000	0.266
angry	0.327	0.003	0.020	0.003	0.322	0.001	0.323
neutral	0.319	0.001	0.020	0.003	0.295	0.001	0.361
neutral	0.248	0.000	0.016	0.004	0.217	0.004	0.510
neutral	0.310	0.001	0.017	0.004	0.250	0.003	0.416
neutral	0.301	0.001	0.019	0.002	0.237	0.002	0.438
angry	0.360	0.001	0.020	0.003	0.337	0.001	0.278
neutral	0.292	0.001	0.035	0.004	0.299	0.001	0.368
neutral	0.180	0.001	0.016	0.067	0.166	0.001	0.569
happy	0.024	0.000	0.005	0.766	0.023	0.002	0.180
happy	0.002	0.000	0.000	0.953	0.001	0.001	0.043
happy	0.005	0.000	0.001	0.909	0.003	0.001	0.082
happy	0.003	0.000	0.000	0.920	0.002	0.001	0.074
happy	0.002	0.000	0.000	0.908	0.002	0.000	0.086
happy	0.009	0.000	0.001	0.849	0.015	0.000	0.125
happy	0.007	0.000	0.001	0.832	0.005	0.001	0.155
happy	0.015	0.000	0.002	0.767	0.009	0.001	0.206
happy	0.026	0.000	0.004	0.738	0.020	0.001	0.211
happy	0.023	0.000	0.003	0.796	0.015	0.001	0.161
happy	0.041	0.000	0.006	0.744	0.029	0.001	0.179
happy	0.020	0.000	0.004	0.841	0.017	0.001	0.118
happy	0.021	0.000	0.004	0.764	0.022	0.001	0.187
happy	0.034	0.000	0.006	0.749	0.021	0.001	0.190
happy	0.042	0.000	0.009	0.663	0.039	0.001	0.247
happy	0.046	0.000	0.009	0.682	0.026	0.001	0.237
happy	0.025	0.000	0.005	0.708	0.030	0.001	0.231
happy	0.046	0.000	0.009	0.629	0.030	0.001	0.285
happy	0.036	0.000	0.008	0.734	0.033	0.001	0.188
happy	0.029	0.000	0.008	0.685	0.036	0.001	0.241
happy	0.037	0.000	0.010	0.587	0.053	0.002	0.311
happy	0.036	0.000	0.008	0.591	0.041	0.001	0.323
happy	0.040	0.000	0.009	0.555	0.035	0.001	0.361
happy	0.057	0.000	0.009	0.528	0.053	0.001	0.353
happy	0.033	0.000	0.007	0.610	0.036	0.001	0.314
happy	0.060	0.000	0.012	0.451	0.049	0.001	0.428
happy	0.026	0.000	0.005	0.707	0.025	0.001	0.235
happy	0.016	0.000	0.004	0.743	0.020	0.003	0.214
happy	0.022	0.000	0.005	0.730	0.033	0.004	0.206
happy	0.018	0.000	0.004	0.794	0.019	0.003	0.161
happy	0.024	0.000	0.007	0.712	0.048	0.003	0.206
happy	0.014	0.000	0.003	0.820	0.013	0.003	0.148
happy	0.020	0.000	0.004	0.816	0.016	0.003	0.142
happy	0.036	0.000	0.007	0.706	0.036	0.004	0.210
happy	0.021	0.000	0.006	0.734	0.035	0.003	0.201
happy	0.027	0.000	0.005	0.757	0.027	0.003	0.181
happy	0.020	0.000	0.004	0.806	0.018	0.002	0.150
happy	0.023	0.000	0.004	0.805	0.018	0.003	0.146
happy	0.027	0.000	0.006	0.725	0.041	0.003	0.197
happy	0.052	0.000	0.009	0.678	0.051	0.003	0.207
happy	0.043	0.000	0.009	0.625	0.066	0.003	0.253
happy	0.033	0.000	0.007	0.728	0.033	0.006	0.193
happy	0.030	0.000	0.008	0.756	0.036	0.006	0.163
happy	0.041	0.000	0.007	0.685	0.046	0.002	0.218
happy	0.044	0.000	0.010	0.731	0.042	0.004	0.168
happy	0.041	0.001	0.007	0.744	0.030	0.003	0.175
happy	0.043	0.000	0.009	0.661	0.060	0.002	0.226
happy	0.034	0.000	0.006	0.738	0.034	0.003	0.184
happy	0.063	0.001	0.016	0.535	0.094	0.004	0.287
happy	0.043	0.000	0.006	0.755	0.033	0.004	0.159
happy	0.061	0.000	0.009	0.649	0.047	0.003	0.230
happy	0.041	0.000	0.006	0.718	0.029	0.003	0.202
happy	0.019	0.000	0.004	0.830	0.015	0.002	0.129
happy	0.026	0.000	0.005	0.776	0.020	0.003	0.170
happy	0.054	0.000	0.008	0.540	0.038	0.001	0.359
happy	0.047	0.000	0.007	0.586	0.034	0.001	0.325
happy	0.026	0.000	0.004	0.723	0.020	0.001	0.226
happy	0.022	0.000	0.004	0.751	0.019	0.001	0.203
happy	0.015	0.000	0.003	0.800	0.013	0.001	0.168
happy	0.025	0.000	0.004	0.748	0.021	0.001	0.201
happy	0.022	0.000	0.003	0.770	0.017	0.001	0.188
happy	0.055	0.000	0.005	0.682	0.031	0.001	0.227
happy	0.041	0.000	0.005	0.701	0.029	0.001	0.223
happy	0.018	0.000	0.003	0.800	0.019	0.001	0.158
happy	0.033	0.000	0.004	0.721	0.027	0.002	0.213
happy	0.031	0.000	0.004	0.759	0.019	0.002	0.185
happy	0.013	0.000	0.003	0.861	0.008	0.002	0.113
happy	0.017	0.000	0.003	0.818	0.009	0.002	0.152
happy	0.016	0.000	0.003	0.864	0.011	0.002	0.104
happy	0.019	0.000	0.004	0.830	0.015	0.002	0.130
happy	0.023	0.000	0.004	0.834	0.015	0.002	0.123
happy	0.039	0.000	0.005	0.806	0.020	0.002	0.128
happy	0.054	0.000	0.009	0.669	0.061	0.003	0.203
happy	0.024	0.000	0.006	0.798	0.019	0.004	0.150
happy	0.025	0.000	0.005	0.768	0.028	0.003	0.171
happy	0.046	0.000	0.011	0.618	0.041	0.006	0.278
happy	0.045	0.000	0.009	0.685	0.060	0.002	0.197
happy	0.040	0.000	0.011	0.690	0.041	0.005	0.213
happy	0.051	0.000	0.009	0.593	0.039	0.001	0.306
happy	0.051	0.000	0.008	0.636	0.037	0.001	0.267
happy	0.028	0.000	0.005	0.709	0.027	0.002	0.229
happy	0.016	0.000	0.003	0.841	0.012	0.002	0.125
happy	0.043	0.000	0.010	0.605	0.042	0.002	0.298
happy	0.017	0.000	0.003	0.754	0.014	0.002	0.210
happy	0.044	0.000	0.009	0.515	0.047	0.002	0.383
happy	0.041	0.000	0.009	0.588	0.036	0.002	0.325
neutral	0.050	0.000	0.007	0.311	0.059	0.001	0.572
happy	0.025	0.000	0.005	0.516	0.044	0.002	0.407
happy	0.042	0.000	0.007	0.526	0.096	0.002	0.326
neutral	0.111	0.000	0.015	0.293	0.227	0.001	0.354
happy	0.043	0.000	0.007	0.501	0.086	0.002	0.363
neutral	0.119	0.000	0.011	0.218	0.131	0.001	0.519
happy	0.096	0.000	0.013	0.393	0.179	0.005	0.314
neutral	0.084	0.000	0.017	0.156	0.180	0.003	0.559
neutral	0.093	0.001	0.031	0.212	0.286	0.004	0.373
happy	0.035	0.000	0.007	0.570	0.053	0.001	0.334
happy	0.018	0.000	0.005	0.526	0.041	0.002	0.409
happy	0.023	0.000	0.004	0.627	0.048	0.001	0.297
happy	0.027	0.000	0.003	0.648	0.063	0.001	0.256
happy	0.016	0.000	0.002	0.805	0.029	0.000	0.148
happy	0.005	0.000	0.001	0.813	0.012	0.001	0.168
happy	0.011	0.000	0.001	0.832	0.020	0.000	0.134
happy	0.006	0.000	0.001	0.885	0.013	0.000	0.094
happy	0.009	0.000	0.002	0.708	0.015	0.000	0.266
happy	0.006	0.000	0.001	0.822	0.012	0.000	0.159
happy	0.005	0.000	0.001	0.866	0.009	0.000	0.118
happy	0.012	0.000	0.002	0.796	0.031	0.000	0.158
happy	0.003	0.000	0.001	0.867	0.005	0.000	0.125
happy	0.003	0.000	0.001	0.908	0.007	0.000	0.081
happy	0.006	0.000	0.001	0.815	0.014	0.000	0.163
happy	0.003	0.000	0.001	0.892	0.010	0.000	0.094
happy	0.006	0.000	0.001	0.822	0.011	0.000	0.159
happy	0.004	0.000	0.001	0.897	0.006	0.000	0.092
happy	0.012	0.000	0.002	0.889	0.009	0.000	0.087
happy	0.021	0.000	0.003	0.776	0.025	0.001	0.175
happy	0.148	0.006	0.008	0.506	0.142	0.001	0.188
angry	0.340	0.088	0.029	0.083	0.321	0.005	0.133
sad	0.289	0.041	0.025	0.090	0.343	0.006	0.206
happy	0.134	0.007	0.025	0.374	0.214	0.009	0.237
happy	0.034	0.004	0.010	0.711	0.083	0.010	0.149
happy	0.013	0.002	0.005	0.830	0.052	0.007	0.091
happy	0.027	0.005	0.008	0.643	0.110	0.005	0.203
happy	0.023	0.002	0.010	0.396	0.237	0.010	0.322
neutral	0.021	0.001	0.012	0.341	0.256	0.010	0.358
neutral	0.027	0.000	0.008	0.365	0.195	0.001	0.403
happy	0.019	0.000	0.010	0.420	0.136	0.001	0.414
neutral	0.035	0.000	0.029	0.306	0.223	0.002	0.406
sad	0.075	0.000	0.041	0.216	0.376	0.001	0.289
neutral	0.089	0.001	0.048	0.287	0.280	0.001	0.294
sad	0.113	0.001	0.041	0.217	0.315	0.001	0.311
happy	0.074	0.002	0.032	0.377	0.279	0.001	0.236
neutral	0.114	0.002	0.017	0.293	0.281	0.001	0.293
happy	0.058	0.003	0.016	0.556	0.169	0.001	0.197
happy	0.020	0.001	0.005	0.847	0.017	0.001	0.110
happy	0.050	0.001	0.008	0.682	0.074	0.001	0.184
happy	0.080	0.001	0.012	0.497	0.143	0.001	0.265
happy	0.032	0.001	0.011	0.614	0.066	0.002	0.274
happy	0.048	0.000	0.011	0.657	0.070	0.001	0.213
happy	0.051	0.001	0.020	0.460	0.121	0.002	0.344
happy	0.034	0.000	0.014	0.584	0.103	0.002	0.262
happy	0.043	0.000	0.011	0.553	0.113	0.002	0.278
happy	0.064	0.001	0.022	0.484	0.098	0.003	0.329
happy	0.036	0.000	0.014	0.600	0.099	0.002	0.249
happy	0.037	0.000	0.010	0.686	0.062	0.001	0.205
happy	0.074	0.000	0.012	0.478	0.167	0.000	0.269
happy	0.039	0.000	0.012	0.505	0.161	0.001	0.283
happy	0.041	0.000	0.015	0.487	0.210	0.001	0.246
happy	0.088	0.000	0.016	0.432	0.164	0.000	0.300
happy	0.028	0.000	0.006	0.640	0.097	0.001	0.228
happy	0.049	0.000	0.008	0.660	0.107	0.000	0.176
happy	0.019	0.000	0.006	0.786	0.072	0.000	0.116
happy	0.033	0.000	0.008	0.603	0.112	0.000	0.243
happy	0.025	0.000	0.007	0.653	0.086	0.001	0.228
happy	0.043	0.000	0.007	0.572	0.117	0.000	0.260
happy	0.036	0.000	0.007	0.599	0.101	0.000	0.257
happy	0.035	0.000	0.009	0.620	0.144	0.000	0.191
happy	0.059	0.000	0.009	0.619	0.121	0.000	0.191
happy	0.037	0.000	0.009	0.664	0.105	0.000	0.184
happy	0.051	0.000	0.008	0.545	0.096	0.000	0.299
happy	0.064	0.000	0.009	0.516	0.153	0.000	0.257
happy	0.051	0.000	0.010	0.481	0.153	0.000	0.304
happy	0.049	0.001	0.011	0.530	0.174	0.000	0.235
happy	0.064	0.000	0.011	0.554	0.150	0.000	0.220
happy	0.061	0.000	0.012	0.545	0.141	0.000	0.240
happy	0.054	0.000	0.009	0.540	0.104	0.000	0.293
happy	0.050	0.000	0.010	0.425	0.111	0.001	0.404
neutral	0.046	0.000	0.011	0.366	0.170	0.001	0.406
happy	0.017	0.000	0.003	0.600	0.034	0.001	0.345
happy	0.015	0.000	0.003	0.897	0.017	0.001	0.067
happy	0.006	0.000	0.001	0.960	0.005	0.000	0.028
happy	0.003	0.000	0.001	0.976	0.002	0.000	0.018
happy	0.001	0.000	0.000	0.997	0.000	0.000	0.002
happy	0.000	0.000	0.000	0.996	0.000	0.000	0.003
happy	0.000	0.000	0.000	0.995	0.000	0.000	0.004
happy	0.000	0.000	0.000	0.996	0.000	0.000	0.003
happy	0.000	0.000	0.000	0.999	0.000	0.000	0.000
happy	0.000	0.000	0.000	0.998	0.000	0.000	0.001
happy	0.000	0.000	0.000	0.999	0.000	0.000	0.001
happy	0.000	0.000	0.000	0.999	0.000	0.000	0.001
happy	0.000	0.000	0.000	0.998	0.000	0.000	0.002
happy	0.000	0.000	0.000	0.998	0.000	0.000	0.002
happy	0.000	0.000	0.000	0.999	0.000	0.000	0.001
happy	0.000	0.000	0.000	0.999	0.000	0.000	0.001
happy	0.000	0.000	0.000	0.998	0.000	0.000	0.001
happy	0.000	0.000	0.000	0.998	0.000	0.000	0.002
happy	0.000	0.000	0.000	0.999	0.000	0.000	0.001
happy	0.000	0.000	0.000	0.998	0.000	0.000	0.002
happy	0.000	0.000	0.000	0.998	0.000	0.000	0.002
happy	0.000	0.000	0.000	0.998	0.000	0.000	0.002
happy	0.000	0.000	0.000	0.999	0.000	0.000	0.001
happy	0.000	0.000	0.000	0.996	0.000	0.000	0.003
happy	0.000	0.000	0.000	0.998	0.000	0.000	0.001
happy	0.001	0.000	0.000	0.997	0.000	0.000	0.002
happy	0.001	0.000	0.000	0.995	0.000	0.000	0.004
happy	0.000	0.000	0.000	0.998	0.000	0.000	0.001
happy	0.001	0.000	0.000	0.996	0.000	0.000	0.002
happy	0.001	0.000	0.000	0.997	0.000	0.000	0.002
happy	0.000	0.000	0.000	0.998	0.000	0.000	0.001
happy	0.000	0.000	0.000	0.998	0.000	0.000	0.001
happy	0.000	0.000	0.000	0.997	0.000	0.000	0.002
happy	0.001	0.000	0.000	0.997	0.000	0.000	0.001
happy	0.000	0.000	0.000	0.998	0.000	0.000	0.002
happy	0.000	0.000	0.000	0.997	0.000	0.000	0.002
happy	0.000	0.000	0.000	0.999	0.000	0.000	0.001
happy	0.001	0.000	0.000	0.997	0.000	0.000	0.001
happy	0.002	0.000	0.001	0.993	0.001	0.000	0.003
happy	0.021	0.000	0.004	0.958	0.005	0.001	0.012
happy	0.010	0.000	0.004	0.890	0.006	0.001	0.090
happy	0.053	0.001	0.016	0.686	0.032	0.001	0.212
happy	0.076	0.001	0.024	0.543	0.082	0.000	0.274
neutral	0.132	0.001	0.037	0.266	0.222	0.001	0.341
neutral	0.165	0.001	0.035	0.238	0.231	0.001	0.330
sad	0.159	0.001	0.046	0.173	0.315	0.001	0.304
sad	0.209	0.002	0.048	0.068	0.402	0.000	0.271
sad	0.234	0.001	0.048	0.123	0.299	0.001	0.294
sad	0.224	0.001	0.044	0.153	0.290	0.000	0.287
neutral	0.181	0.001	0.032	0.209	0.215	0.001	0.361
neutral	0.237	0.002	0.050	0.168	0.203	0.001	0.339
neutral	0.150	0.001	0.037	0.221	0.191	0.001	0.399
neutral	0.143	0.001	0.037	0.198	0.186	0.002	0.433
neutral	0.076	0.001	0.032	0.227	0.146	0.003	0.517
neutral	0.088	0.000	0.033	0.194	0.141	0.001	0.543
neutral	0.084	0.000	0.032	0.250	0.151	0.002	0.482
neutral	0.069	0.000	0.035	0.178	0.300	0.001	0.416
neutral	0.071	0.001	0.027	0.242	0.258	0.002	0.400
neutral	0.073	0.000	0.029	0.249	0.220	0.002	0.428
neutral	0.051	0.000	0.028	0.241	0.249	0.001	0.430
neutral	0.066	0.000	0.036	0.103	0.396	0.001	0.398
neutral	0.070	0.000	0.033	0.164	0.295	0.001	0.437
neutral	0.064	0.000	0.029	0.168	0.293	0.001	0.444
neutral	0.072	0.000	0.020	0.167	0.224	0.001	0.515
neutral	0.072	0.001	0.030	0.205	0.322	0.001	0.371
neutral	0.092	0.002	0.025	0.284	0.189	0.001	0.408
neutral	0.089	0.001	0.020	0.267	0.203	0.001	0.418
neutral	0.110	0.001	0.025	0.273	0.198	0.001	0.391
neutral	0.091	0.001	0.023	0.302	0.199	0.001	0.384
happy	0.064	0.000	0.015	0.447	0.100	0.001	0.373
neutral	0.109	0.001	0.019	0.213	0.167	0.001	0.491
happy	0.060	0.000	0.010	0.446	0.075	0.001	0.408
neutral	0.079	0.000	0.020	0.191	0.198	0.001	0.511
neutral	0.080	0.000	0.019	0.246	0.183	0.001	0.472
neutral	0.065	0.000	0.018	0.287	0.139	0.001	0.491
happy	0.053	0.000	0.013	0.479	0.068	0.001	0.386
happy	0.053	0.000	0.011	0.529	0.080	0.001	0.326
happy	0.029	0.000	0.005	0.686	0.027	0.000	0.252
happy	0.052	0.000	0.010	0.559	0.056	0.000	0.322
happy	0.032	0.000	0.005	0.715	0.031	0.000	0.218
happy	0.026	0.000	0.004	0.761	0.029	0.000	0.180
happy	0.025	0.000	0.008	0.656	0.054	0.000	0.257
happy	0.021	0.000	0.004	0.738	0.029	0.000	0.207
happy	0.041	0.000	0.014	0.550	0.089	0.001	0.305
happy	0.027	0.000	0.007	0.638	0.049	0.000	0.279
neutral	0.061	0.000	0.011	0.352	0.063	0.002	0.511
happy	0.032	0.000	0.004	0.654	0.027	0.001	0.282
happy	0.036	0.000	0.005	0.709	0.030	0.001	0.219
happy	0.038	0.000	0.005	0.684	0.042	0.001	0.230
happy	0.012	0.000	0.002	0.791	0.015	0.001	0.179
neutral	0.037	0.000	0.010	0.396	0.051	0.001	0.505
happy	0.034	0.000	0.003	0.596	0.023	0.000	0.344
happy	0.006	0.000	0.001	0.907	0.004	0.000	0.082
happy	0.003	0.000	0.000	0.978	0.002	0.000	0.017
happy	0.002	0.000	0.000	0.990	0.001	0.000	0.007
happy	0.002	0.000	0.000	0.987	0.001	0.001	0.009
happy	0.001	0.000	0.000	0.996	0.000	0.000	0.002
happy	0.001	0.000	0.000	0.996	0.000	0.000	0.002
happy	0.001	0.000	0.000	0.995	0.000	0.000	0.004
happy	0.000	0.000	0.000	0.997	0.000	0.000	0.002
happy	0.001	0.000	0.000	0.998	0.000	0.000	0.001
happy	0.002	0.000	0.000	0.996	0.000	0.000	0.001
happy	0.000	0.000	0.000	0.996	0.000	0.001	0.003
happy	0.001	0.000	0.000	0.996	0.000	0.000	0.002
happy	0.001	0.000	0.000	0.996	0.000	0.000	0.002
happy	0.001	0.000	0.000	0.997	0.000	0.000	0.002
happy	0.001	0.000	0.000	0.996	0.000	0.001	0.002
happy	0.000	0.000	0.000	0.998	0.000	0.000	0.001
happy	0.001	0.000	0.000	0.998	0.000	0.000	0.001
happy	0.001	0.000	0.000	0.997	0.000	0.000	0.001
happy	0.001	0.000	0.000	0.996	0.000	0.000	0.002
happy	0.000	0.000	0.000	0.997	0.000	0.000	0.002
happy	0.001	0.000	0.000	0.998	0.000	0.000	0.001
happy	0.001	0.000	0.000	0.998	0.000	0.000	0.001
happy	0.001	0.000	0.000	0.996	0.000	0.000	0.002
happy	0.001	0.000	0.000	0.998	0.000	0.000	0.002
happy	0.001	0.000	0.000	0.996	0.000	0.000	0.002
happy	0.001	0.000	0.000	0.998	0.000	0.000	0.001
happy	0.001	0.000	0.000	0.997	0.000	0.000	0.002
happy	0.002	0.000	0.000	0.996	0.000	0.000	0.002
happy	0.002	0.000	0.000	0.995	0.000	0.000	0.002
happy	0.001	0.000	0.000	0.998	0.000	0.000	0.001
happy	0.002	0.000	0.000	0.996	0.000	0.000	0.001
happy	0.001	0.000	0.000	0.997	0.000	0.001	0.001
happy	0.001	0.000	0.000	0.998	0.000	0.000	0.001
happy	0.001	0.000	0.000	0.998	0.000	0.000	0.001
happy	0.005	0.000	0.000	0.990	0.001	0.000	0.004
happy	0.001	0.000	0.000	0.997	0.001	0.000	0.001
happy	0.001	0.000	0.000	0.997	0.001	0.000	0.001
happy	0.001	0.000	0.000	0.995	0.001	0.000	0.004
happy	0.000	0.000	0.000	0.998	0.000	0.000	0.001
happy	0.001	0.000	0.000	0.992	0.001	0.000	0.006
happy	0.000	0.000	0.000	0.999	0.000	0.000	0.001
happy	0.001	0.000	0.000	0.990	0.001	0.000	0.007
happy	0.000	0.000	0.000	0.998	0.000	0.000	0.002
happy	0.000	0.000	0.000	0.998	0.001	0.000	0.001
happy	0.000	0.000	0.000	0.997	0.000	0.000	0.002
happy	0.000	0.000	0.000	0.997	0.000	0.000	0.002
happy	0.001	0.000	0.000	0.998	0.000	0.000	0.002
happy	0.000	0.000	0.000	0.999	0.000	0.000	0.001
happy	0.000	0.000	0.000	0.997	0.000	0.000	0.002
happy	0.000	0.000	0.000	0.997	0.001	0.000	0.002
happy	0.000	0.000	0.000	0.998	0.000	0.000	0.001
happy	0.000	0.000	0.000	0.999	0.000	0.000	0.001
happy	0.000	0.000	0.000	0.999	0.000	0.000	0.000
happy	0.004	0.000	0.000	0.995	0.000	0.000	0.001
happy	0.003	0.000	0.000	0.997	0.000	0.000	0.000
happy	0.032	0.000	0.005	0.921	0.030	0.001	0.011
happy	0.007	0.000	0.001	0.983	0.004	0.001	0.005
happy	0.003	0.000	0.000	0.994	0.001	0.000	0.001
happy	0.007	0.000	0.001	0.983	0.005	0.001	0.004
happy	0.004	0.000	0.000	0.995	0.001	0.000	0.000
happy	0.003	0.000	0.000	0.995	0.001	0.000	0.001
happy	0.004	0.000	0.000	0.992	0.002	0.000	0.002
happy	0.004	0.000	0.000	0.994	0.001	0.000	0.001
happy	0.003	0.000	0.000	0.993	0.001	0.000	0.002
happy	0.003	0.000	0.000	0.990	0.003	0.000	0.003
happy	0.003	0.000	0.000	0.994	0.001	0.000	0.002
happy	0.003	0.000	0.000	0.994	0.001	0.000	0.001
happy	0.002	0.000	0.000	0.996	0.001	0.000	0.001
happy	0.002	0.000	0.000	0.996	0.001	0.000	0.001
happy	0.002	0.000	0.000	0.996	0.001	0.000	0.001
happy	0.003	0.000	0.000	0.995	0.001	0.000	0.001
happy	0.002	0.000	0.000	0.993	0.001	0.000	0.002
happy	0.005	0.000	0.000	0.990	0.002	0.002	0.001
happy	0.002	0.000	0.000	0.993	0.001	0.000	0.003
happy	0.004	0.000	0.000	0.993	0.001	0.000	0.002
happy	0.005	0.000	0.000	0.989	0.002	0.002	0.002
happy	0.005	0.000	0.000	0.986	0.002	0.002	0.005
happy	0.003	0.000	0.000	0.993	0.001	0.001	0.002
happy	0.009	0.000	0.000	0.980	0.002	0.001	0.007
happy	0.006	0.000	0.001	0.990	0.001	0.001	0.002
happy	0.002	0.000	0.000	0.995	0.001	0.001	0.001
happy	0.002	0.000	0.000	0.993	0.001	0.001	0.002
happy	0.008	0.000	0.001	0.984	0.002	0.001	0.004
happy	0.032	0.000	0.003	0.947	0.006	0.002	0.010
happy	0.080	0.000	0.016	0.809	0.043	0.004	0.048
happy	0.120	0.000	0.026	0.734	0.073	0.004	0.044
sad	0.024	0.000	0.183	0.041	0.723	0.008	0.021
happy	0.117	0.003	0.038	0.601	0.105	0.010	0.126
sad	0.043	0.001	0.283	0.223	0.352	0.005	0.092
happy	0.027	0.001	0.003	0.929	0.018	0.001	0.021
happy	0.045	0.001	0.010	0.807	0.051	0.004	0.082
happy	0.032	0.000	0.018	0.601	0.128	0.008	0.212
happy	0.055	0.000	0.014	0.457	0.160	0.002	0.311
neutral	0.063	0.001	0.038	0.265	0.295	0.004	0.335
happy	0.032	0.000	0.016	0.476	0.191	0.001	0.284
happy	0.071	0.004	0.022	0.314	0.274	0.007	0.306
happy	0.059	0.002	0.025	0.453	0.188	0.003	0.271
happy	0.106	0.003	0.017	0.569	0.098	0.004	0.203
happy	0.091	0.008	0.027	0.638	0.112	0.003	0.121
happy	0.136	0.020	0.038	0.321	0.297	0.004	0.185
happy	0.049	0.005	0.010	0.777	0.064	0.001	0.094
happy	0.082	0.004	0.015	0.635	0.110	0.003	0.151
happy	0.050	0.002	0.009	0.727	0.076	0.001	0.135
happy	0.064	0.000	0.013	0.668	0.069	0.002	0.185
happy	0.061	0.000	0.014	0.709	0.051	0.003	0.161
happy	0.017	0.000	0.007	0.599	0.095	0.001	0.279
happy	0.031	0.001	0.009	0.650	0.047	0.002	0.260
happy	0.020	0.000	0.004	0.801	0.020	0.001	0.153
happy	0.030	0.000	0.005	0.764	0.016	0.001	0.183
happy	0.008	0.000	0.003	0.923	0.008	0.001	0.057
happy	0.016	0.000	0.003	0.856	0.036	0.000	0.088
happy	0.043	0.000	0.006	0.794	0.076	0.000	0.081
happy	0.048	0.000	0.008	0.646	0.143	0.001	0.154
happy	0.027	0.000	0.005	0.751	0.065	0.001	0.151
happy	0.022	0.000	0.003	0.708	0.081	0.000	0.187
happy	0.024	0.000	0.003	0.766	0.068	0.001	0.138
happy	0.041	0.000	0.004	0.475	0.168	0.001	0.311
happy	0.078	0.000	0.009	0.426	0.315	0.001	0.170
happy	0.067	0.000	0.009	0.560	0.206	0.001	0.157
happy	0.048	0.000	0.012	0.451	0.307	0.001	0.180
happy	0.043	0.000	0.008	0.515	0.187	0.001	0.246
happy	0.041	0.000	0.007	0.568	0.166	0.001	0.216
happy	0.045	0.000	0.009	0.335	0.300	0.001	0.311
happy	0.041	0.000	0.010	0.439	0.249	0.001	0.259
happy	0.039	0.000	0.012	0.533	0.208	0.001	0.208
happy	0.044	0.000	0.007	0.649	0.166	0.001	0.134
happy	0.037	0.000	0.008	0.599	0.177	0.000	0.179
happy	0.041	0.000	0.011	0.483	0.237	0.001	0.227
sad	0.049	0.000	0.014	0.227	0.383	0.001	0.326
sad	0.054	0.000	0.011	0.210	0.445	0.001	0.279
happy	0.033	0.000	0.011	0.394	0.323	0.001	0.238
neutral	0.102	0.001	0.014	0.309	0.261	0.001	0.311
happy	0.045	0.000	0.006	0.511	0.182	0.002	0.253
sad	0.039	0.000	0.008	0.107	0.609	0.001	0.236
sad	0.071	0.000	0.012	0.118	0.524	0.001	0.274
sad	0.052	0.000	0.006	0.292	0.336	0.001	0.313
happy	0.046	0.000	0.011	0.411	0.221	0.002	0.308
happy	0.024	0.000	0.006	0.703	0.058	0.002	0.207
happy	0.032	0.000	0.002	0.763	0.020	0.002	0.180
happy	0.010	0.000	0.001	0.864	0.006	0.003	0.116
happy	0.012	0.000	0.002	0.854	0.013	0.002	0.118
happy	0.018	0.000	0.003	0.724	0.012	0.003	0.240
happy	0.034	0.000	0.006	0.533	0.032	0.004	0.390
happy	0.033	0.000	0.008	0.632	0.081	0.001	0.244
neutral	0.025	0.000	0.008	0.411	0.109	0.001	0.446
neutral	0.024	0.000	0.008	0.398	0.105	0.001	0.463
neutral	0.032	0.000	0.013	0.209	0.259	0.001	0.487
neutral	0.033	0.000	0.011	0.347	0.173	0.002	0.435
happy	0.048	0.000	0.008	0.556	0.127	0.001	0.261
neutral	0.029	0.000	0.009	0.412	0.103	0.002	0.446
neutral	0.033	0.000	0.011	0.341	0.167	0.001	0.447
happy	0.030	0.000	0.012	0.479	0.171	0.001	0.307
happy	0.034	0.000	0.007	0.521	0.105	0.001	0.332
sad	0.079	0.000	0.017	0.194	0.405	0.001	0.304
neutral	0.033	0.000	0.013	0.294	0.189	0.001	0.470
neutral	0.026	0.000	0.011	0.260	0.231	0.001	0.471
neutral	0.047	0.000	0.009	0.274	0.220	0.001	0.449
neutral	0.075	0.000	0.013	0.239	0.236	0.001	0.436
neutral	0.038	0.000	0.009	0.296	0.099	0.001	0.558
neutral	0.057	0.000	0.017	0.232	0.206	0.001	0.486
neutral	0.062	0.001	0.028	0.224	0.217	0.001	0.466
happy	0.052	0.001	0.018	0.431	0.131	0.002	0.366
happy	0.072	0.004	0.024	0.399	0.215	0.002	0.283
sad	0.135	0.004	0.046	0.263	0.307	0.002	0.243
sad	0.124	0.005	0.027	0.179	0.471	0.000	0.193
sad	0.130	0.007	0.049	0.194	0.352	0.001	0.267
neutral	0.144	0.002	0.022	0.127	0.348	0.000	0.356
neutral	0.135	0.002	0.021	0.127	0.338	0.001	0.376
neutral	0.132	0.002	0.022	0.104	0.311	0.001	0.428
neutral	0.119	0.002	0.027	0.115	0.358	0.001	0.378
sad	0.185	0.003	0.022	0.098	0.365	0.001	0.326
neutral	0.098	0.001	0.014	0.200	0.206	0.002	0.480
neutral	0.124	0.010	0.013	0.118	0.299	0.001	0.435
neutral	0.120	0.010	0.014	0.172	0.315	0.002	0.367
sad	0.139	0.006	0.018	0.148	0.345	0.001	0.342
neutral	0.155	0.000	0.014	0.087	0.367	0.000	0.377
sad	0.199	0.002	0.020	0.068	0.357	0.001	0.353
neutral	0.169	0.001	0.014	0.093	0.233	0.002	0.488
neutral	0.109	0.001	0.009	0.128	0.161	0.004	0.588
neutral	0.181	0.005	0.019	0.077	0.266	0.011	0.441
neutral	0.112	0.002	0.010	0.130	0.152	0.007	0.587
neutral	0.139	0.002	0.008	0.081	0.192	0.002	0.576
neutral	0.132	0.001	0.010	0.135	0.150	0.007	0.566
neutral	0.127	0.001	0.010	0.111	0.183	0.003	0.565
neutral	0.127	0.001	0.016	0.120	0.224	0.003	0.510
neutral	0.211	0.001	0.013	0.157	0.191	0.005	0.423
neutral	0.151	0.000	0.012	0.165	0.211	0.002	0.459
neutral	0.166	0.000	0.010	0.191	0.177	0.002	0.454
neutral	0.086	0.000	0.010	0.270	0.177	0.002	0.456
neutral	0.050	0.000	0.007	0.395	0.104	0.003	0.441
neutral	0.039	0.000	0.010	0.343	0.139	0.002	0.467
neutral	0.055	0.000	0.011	0.154	0.259	0.002	0.520
happy	0.047	0.000	0.007	0.412	0.142	0.002	0.390
happy	0.062	0.000	0.009	0.551	0.112	0.005	0.260
happy	0.083	0.000	0.011	0.593	0.120	0.002	0.190
happy	0.043	0.000	0.006	0.695	0.063	0.002	0.190
happy	0.029	0.000	0.016	0.476	0.092	0.001	0.386
neutral	0.021	0.000	0.006	0.433	0.070	0.000	0.469
happy	0.001	0.000	0.000	0.987	0.000	0.000	0.012
happy	0.000	0.000	0.000	0.983	0.000	0.000	0.016
happy	0.001	0.000	0.000	0.996	0.000	0.000	0.003
happy	0.000	0.000	0.000	0.995	0.000	0.000	0.004
happy	0.000	0.000	0.000	0.996	0.000	0.000	0.003
happy	0.000	0.000	0.000	0.999	0.000	0.000	0.001
happy	0.000	0.000	0.000	0.999	0.000	0.000	0.001
happy	0.000	0.000	0.000	0.999	0.000	0.000	0.001
happy	0.000	0.000	0.000	0.996	0.000	0.000	0.004
happy	0.000	0.000	0.000	0.996	0.000	0.000	0.003
happy	0.000	0.000	0.000	0.994	0.000	0.000	0.006
happy	0.000	0.000	0.000	0.998	0.000	0.000	0.001
happy	0.000	0.000	0.000	0.999	0.000	0.000	0.001
happy	0.000	0.000	0.000	0.999	0.000	0.000	0.001
happy	0.000	0.000	0.000	0.997	0.000	0.000	0.003
happy	0.000	0.000	0.000	0.999	0.000	0.000	0.001
happy	0.000	0.000	0.000	0.998	0.000	0.000	0.002
happy	0.000	0.000	0.000	0.996	0.000	0.000	0.003
happy	0.000	0.000	0.000	0.998	0.000	0.000	0.001
happy	0.001	0.000	0.000	0.993	0.001	0.000	0.006
happy	0.001	0.000	0.000	0.992	0.001	0.000	0.006
happy	0.001	0.000	0.000	0.990	0.001	0.000	0.008
happy	0.001	0.000	0.000	0.994	0.000	0.000	0.005
happy	0.001	0.000	0.000	0.994	0.000	0.000	0.005
happy	0.000	0.000	0.000	0.999	0.000	0.000	0.001
happy	0.001	0.000	0.000	0.992	0.001	0.000	0.007
happy	0.001	0.000	0.000	0.995	0.000	0.000	0.005
happy	0.000	0.000	0.000	0.993	0.000	0.000	0.006
happy	0.000	0.000	0.000	0.996	0.000	0.000	0.003
happy	0.000	0.000	0.000	0.993	0.000	0.000	0.007
happy	0.000	0.000	0.000	0.998	0.000	0.000	0.001
happy	0.000	0.000	0.000	0.993	0.000	0.000	0.006
happy	0.000	0.000	0.000	0.998	0.000	0.000	0.002
happy	0.000	0.000	0.000	0.999	0.000	0.000	0.001
happy	0.001	0.000	0.000	0.995	0.000	0.000	0.004
happy	0.000	0.000	0.000	0.998	0.000	0.000	0.001
happy	0.001	0.000	0.000	0.996	0.000	0.000	0.003
happy	0.001	0.000	0.000	0.995	0.000	0.000	0.003
happy	0.002	0.000	0.000	0.994	0.000	0.000	0.003
happy	0.001	0.000	0.000	0.996	0.000	0.000	0.003
happy	0.001	0.000	0.000	0.996	0.000	0.000	0.002
happy	0.001	0.000	0.000	0.997	0.000	0.000	0.002
happy	0.000	0.000	0.000	0.998	0.000	0.000	0.002
happy	0.000	0.000	0.000	0.997	0.000	0.000	0.002
happy	0.000	0.000	0.000	0.998	0.000	0.000	0.001
happy	0.000	0.000	0.000	0.998	0.000	0.000	0.001
happy	0.000	0.000	0.000	0.998	0.000	0.000	0.001
happy	0.000	0.000	0.000	0.999	0.000	0.000	0.001
happy	0.001	0.000	0.000	0.998	0.000	0.000	0.001
happy	0.002	0.000	0.000	0.995	0.000	0.000	0.002
happy	0.041	0.001	0.003	0.830	0.009	0.001	0.117
happy	0.118	0.003	0.008	0.523	0.088	0.001	0.259
happy	0.073	0.001	0.013	0.470	0.188	0.001	0.255
sad	0.096	0.001	0.013	0.239	0.357	0.001	0.293
sad	0.081	0.002	0.011	0.031	0.735	0.000	0.140
sad	0.042	0.002	0.006	0.005	0.881	0.000	0.064
sad	0.025	0.001	0.003	0.002	0.919	0.000	0.051
sad	0.053	0.002	0.008	0.006	0.875	0.000	0.056
sad	0.047	0.001	0.008	0.040	0.736	0.000	0.168
sad	0.036	0.003	0.007	0.029	0.831	0.000	0.094
sad	0.032	0.000	0.004	0.123	0.749	0.000	0.091
happy	0.036	0.001	0.003	0.557	0.180	0.000	0.222
sad	0.103	0.001	0.006	0.258	0.429	0.000	0.203
happy	0.075	0.001	0.005	0.418	0.276	0.000	0.225
sad	0.090	0.000	0.005	0.226	0.368	0.000	0.310
sad	0.144	0.001	0.004	0.162	0.425	0.001	0.263
sad	0.223	0.001	0.010	0.172	0.338	0.001	0.255
sad	0.171	0.001	0.008	0.075	0.483	0.001	0.260
sad	0.216	0.002	0.010	0.083	0.443	0.001	0.245
sad	0.186	0.002	0.012	0.080	0.501	0.000	0.219
sad	0.231	0.002	0.016	0.084	0.380	0.001	0.287
sad	0.187	0.005	0.010	0.118	0.366	0.000	0.314
neutral	0.114	0.003	0.006	0.205	0.268	0.001	0.404
neutral	0.096	0.001	0.004	0.225	0.173	0.001	0.501
neutral	0.140	0.002	0.004	0.193	0.205	0.001	0.455
neutral	0.109	0.003	0.003	0.272	0.174	0.001	0.438
neutral	0.165	0.004	0.014	0.186	0.303	0.001	0.327
neutral	0.180	0.001	0.018	0.225	0.252	0.001	0.322
neutral	0.242	0.001	0.020	0.146	0.259	0.001	0.331
neutral	0.218	0.001	0.009	0.252	0.253	0.001	0.265
sad	0.253	0.001	0.011	0.157	0.315	0.001	0.261
neutral	0.204	0.001	0.009	0.209	0.262	0.001	0.313
neutral	0.180	0.003	0.013	0.187	0.281	0.001	0.336
neutral	0.193	0.007	0.013	0.182	0.297	0.000	0.307
sad	0.246	0.001	0.012	0.109	0.341	0.001	0.290
sad	0.240	0.007	0.013	0.137	0.327	0.001	0.275
angry	0.275	0.003	0.012	0.175	0.266	0.001	0.268
sad	0.313	0.004	0.017	0.091	0.385	0.001	0.189
sad	0.243	0.004	0.017	0.097	0.368	0.001	0.271
sad	0.252	0.004	0.014	0.111	0.364	0.000	0.254
sad	0.233	0.006	0.023	0.159	0.295	0.001	0.283
sad	0.281	0.005	0.031	0.090	0.373	0.001	0.220
sad	0.324	0.005	0.019	0.044	0.396	0.000	0.211
neutral	0.221	0.005	0.020	0.143	0.295	0.001	0.314
sad	0.329	0.004	0.032	0.070	0.360	0.001	0.204
sad	0.321	0.007	0.027	0.043	0.411	0.000	0.191
sad	0.071	0.004	0.014	0.251	0.387	0.000	0.274
happy	0.083	0.001	0.018	0.320	0.296	0.000	0.281
neutral	0.085	0.002	0.014	0.314	0.269	0.000	0.315
happy	0.131	0.002	0.016	0.357	0.232	0.001	0.262
neutral	0.149	0.002	0.033	0.273	0.267	0.001	0.275
neutral	0.121	0.001	0.009	0.221	0.221	0.001	0.426
neutral	0.180	0.003	0.019	0.131	0.328	0.000	0.339
neutral	0.144	0.002	0.013	0.132	0.302	0.000	0.406
neutral	0.172	0.003	0.017	0.111	0.335	0.000	0.362
sad	0.252	0.002	0.022	0.130	0.319	0.000	0.275
neutral	0.175	0.004	0.019	0.116	0.288	0.001	0.398
neutral	0.262	0.002	0.022	0.140	0.198	0.001	0.374
neutral	0.308	0.002	0.025	0.114	0.178	0.001	0.372
neutral	0.199	0.003	0.025	0.107	0.248	0.001	0.417
neutral	0.225	0.002	0.020	0.112	0.299	0.001	0.341
angry	0.391	0.004	0.032	0.057	0.304	0.001	0.212
sad	0.186	0.002	0.036	0.041	0.427	0.000	0.307
sad	0.277	0.004	0.039	0.033	0.430	0.001	0.216
neutral	0.201	0.002	0.028	0.064	0.330	0.001	0.373
neutral	0.155	0.002	0.022	0.133	0.326	0.001	0.361
neutral	0.168	0.000	0.016	0.144	0.222	0.001	0.448
neutral	0.132	0.000	0.015	0.192	0.252	0.001	0.407
neutral	0.177	0.000	0.014	0.158	0.208	0.001	0.441
neutral	0.074	0.000	0.014	0.202	0.223	0.000	0.486
neutral	0.068	0.000	0.020	0.147	0.339	0.000	0.426
neutral	0.108	0.001	0.016	0.239	0.206	0.000	0.431
neutral	0.114	0.001	0.013	0.304	0.119	0.000	0.449
neutral	0.169	0.002	0.018	0.195	0.191	0.000	0.424
happy	0.135	0.002	0.020	0.357	0.137	0.000	0.348
happy	0.076	0.002	0.019	0.442	0.089	0.001	0.371
happy	0.140	0.003	0.017	0.410	0.097	0.001	0.332
neutral	0.095	0.004	0.028	0.356	0.099	0.002	0.416
neutral	0.132	0.001	0.038	0.156	0.245	0.001	0.426
neutral	0.139	0.003	0.034	0.192	0.246	0.001	0.385
neutral	0.123	0.002	0.056	0.238	0.220	0.002	0.360
sad	0.174	0.001	0.078	0.188	0.292	0.001	0.266
happy	0.137	0.000	0.108	0.347	0.219	0.017	0.171
neutral	0.048	0.000	0.014	0.407	0.111	0.001	0.419
happy	0.021	0.001	0.003	0.830	0.024	0.000	0.121
happy	0.019	0.000	0.002	0.910	0.012	0.000	0.057
happy	0.045	0.000	0.006	0.859	0.025	0.000	0.064
happy	0.138	0.001	0.019	0.424	0.128	0.001	0.290
happy	0.060	0.001	0.011	0.742	0.066	0.002	0.119
happy	0.050	0.001	0.009	0.633	0.151	0.001	0.155
happy	0.048	0.002	0.007	0.725	0.107	0.001	0.110
happy	0.041	0.000	0.007	0.793	0.046	0.001	0.111
happy	0.052	0.002	0.008	0.774	0.073	0.002	0.088
happy	0.015	0.001	0.002	0.933	0.016	0.001	0.032
happy	0.067	0.007	0.010	0.751	0.109	0.002	0.053
happy	0.076	0.005	0.013	0.601	0.201	0.002	0.103
happy	0.084	0.006	0.011	0.657	0.147	0.002	0.094
happy	0.075	0.036	0.020	0.460	0.249	0.003	0.157
happy	0.060	0.025	0.026	0.405	0.315	0.002	0.166
happy	0.062	0.024	0.019	0.489	0.258	0.002	0.146
sad	0.093	0.043	0.023	0.242	0.475	0.001	0.124
sad	0.088	0.081	0.022	0.279	0.398	0.001	0.131
sad	0.079	0.137	0.029	0.175	0.487	0.002	0.090
sad	0.117	0.126	0.026	0.165	0.449	0.001	0.117
sad	0.124	0.129	0.031	0.191	0.435	0.001	0.089
sad	0.106	0.087	0.033	0.165	0.444	0.002	0.162
sad	0.152	0.031	0.031	0.228	0.359	0.001	0.197
sad	0.119	0.071	0.030	0.114	0.517	0.001	0.148
sad	0.122	0.053	0.032	0.146	0.451	0.001	0.195
sad	0.136	0.080	0.038	0.113	0.449	0.001	0.184
sad	0.147	0.137	0.030	0.048	0.524	0.001	0.114
sad	0.132	0.125	0.034	0.067	0.539	0.001	0.103
sad	0.132	0.168	0.030	0.144	0.397	0.001	0.129
sad	0.159	0.110	0.032	0.135	0.402	0.001	0.161
sad	0.137	0.224	0.031	0.139	0.357	0.001	0.111
sad	0.158	0.086	0.020	0.183	0.371	0.000	0.181
sad	0.147	0.107	0.021	0.166	0.386	0.000	0.173
sad	0.166	0.055	0.018	0.211	0.378	0.001	0.170
neutral	0.231	0.053	0.033	0.131	0.253	0.003	0.296
angry	0.349	0.056	0.026	0.087	0.236	0.002	0.245
angry	0.315	0.028	0.032	0.086	0.239	0.004	0.295
sad	0.231	0.069	0.024	0.062	0.441	0.001	0.173
sad	0.259	0.085	0.025	0.052	0.413	0.001	0.165
sad	0.189	0.079	0.030	0.033	0.537	0.000	0.132
sad	0.128	0.059	0.041	0.065	0.557	0.000	0.149
sad	0.185	0.026	0.029	0.047	0.480	0.001	0.231
sad	0.117	0.019	0.025	0.062	0.472	0.001	0.304
sad	0.118	0.012	0.029	0.095	0.453	0.001	0.293
sad	0.117	0.020	0.029	0.055	0.406	0.001	0.371
sad	0.171	0.048	0.033	0.062	0.397	0.001	0.288
sad	0.173	0.010	0.031	0.078	0.379	0.001	0.329
sad	0.132	0.017	0.029	0.071	0.423	0.001	0.327
sad	0.179	0.008	0.019	0.071	0.376	0.001	0.346
neutral	0.132	0.005	0.027	0.099	0.324	0.002	0.411
sad	0.190	0.005	0.034	0.129	0.383	0.001	0.258
neutral	0.078	0.003	0.020	0.233	0.274	0.001	0.390
neutral	0.117	0.003	0.024	0.189	0.285	0.001	0.382
neutral	0.171	0.027	0.028	0.136	0.231	0.001	0.406
angry	0.333	0.033	0.045	0.087	0.214	0.004	0.284
neutral	0.298	0.028	0.045	0.108	0.185	0.006	0.331
neutral	0.266	0.020	0.039	0.214	0.127	0.004	0.329
neutral	0.311	0.021	0.041	0.123	0.148	0.004	0.351
neutral	0.245	0.020	0.047	0.136	0.148	0.005	0.399
neutral	0.252	0.015	0.062	0.095	0.252	0.006	0.318
angry	0.321	0.014	0.052	0.071	0.232	0.005	0.305
angry	0.415	0.025	0.047	0.058	0.217	0.004	0.234
angry	0.383	0.036	0.056	0.075	0.204	0.006	0.240
sad	0.242	0.028	0.056	0.033	0.392	0.001	0.248
sad	0.226	0.023	0.048	0.056	0.392	0.001	0.254
neutral	0.179	0.021	0.033	0.142	0.269	0.001	0.355
sad	0.195	0.016	0.030	0.148	0.321	0.001	0.289
neutral	0.121	0.005	0.022	0.278	0.262	0.001	0.310
neutral	0.127	0.009	0.020	0.209	0.247	0.001	0.387
sad	0.206	0.009	0.021	0.151	0.370	0.000	0.243
neutral	0.303	0.021	0.011	0.128	0.190	0.002	0.345
angry	0.401	0.033	0.012	0.102	0.244	0.001	0.207
sad	0.106	0.009	0.014	0.196	0.408	0.000	0.269
sad	0.155	0.011	0.016	0.118	0.482	0.000	0.217
neutral	0.097	0.013	0.013	0.106	0.326	0.000	0.444
neutral	0.094	0.033	0.015	0.041	0.373	0.000	0.444
neutral	0.081	0.020	0.012	0.056	0.285	0.001	0.544
neutral	0.034	0.003	0.008	0.069	0.236	0.001	0.648
neutral	0.075	0.004	0.018	0.043	0.377	0.001	0.483
neutral	0.078	0.018	0.013	0.058	0.399	0.001	0.434
neutral	0.070	0.011	0.007	0.056	0.303	0.002	0.551
neutral	0.103	0.015	0.009	0.222	0.193	0.004	0.454
neutral	0.153	0.022	0.024	0.141	0.303	0.003	0.354
sad	0.212	0.007	0.024	0.098	0.365	0.001	0.293
neutral	0.136	0.004	0.021	0.257	0.126	0.004	0.453
neutral	0.188	0.013	0.011	0.114	0.157	0.002	0.515
neutral	0.239	0.016	0.013	0.128	0.172	0.003	0.430
neutral	0.169	0.020	0.011	0.141	0.140	0.006	0.513
neutral	0.150	0.012	0.010	0.117	0.141	0.003	0.567
neutral	0.168	0.010	0.007	0.280	0.120	0.003	0.412
neutral	0.151	0.011	0.012	0.131	0.168	0.004	0.524
neutral	0.209	0.004	0.022	0.095	0.205	0.004	0.461
sad	0.124	0.019	0.026	0.067	0.407	0.002	0.355
sad	0.140	0.023	0.032	0.086	0.366	0.002	0.351
angry	0.337	0.023	0.023	0.053	0.300	0.001	0.263
angry	0.316	0.013	0.021	0.065	0.296	0.001	0.288
neutral	0.119	0.008	0.026	0.095	0.276	0.001	0.475
sad	0.178	0.013	0.032	0.090	0.380	0.001	0.306
sad	0.115	0.063	0.019	0.123	0.446	0.000	0.233
sad	0.189	0.067	0.021	0.110	0.449	0.000	0.164
sad	0.092	0.034	0.024	0.129	0.514	0.000	0.206
sad	0.051	0.004	0.011	0.340	0.344	0.000	0.249
neutral	0.097	0.004	0.006	0.277	0.206	0.001	0.409
neutral	0.095	0.003	0.008	0.280	0.195	0.001	0.418
sad	0.078	0.001	0.010	0.187	0.410	0.000	0.313
neutral	0.063	0.001	0.006	0.280	0.173	0.000	0.477
neutral	0.080	0.000	0.006	0.277	0.158	0.000	0.479
happy	0.042	0.000	0.006	0.490	0.071	0.000	0.390
happy	0.040	0.000	0.003	0.680	0.059	0.000	0.217
happy	0.027	0.000	0.003	0.723	0.054	0.000	0.192
happy	0.016	0.000	0.003	0.787	0.035	0.000	0.159
happy	0.009	0.000	0.001	0.850	0.017	0.000	0.123
happy	0.012	0.000	0.002	0.872	0.013	0.000	0.101
happy	0.005	0.000	0.001	0.906	0.007	0.000	0.081
happy	0.002	0.000	0.000	0.941	0.002	0.000	0.054
happy	0.001	0.000	0.000	0.993	0.000	0.000	0.005
happy	0.003	0.000	0.000	0.989	0.001	0.000	0.007
happy	0.000	0.000	0.000	0.998	0.000	0.000	0.001
happy	0.000	0.000	0.000	0.999	0.000	0.000	0.000
happy	0.000	0.000	0.000	0.999	0.000	0.000	0.000
happy	0.000	0.000	0.000	0.999	0.000	0.000	0.001
happy	0.001	0.000	0.000	0.997	0.000	0.000	0.002
happy	0.000	0.000	0.000	0.998	0.000	0.000	0.001
happy	0.000	0.000	0.000	0.998	0.000	0.000	0.001
happy	0.000	0.000	0.000	0.998	0.000	0.000	0.001
happy	0.001	0.000	0.000	0.998	0.000	0.000	0.001
happy	0.001	0.000	0.000	0.995	0.000	0.000	0.004
happy	0.001	0.000	0.000	0.997	0.000	0.000	0.001
happy	0.000	0.000	0.000	0.999	0.000	0.000	0.000
happy	0.000	0.000	0.000	1.000	0.000	0.000	0.000
happy	0.000	0.000	0.000	1.000	0.000	0.000	0.000
happy	0.000	0.000	0.000	1.000	0.000	0.000	0.000
happy	0.000	0.000	0.000	1.000	0.000	0.000	0.000
happy	0.000	0.000	0.000	0.999	0.000	0.000	0.000
happy	0.000	0.000	0.000	1.000	0.000	0.000	0.000
