prediction	angry	disgust	fear	happy	sad	surprise	neutral
neutral	0.104	0.001	0.015	0.001	0.213	0.000	0.666
neutral	0.168	0.001	0.016	0.001	0.142	0.000	0.672
neutral	0.102	0.000	0.023	0.001	0.160	0.001	0.713
neutral	0.313	0.000	0.005	0.003	0.179	0.000	0.500
neutral	0.255	0.000	0.006	0.002	0.207	0.000	0.530
angry	0.425	0.000	0.005	0.004	0.165	0.000	0.401
neutral	0.138	0.000	0.004	0.006	0.185	0.001	0.667
neutral	0.324	0.000	0.005	0.004	0.287	0.000	0.380
neutral	0.136	0.000	0.003	0.003	0.089	0.001	0.767
neutral	0.232	0.000	0.004	0.003	0.119	0.001	0.642
neutral	0.123	0.000	0.005	0.003	0.124	0.001	0.745
neutral	0.158	0.000	0.006	0.002	0.088	0.001	0.746
neutral	0.245	0.000	0.005	0.006	0.214	0.000	0.529
neutral	0.124	0.000	0.005	0.005	0.146	0.001	0.719
neutral	0.157	0.000	0.005	0.005	0.174	0.001	0.659
neutral	0.173	0.000	0.005	0.004	0.160	0.002	0.656
neutral	0.147	0.000	0.006	0.005	0.215	0.002	0.626
neutral	0.285	0.000	0.004	0.006	0.261	0.000	0.444
neutral	0.251	0.000	0.006	0.006	0.302	0.000	0.435
neutral	0.205	0.000	0.006	0.006	0.256	0.000	0.527
neutral	0.185	0.000	0.004	0.007	0.170	0.001	0.632
neutral	0.232	0.000	0.005	0.004	0.229	0.000	0.530
neutral	0.219	0.000	0.004	0.003	0.247	0.000	0.526
neutral	0.273	0.000	0.004	0.006	0.301	0.000	0.415
neutral	0.287	0.000	0.004	0.005	0.208	0.000	0.496
neutral	0.286	0.000	0.003	0.005	0.212	0.000	0.494
angry	0.519	0.000	0.006	0.003	0.135	0.000	0.337
angry	0.443	0.000	0.006	0.004	0.199	0.000	0.348
angry	0.488	0.000	0.005	0.006	0.221	0.000	0.280
angry	0.533	0.000	0.006	0.005	0.203	0.000	0.253
angry	0.432	0.000	0.004	0.005	0.236	0.000	0.323
angry	0.589	0.000	0.004	0.005	0.204	0.000	0.198
neutral	0.298	0.000	0.003	0.003	0.212	0.000	0.484
angry	0.360	0.000	0.004	0.005	0.294	0.000	0.336
neutral	0.293	0.000	0.005	0.005	0.238	0.000	0.459
neutral	0.382	0.000	0.003	0.004	0.161	0.000	0.450
angry	0.408	0.000	0.008	0.002	0.249	0.000	0.333
neutral	0.304	0.000	0.003	0.004	0.178	0.000	0.511
angry	0.420	0.000	0.004	0.004	0.196	0.000	0.377
neutral	0.395	0.000	0.004	0.003	0.166	0.000	0.432
neutral	0.367	0.000	0.006	0.003	0.172	0.000	0.452
angry	0.468	0.000	0.006	0.003	0.183	0.000	0.340
angry	0.518	0.000	0.008	0.004	0.212	0.000	0.258
neutral	0.172	0.000	0.009	0.001	0.125	0.001	0.692
neutral	0.220	0.000	0.011	0.001	0.190	0.000	0.577
sad	0.178	0.001	0.042	0.001	0.422	0.001	0.356
sad	0.375	0.003	0.053	0.001	0.409	0.000	0.158
angry	0.347	0.002	0.067	0.000	0.322	0.000	0.261
angry	0.628	0.004	0.057	0.000	0.220	0.000	0.090
angry	0.643	0.005	0.067	0.000	0.224	0.000	0.060
angry	0.465	0.003	0.101	0.000	0.310	0.000	0.121
angry	0.484	0.002	0.113	0.000	0.312	0.000	0.089
angry	0.566	0.001	0.047	0.000	0.215	0.001	0.170
angry	0.544	0.002	0.044	0.000	0.247	0.001	0.161
angry	0.521	0.001	0.071	0.000	0.309	0.000	0.098
angry	0.461	0.001	0.093	0.000	0.337	0.000	0.108
angry	0.534	0.001	0.094	0.000	0.278	0.000	0.091
angry	0.343	0.001	0.048	0.001	0.335	0.001	0.273
sad	0.188	0.001	0.043	0.003	0.480	0.001	0.285
neutral	0.107	0.000	0.019	0.001	0.235	0.000	0.638
neutral	0.092	0.000	0.028	0.002	0.379	0.000	0.499
sad	0.202	0.001	0.023	0.002	0.393	0.000	0.379
angry	0.535	0.000	0.006	0.004	0.200	0.000	0.255
angry	0.527	0.000	0.004	0.003	0.170	0.000	0.296
neutral	0.352	0.000	0.003	0.003	0.167	0.000	0.475
angry	0.586	0.000	0.003	0.004	0.165	0.000	0.242
angry	0.541	0.000	0.004	0.003	0.169	0.000	0.283
neutral	0.357	0.000	0.005	0.002	0.182	0.000	0.453
neutral	0.196	0.000	0.003	0.002	0.182	0.000	0.616
neutral	0.401	0.000	0.003	0.008	0.124	0.000	0.464
neutral	0.251	0.000	0.003	0.004	0.139	0.000	0.603
neutral	0.325	0.000	0.004	0.006	0.155	0.000	0.509
neutral	0.254	0.000	0.006	0.002	0.129	0.001	0.608
neutral	0.143	0.000	0.025	0.001	0.131	0.000	0.699
neutral	0.141	0.000	0.007	0.002	0.072	0.000	0.778
neutral	0.196	0.000	0.017	0.000	0.122	0.000	0.664
neutral	0.170	0.000	0.011	0.001	0.107	0.000	0.710
neutral	0.173	0.000	0.011	0.001	0.175	0.000	0.639
neutral	0.096	0.000	0.009	0.000	0.072	0.000	0.823
neutral	0.219	0.000	0.015	0.001	0.212	0.001	0.552
neutral	0.125	0.000	0.012	0.002	0.126	0.000	0.735
neutral	0.170	0.001	0.009	0.001	0.175	0.000	0.645
neutral	0.279	0.001	0.013	0.001	0.283	0.000	0.423
neutral	0.149	0.000	0.014	0.001	0.116	0.000	0.720
neutral	0.247	0.001	0.015	0.001	0.224	0.000	0.512
angry	0.357	0.004	0.020	0.001	0.284	0.000	0.334
neutral	0.157	0.001	0.027	0.000	0.237	0.001	0.577
neutral	0.202	0.000	0.013	0.001	0.184	0.001	0.600
sad	0.061	0.000	0.096	0.279	0.446	0.002	0.115
neutral	0.258	0.000	0.007	0.001	0.144	0.000	0.590
neutral	0.240	0.000	0.015	0.000	0.160	0.000	0.585
neutral	0.170	0.001	0.009	0.002	0.117	0.000	0.701
neutral	0.131	0.000	0.013	0.001	0.082	0.000	0.772
neutral	0.247	0.000	0.015	0.002	0.105	0.000	0.631
neutral	0.346	0.000	0.003	0.001	0.061	0.000	0.588
neutral	0.414	0.000	0.005	0.002	0.124	0.000	0.455
neutral	0.120	0.000	0.012	0.001	0.137	0.000	0.729
neutral	0.214	0.001	0.021	0.001	0.198	0.000	0.565
neutral	0.199	0.000	0.014	0.000	0.093	0.000	0.694
neutral	0.171	0.000	0.021	0.000	0.164	0.000	0.644
neutral	0.267	0.000	0.009	0.002	0.109	0.000	0.614
neutral	0.305	0.000	0.008	0.000	0.097	0.000	0.590
neutral	0.281	0.000	0.008	0.000	0.136	0.000	0.575
neutral	0.250	0.000	0.027	0.000	0.150	0.000	0.571
neutral	0.168	0.000	0.020	0.000	0.141	0.000	0.671
neutral	0.123	0.000	0.019	0.000	0.231	0.000	0.625
neutral	0.317	0.000	0.006	0.002	0.120	0.000	0.555
neutral	0.239	0.000	0.005	0.002	0.082	0.000	0.671
neutral	0.227	0.000	0.004	0.002	0.094	0.000	0.672
neutral	0.079	0.000	0.011	0.001	0.132	0.000	0.777
neutral	0.135	0.000	0.014	0.002	0.206	0.000	0.643
neutral	0.152	0.000	0.005	0.003	0.102	0.001	0.737
neutral	0.238	0.000	0.003	0.004	0.135	0.000	0.619
neutral	0.256	0.000	0.002	0.007	0.149	0.000	0.586
neutral	0.210	0.000	0.002	0.003	0.135	0.000	0.650
neutral	0.215	0.000	0.001	0.003	0.078	0.000	0.703
neutral	0.171	0.000	0.001	0.004	0.069	0.000	0.754
neutral	0.077	0.001	0.024	0.003	0.190	0.000	0.705
neutral	0.101	0.001	0.015	0.002	0.123	0.000	0.758
neutral	0.172	0.000	0.002	0.003	0.078	0.000	0.745
neutral	0.106	0.000	0.009	0.001	0.112	0.000	0.772
neutral	0.058	0.000	0.005	0.001	0.062	0.001	0.873
neutral	0.097	0.000	0.006	0.001	0.144	0.000	0.751
neutral	0.089	0.000	0.008	0.001	0.115	0.000	0.786
neutral	0.084	0.000	0.007	0.001	0.087	0.000	0.820
neutral	0.152	0.000	0.001	0.003	0.070	0.000	0.773
neutral	0.072	0.000	0.017	0.002	0.167	0.000	0.741
neutral	0.069	0.000	0.007	0.001	0.097	0.000	0.827
neutral	0.139	0.000	0.005	0.001	0.109	0.000	0.746
neutral	0.154	0.001	0.019	0.001	0.241	0.000	0.584
neutral	0.158	0.001	0.017	0.002	0.145	0.000	0.677
neutral	0.165	0.000	0.002	0.002	0.079	0.000	0.751
neutral	0.078	0.000	0.002	0.002	0.062	0.000	0.856
neutral	0.116	0.000	0.002	0.002	0.070	0.000	0.810
neutral	0.140	0.000	0.002	0.002	0.089	0.000	0.768
neutral	0.120	0.000	0.003	0.002	0.092	0.000	0.783
neutral	0.099	0.000	0.004	0.002	0.072	0.000	0.823
neutral	0.128	0.000	0.008	0.001	0.095	0.000	0.767
neutral	0.129	0.000	0.006	0.001	0.084	0.000	0.779
neutral	0.110	0.000	0.014	0.001	0.198	0.000	0.676
angry	0.460	0.001	0.013	0.001	0.093	0.000	0.431
angry	0.574	0.000	0.006	0.001	0.065	0.000	0.353
angry	0.615	0.000	0.011	0.001	0.089	0.000	0.284
angry	0.660	0.001	0.013	0.002	0.092	0.000	0.233
angry	0.588	0.000	0.006	0.001	0.068	0.000	0.336
neutral	0.463	0.000	0.005	0.001	0.052	0.001	0.478
neutral	0.331	0.002	0.027	0.001	0.137	0.000	0.502
neutral	0.212	0.000	0.014	0.001	0.109	0.001	0.663
neutral	0.073	0.000	0.006	0.001	0.072	0.000	0.848
neutral	0.030	0.000	0.006	0.001	0.081	0.000	0.882
neutral	0.042	0.000	0.003	0.006	0.075	0.000	0.872
happy	0.023	0.000	0.000	0.540	0.004	0.004	0.429
happy	0.002	0.000	0.000	0.931	0.000	0.001	0.066
happy	0.000	0.000	0.000	0.965	0.000	0.000	0.034
sad	0.025	0.000	0.173	0.002	0.786	0.008	0.006
happy	0.001	0.000	0.000	0.966	0.000	0.000	0.033
happy	0.001	0.000	0.000	0.951	0.001	0.000	0.047
sad	0.037	0.000	0.155	0.001	0.796	0.004	0.007
happy	0.001	0.000	0.000	0.965	0.000	0.000	0.033
sad	0.022	0.000	0.231	0.001	0.731	0.012	0.004
happy	0.000	0.000	0.000	0.988	0.000	0.000	0.011
happy	0.000	0.000	0.000	0.978	0.000	0.000	0.021
happy	0.001	0.000	0.000	0.968	0.001	0.001	0.029
sad	0.028	0.000	0.202	0.001	0.753	0.012	0.004
happy	0.002	0.000	0.001	0.968	0.002	0.002	0.026
happy	0.003	0.000	0.001	0.952	0.002	0.001	0.042
happy	0.002	0.000	0.001	0.966	0.001	0.001	0.028
happy	0.003	0.000	0.001	0.949	0.003	0.002	0.044
happy	0.001	0.000	0.000	0.966	0.000	0.000	0.032
happy	0.001	0.000	0.000	0.963	0.000	0.000	0.035
happy	0.001	0.000	0.000	0.957	0.000	0.001	0.041
happy	0.001	0.000	0.000	0.953	0.000	0.001	0.045
happy	0.001	0.000	0.000	0.957	0.000	0.001	0.042
happy	0.001	0.000	0.000	0.969	0.000	0.001	0.029
happy	0.000	0.000	0.000	0.996	0.000	0.000	0.004
happy	0.000	0.000	0.000	0.994	0.000	0.000	0.005
sad	0.041	0.000	0.153	0.001	0.796	0.003	0.006
happy	0.000	0.000	0.000	0.989	0.000	0.001	0.010
sad	0.050	0.000	0.187	0.001	0.752	0.004	0.004
happy	0.000	0.000	0.000	0.989	0.000	0.001	0.009
happy	0.000	0.000	0.000	0.994	0.000	0.000	0.005
happy	0.001	0.000	0.000	0.983	0.000	0.001	0.014
happy	0.001	0.000	0.000	0.987	0.001	0.002	0.009
happy	0.001	0.000	0.001	0.983	0.001	0.005	0.011
happy	0.001	0.000	0.000	0.990	0.000	0.001	0.008
sad	0.066	0.000	0.260	0.000	0.666	0.005	0.004
happy	0.001	0.000	0.001	0.985	0.001	0.004	0.008
happy	0.001	0.000	0.000	0.982	0.001	0.005	0.011
sad	0.054	0.000	0.220	0.001	0.711	0.009	0.004
happy	0.000	0.000	0.000	0.991	0.000	0.002	0.006
sad	0.029	0.000	0.163	0.001	0.790	0.012	0.005
happy	0.000	0.000	0.000	0.995	0.000	0.000	0.004
happy	0.001	0.000	0.000	0.995	0.000	0.001	0.004
happy	0.000	0.000	0.000	0.995	0.000	0.000	0.004
happy	0.000	0.000	0.000	0.995	0.000	0.001	0.004
happy	0.001	0.000	0.000	0.991	0.000	0.002	0.006
sad	0.047	0.000	0.243	0.001	0.696	0.009	0.004
happy	0.000	0.000	0.000	0.997	0.000	0.001	0.002
happy	0.000	0.000	0.000	0.995	0.000	0.001	0.004
happy	0.000	0.000	0.000	0.996	0.000	0.000	0.003
happy	0.000	0.000	0.000	0.993	0.000	0.001	0.005
happy	0.000	0.000	0.000	0.992	0.000	0.001	0.007
happy	0.000	0.000	0.000	0.992	0.000	0.000	0.008
happy	0.000	0.000	0.000	0.989	0.000	0.001	0.010
happy	0.000	0.000	0.000	0.993	0.000	0.001	0.006
happy	0.000	0.000	0.000	0.990	0.000	0.001	0.009
sad	0.156	0.000	0.281	0.000	0.552	0.005	0.006
happy	0.000	0.000	0.000	0.979	0.000	0.001	0.019
sad	0.141	0.000	0.193	0.001	0.660	0.002	0.002
happy	0.000	0.000	0.000	0.982	0.000	0.002	0.016
happy	0.001	0.000	0.000	0.976	0.000	0.002	0.021
sad	0.085	0.000	0.246	0.001	0.660	0.004	0.004
happy	0.000	0.000	0.000	0.975	0.000	0.002	0.023
happy	0.000	0.000	0.000	0.981	0.000	0.002	0.017
happy	0.000	0.000	0.000	0.970	0.000	0.002	0.027
happy	0.001	0.000	0.000	0.976	0.000	0.002	0.022
happy	0.001	0.000	0.000	0.957	0.000	0.004	0.037
happy	0.002	0.000	0.000	0.928	0.001	0.004	0.065
happy	0.002	0.000	0.000	0.921	0.000	0.011	0.066
happy	0.001	0.000	0.000	0.910	0.000	0.008	0.081
happy	0.003	0.000	0.000	0.815	0.001	0.014	0.167
neutral	0.011	0.000	0.002	0.376	0.006	0.007	0.598
neutral	0.019	0.001	0.001	0.238	0.013	0.002	0.725
neutral	0.011	0.000	0.001	0.078	0.007	0.003	0.900
neutral	0.017	0.001	0.002	0.155	0.009	0.003	0.814
neutral	0.011	0.001	0.002	0.139	0.008	0.002	0.838
neutral	0.012	0.001	0.001	0.142	0.007	0.003	0.835
neutral	0.011	0.001	0.001	0.216	0.005	0.006	0.760
neutral	0.017	0.001	0.002	0.126	0.007	0.008	0.839
neutral	0.012	0.000	0.002	0.147	0.006	0.004	0.829
neutral	0.012	0.001	0.001	0.172	0.006	0.005	0.803
neutral	0.016	0.000	0.002	0.235	0.011	0.004	0.732
neutral	0.021	0.000	0.001	0.360	0.008	0.005	0.606
neutral	0.022	0.000	0.001	0.265	0.010	0.004	0.697
neutral	0.022	0.000	0.001	0.028	0.013	0.001	0.934
neutral	0.039	0.000	0.003	0.034	0.028	0.002	0.893
neutral	0.022	0.000	0.005	0.003	0.027	0.000	0.942
neutral	0.030	0.000	0.004	0.005	0.027	0.001	0.932
neutral	0.031	0.000	0.004	0.002	0.024	0.000	0.939
neutral	0.020	0.000	0.003	0.001	0.034	0.000	0.942
neutral	0.024	0.000	0.002	0.003	0.013	0.000	0.958
neutral	0.020	0.000	0.002	0.004	0.013	0.000	0.960
neutral	0.057	0.000	0.003	0.003	0.099	0.000	0.837
neutral	0.074	0.000	0.004	0.003	0.084	0.000	0.836
neutral	0.046	0.000	0.004	0.004	0.059	0.001	0.886
neutral	0.031	0.000	0.002	0.002	0.022	0.000	0.942
neutral	0.057	0.000	0.005	0.001	0.095	0.000	0.842
neutral	0.069	0.000	0.005	0.002	0.056	0.000	0.869
neutral	0.045	0.000	0.005	0.001	0.042	0.000	0.907
neutral	0.050	0.000	0.005	0.001	0.049	0.000	0.895
neutral	0.024	0.000	0.004	0.001	0.038	0.000	0.933
neutral	0.033	0.000	0.003	0.001	0.031	0.001	0.932
neutral	0.025	0.000	0.002	0.001	0.022	0.001	0.949
neutral	0.055	0.000	0.004	0.001	0.058	0.000	0.881
neutral	0.090	0.000	0.005	0.002	0.112	0.001	0.790
neutral	0.164	0.000	0.005	0.002	0.106	0.000	0.723
neutral	0.154	0.000	0.005	0.002	0.110	0.000	0.729
neutral	0.165	0.000	0.007	0.001	0.123	0.000	0.704
neutral	0.086	0.000	0.004	0.002	0.083	0.000	0.826
neutral	0.091	0.000	0.003	0.001	0.065	0.001	0.839
neutral	0.080	0.000	0.004	0.001	0.054	0.000	0.861
neutral	0.033	0.000	0.006	0.001	0.043	0.000	0.917
neutral	0.066	0.000	0.010	0.000	0.098	0.000	0.825
neutral	0.029	0.000	0.005	0.001	0.053	0.000	0.912
neutral	0.103	0.000	0.008	0.001	0.102	0.000	0.785
neutral	0.045	0.000	0.006	0.002	0.065	0.000	0.883
neutral	0.066	0.000	0.003	0.003	0.081	0.000	0.847
neutral	0.103	0.000	0.005	0.002	0.079	0.001	0.811
neutral	0.090	0.000	0.004	0.003	0.065	0.001	0.838
neutral	0.055	0.000	0.003	0.002	0.038	0.000	0.902
neutral	0.037	0.000	0.002	0.002	0.030	0.001	0.928
neutral	0.033	0.000	0.005	0.003	0.028	0.001	0.931
neutral	0.029	0.000	0.005	0.004	0.024	0.001	0.939
neutral	0.029	0.000	0.004	0.026	0.027	0.001	0.912
neutral	0.025	0.000	0.005	0.055	0.024	0.002	0.889
neutral	0.025	0.001	0.004	0.070	0.020	0.002	0.878
neutral	0.029	0.001	0.004	0.067	0.022	0.002	0.876
neutral	0.022	0.000	0.004	0.070	0.020	0.003	0.880
neutral	0.024	0.000	0.003	0.060	0.022	0.002	0.889
neutral	0.028	0.001	0.005	0.048	0.024	0.002	0.891
neutral	0.023	0.000	0.004	0.051	0.018	0.003	0.902
neutral	0.020	0.000	0.002	0.059	0.007	0.008	0.904
neutral	0.020	0.000	0.001	0.071	0.006	0.007	0.895
neutral	0.026	0.000	0.002	0.104	0.011	0.009	0.848
neutral	0.017	0.000	0.001	0.082	0.006	0.007	0.887
neutral	0.019	0.000	0.001	0.040	0.009	0.003	0.928
neutral	0.024	0.000	0.002	0.060	0.009	0.004	0.901
neutral	0.022	0.000	0.001	0.086	0.010	0.004	0.876
neutral	0.019	0.000	0.001	0.049	0.007	0.003	0.920
neutral	0.021	0.000	0.002	0.059	0.012	0.003	0.903
neutral	0.020	0.000	0.001	0.034	0.007	0.003	0.934
neutral	0.042	0.001	0.007	0.024	0.029	0.002	0.894
neutral	0.038	0.001	0.005	0.038	0.024	0.002	0.892
neutral	0.018	0.001	0.003	0.050	0.017	0.002	0.909
neutral	0.024	0.001	0.003	0.053	0.018	0.002	0.900
neutral	0.020	0.000	0.004	0.018	0.014	0.002	0.942
neutral	0.019	0.000	0.002	0.031	0.007	0.002	0.938
neutral	0.018	0.000	0.001	0.085	0.007	0.006	0.882
neutral	0.023	0.000	0.002	0.054	0.006	0.003	0.912
neutral	0.015	0.000	0.001	0.071	0.005	0.004	0.902
neutral	0.023	0.000	0.002	0.050	0.008	0.003	0.913
neutral	0.038	0.000	0.001	0.073	0.010	0.003	0.875
neutral	0.023	0.000	0.002	0.086	0.008	0.003	0.879
neutral	0.027	0.000	0.002	0.090	0.009	0.004	0.868
neutral	0.016	0.000	0.001	0.293	0.004	0.010	0.676
neutral	0.019	0.000	0.001	0.322	0.005	0.007	0.647
happy	0.007	0.000	0.001	0.567	0.003	0.006	0.417
happy	0.012	0.000	0.001	0.576	0.003	0.012	0.396
happy	0.003	0.000	0.000	0.822	0.001	0.007	0.167
happy	0.002	0.000	0.000	0.886	0.001	0.005	0.106
happy	0.001	0.000	0.000	0.871	0.001	0.006	0.120
happy	0.003	0.000	0.000	0.745	0.001	0.004	0.246
happy	0.004	0.000	0.000	0.783	0.001	0.007	0.205
happy	0.002	0.000	0.000	0.808	0.001	0.002	0.187
happy	0.006	0.000	0.001	0.600	0.002	0.006	0.386
happy	0.005	0.000	0.000	0.712	0.001	0.007	0.273
happy	0.005	0.000	0.001	0.728	0.001	0.007	0.258
happy	0.004	0.000	0.000	0.735	0.001	0.007	0.252
happy	0.004	0.000	0.001	0.733	0.002	0.011	0.249
happy	0.004	0.000	0.001	0.707	0.002	0.008	0.279
happy	0.008	0.000	0.001	0.650	0.002	0.010	0.328
neutral	0.013	0.000	0.002	0.403	0.012	0.004	0.565
neutral	0.013	0.000	0.002	0.479	0.007	0.009	0.490
happy	0.006	0.000	0.001	0.551	0.003	0.006	0.433
happy	0.005	0.000	0.000	0.564	0.001	0.013	0.417
happy	0.006	0.000	0.000	0.536	0.002	0.008	0.448
happy	0.007	0.000	0.001	0.704	0.002	0.009	0.278
happy	0.006	0.000	0.001	0.650	0.002	0.008	0.334
happy	0.004	0.000	0.000	0.652	0.001	0.009	0.334
happy	0.005	0.000	0.000	0.570	0.002	0.013	0.410
happy	0.005	0.000	0.000	0.714	0.001	0.010	0.269
happy	0.004	0.000	0.000	0.647	0.001	0.005	0.342
happy	0.002	0.000	0.000	0.768	0.001	0.005	0.224
happy	0.000	0.000	0.000	0.969	0.000	0.001	0.030
happy	0.000	0.000	0.000	0.992	0.000	0.000	0.008
happy	0.000	0.000	0.000	0.990	0.000	0.000	0.009
happy	0.000	0.000	0.000	0.977	0.000	0.001	0.022
happy	0.000	0.000	0.000	0.996	0.000	0.001	0.004
happy	0.000	0.000	0.000	0.992	0.000	0.000	0.007
happy	0.000	0.000	0.000	0.956	0.000	0.001	0.042
happy	0.000	0.000	0.000	0.964	0.000	0.001	0.035
happy	0.001	0.000	0.000	0.909	0.001	0.001	0.089
happy	0.001	0.000	0.000	0.921	0.000	0.004	0.074
happy	0.001	0.000	0.000	0.880	0.001	0.002	0.115
happy	0.001	0.000	0.000	0.858	0.001	0.002	0.137
happy	0.001	0.000	0.000	0.882	0.001	0.005	0.111
happy	0.002	0.000	0.000	0.852	0.001	0.003	0.142
happy	0.002	0.000	0.000	0.844	0.001	0.004	0.149
happy	0.002	0.000	0.000	0.848	0.001	0.005	0.144
happy	0.003	0.000	0.001	0.791	0.002	0.005	0.199
happy	0.004	0.000	0.001	0.783	0.002	0.006	0.204
happy	0.002	0.000	0.000	0.800	0.001	0.005	0.191
happy	0.004	0.000	0.001	0.717	0.002	0.006	0.270
happy	0.003	0.000	0.001	0.742	0.002	0.006	0.248
happy	0.005	0.000	0.001	0.707	0.002	0.004	0.280
happy	0.002	0.000	0.000	0.802	0.001	0.004	0.190
happy	0.003	0.000	0.001	0.751	0.001	0.007	0.237
happy	0.003	0.000	0.001	0.827	0.001	0.005	0.164
happy	0.003	0.000	0.001	0.758	0.001	0.006	0.231
happy	0.004	0.000	0.001	0.636	0.003	0.005	0.352
happy	0.002	0.000	0.000	0.752	0.001	0.004	0.240
happy	0.004	0.000	0.001	0.668	0.003	0.006	0.317
happy	0.006	0.000	0.001	0.724	0.003	0.005	0.260
happy	0.004	0.000	0.001	0.690	0.003	0.005	0.298
happy	0.005	0.000	0.001	0.594	0.003	0.005	0.392
happy	0.007	0.001	0.001	0.496	0.004	0.008	0.484
neutral	0.006	0.000	0.001	0.482	0.004	0.006	0.502
happy	0.006	0.000	0.001	0.617	0.003	0.009	0.364
happy	0.009	0.001	0.002	0.493	0.006	0.005	0.485
neutral	0.013	0.000	0.002	0.390	0.009	0.005	0.581
happy	0.008	0.001	0.001	0.556	0.005	0.006	0.422
neutral	0.017	0.001	0.003	0.307	0.009	0.008	0.654
neutral	0.016	0.001	0.002	0.446	0.004	0.021	0.510
happy	0.018	0.000	0.001	0.488	0.003	0.017	0.472
happy	0.011	0.000	0.001	0.597	0.003	0.018	0.370
neutral	0.026	0.001	0.003	0.328	0.017	0.009	0.616
neutral	0.017	0.001	0.002	0.319	0.011	0.007	0.644
neutral	0.026	0.001	0.005	0.178	0.025	0.005	0.760
neutral	0.018	0.000	0.001	0.364	0.006	0.010	0.601
neutral	0.020	0.000	0.001	0.354	0.008	0.007	0.610
neutral	0.013	0.000	0.001	0.268	0.009	0.010	0.699
neutral	0.021	0.000	0.001	0.070	0.009	0.002	0.897
neutral	0.030	0.000	0.002	0.042	0.016	0.004	0.906
neutral	0.023	0.001	0.003	0.040	0.022	0.002	0.908
neutral	0.019	0.000	0.002	0.019	0.013	0.002	0.945
neutral	0.018	0.000	0.002	0.025	0.014	0.001	0.939
neutral	0.039	0.001	0.004	0.043	0.024	0.002	0.887
neutral	0.022	0.000	0.003	0.037	0.020	0.001	0.917
neutral	0.024	0.000	0.006	0.007	0.025	0.001	0.937
neutral	0.020	0.000	0.004	0.007	0.024	0.001	0.943
neutral	0.025	0.000	0.005	0.011	0.033	0.001	0.926
neutral	0.024	0.000	0.003	0.025	0.019	0.001	0.928
neutral	0.014	0.000	0.002	0.017	0.033	0.000	0.934
neutral	0.023	0.000	0.002	0.018	0.026	0.001	0.930
neutral	0.016	0.000	0.002	0.019	0.028	0.001	0.935
neutral	0.018	0.000	0.002	0.051	0.035	0.001	0.892
neutral	0.028	0.000	0.004	0.024	0.058	0.001	0.885
neutral	0.018	0.000	0.004	0.082	0.045	0.002	0.848
neutral	0.021	0.000	0.004	0.063	0.058	0.002	0.852
neutral	0.019	0.000	0.006	0.061	0.048	0.003	0.862
neutral	0.017	0.001	0.005	0.074	0.068	0.001	0.834
neutral	0.016	0.000	0.004	0.074	0.043	0.002	0.861
neutral	0.016	0.000	0.005	0.048	0.050	0.001	0.880
neutral	0.009	0.000	0.004	0.053	0.030	0.001	0.902
neutral	0.015	0.001	0.007	0.054	0.058	0.002	0.863
neutral	0.021	0.001	0.004	0.056	0.031	0.002	0.886
neutral	0.019	0.000	0.004	0.037	0.022	0.002	0.917
neutral	0.014	0.000	0.003	0.048	0.020	0.003	0.913
neutral	0.016	0.001	0.007	0.064	0.048	0.002	0.862
neutral	0.013	0.000	0.003	0.070	0.017	0.003	0.893
neutral	0.022	0.000	0.005	0.085	0.032	0.002	0.853
neutral	0.035	0.001	0.004	0.089	0.035	0.002	0.834
neutral	0.029	0.001	0.004	0.069	0.036	0.002	0.859
neutral	0.023	0.000	0.003	0.042	0.027	0.003	0.901
neutral	0.038	0.000	0.000	0.170	0.011	0.001	0.778
neutral	0.033	0.002	0.004	0.278	0.021	0.010	0.653
neutral	0.023	0.003	0.004	0.244	0.030	0.004	0.692
neutral	0.042	0.002	0.002	0.194	0.017	0.003	0.740
neutral	0.032	0.000	0.001	0.265	0.017	0.002	0.682
neutral	0.018	0.001	0.002	0.126	0.020	0.002	0.832
neutral	0.025	0.001	0.002	0.071	0.033	0.001	0.867
neutral	0.038	0.001	0.004	0.043	0.031	0.002	0.882
neutral	0.034	0.001	0.007	0.007	0.104	0.000	0.846
neutral	0.028	0.000	0.005	0.001	0.073	0.000	0.893
neutral	0.037	0.000	0.007	0.002	0.097	0.000	0.857
neutral	0.042	0.000	0.007	0.002	0.089	0.000	0.860
neutral	0.029	0.000	0.005	0.001	0.090	0.000	0.875
neutral	0.051	0.000	0.005	0.001	0.176	0.000	0.767
neutral	0.095	0.000	0.004	0.003	0.190	0.000	0.708
neutral	0.063	0.000	0.006	0.002	0.148	0.000	0.780
neutral	0.035	0.000	0.004	0.001	0.057	0.001	0.902
neutral	0.043	0.000	0.005	0.002	0.080	0.001	0.870
neutral	0.059	0.000	0.004	0.001	0.099	0.000	0.836
neutral	0.059	0.000	0.005	0.001	0.144	0.000	0.792
neutral	0.039	0.000	0.006	0.000	0.143	0.000	0.812
neutral	0.064	0.000	0.004	0.001	0.137	0.000	0.794
neutral	0.084	0.000	0.004	0.001	0.094	0.000	0.815
neutral	0.046	0.000	0.005	0.001	0.070	0.000	0.878
neutral	0.069	0.000	0.004	0.001	0.074	0.000	0.851
neutral	0.010	0.000	0.005	0.001	0.022	0.001	0.962
neutral	0.021	0.000	0.004	0.002	0.047	0.000	0.926
neutral	0.045	0.000	0.004	0.003	0.043	0.001	0.904
neutral	0.039	0.000	0.004	0.004	0.042	0.001	0.910
neutral	0.021	0.000	0.002	0.003	0.027	0.000	0.946
neutral	0.024	0.000	0.002	0.003	0.025	0.001	0.945
neutral	0.070	0.000	0.002	0.004	0.060	0.001	0.864
neutral	0.019	0.000	0.003	0.006	0.028	0.001	0.943
neutral	0.034	0.000	0.003	0.003	0.036	0.001	0.923
neutral	0.016	0.000	0.003	0.002	0.025	0.000	0.953
neutral	0.016	0.000	0.002	0.001	0.026	0.001	0.954
neutral	0.014	0.000	0.002	0.005	0.021	0.001	0.958
neutral	0.022	0.000	0.002	0.012	0.020	0.001	0.944
neutral	0.006	0.000	0.001	0.491	0.004	0.005	0.494
happy	0.001	0.000	0.000	0.792	0.001	0.004	0.201
happy	0.000	0.000	0.000	0.967	0.000	0.001	0.032
happy	0.000	0.000	0.000	0.998	0.000	0.000	0.001
happy	0.000	0.000	0.000	0.999	0.000	0.000	0.001
happy	0.000	0.000	0.000	0.999	0.000	0.000	0.000
happy	0.000	0.000	0.000	0.998	0.000	0.001	0.001
happy	0.000	0.000	0.000	0.999	0.000	0.000	0.001
happy	0.000	0.000	0.000	0.999	0.000	0.000	0.001
happy	0.000	0.000	0.000	0.999	0.000	0.000	0.001
happy	0.000	0.000	0.000	0.999	0.000	0.000	0.001
happy	0.000	0.000	0.000	0.999	0.000	0.000	0.001
happy	0.000	0.000	0.000	1.000	0.000	0.000	0.000
happy	0.000	0.000	0.000	0.999	0.000	0.000	0.001
happy	0.000	0.000	0.000	0.998	0.000	0.000	0.001
happy	0.002	0.000	0.000	0.956	0.001	0.002	0.038
happy	0.001	0.000	0.000	0.967	0.000	0.000	0.031
happy	0.003	0.000	0.001	0.687	0.003	0.008	0.299
happy	0.006	0.000	0.001	0.537	0.004	0.009	0.443
happy	0.004	0.000	0.001	0.500	0.007	0.002	0.486
happy	0.006	0.000	0.001	0.499	0.006	0.002	0.486
happy	0.007	0.000	0.002	0.575	0.004	0.004	0.409
happy	0.003	0.000	0.001	0.783	0.006	0.001	0.207
happy	0.014	0.000	0.003	0.638	0.017	0.001	0.327
happy	0.014	0.000	0.003	0.576	0.016	0.001	0.390
happy	0.019	0.000	0.003	0.572	0.023	0.002	0.381
neutral	0.017	0.000	0.004	0.243	0.024	0.001	0.711
neutral	0.015	0.000	0.004	0.216	0.021	0.002	0.741
neutral	0.011	0.000	0.005	0.290	0.014	0.002	0.678
neutral	0.006	0.000	0.001	0.332	0.004	0.003	0.653
neutral	0.019	0.000	0.002	0.286	0.010	0.005	0.678
neutral	0.017	0.000	0.002	0.205	0.008	0.003	0.764
neutral	0.017	0.000	0.002	0.266	0.009	0.005	0.700
neutral	0.013	0.000	0.002	0.377	0.008	0.005	0.595
neutral	0.039	0.000	0.002	0.146	0.016	0.004	0.793
neutral	0.018	0.000	0.001	0.156	0.010	0.004	0.811
neutral	0.027	0.000	0.002	0.139	0.013	0.004	0.815
neutral	0.028	0.000	0.001	0.139	0.013	0.004	0.815
neutral	0.017	0.000	0.002	0.194	0.009	0.005	0.773
neutral	0.026	0.000	0.003	0.167	0.014	0.006	0.783
neutral	0.014	0.000	0.001	0.109	0.007	0.005	0.863
neutral	0.014	0.000	0.002	0.099	0.011	0.004	0.870
neutral	0.017	0.000	0.003	0.172	0.015	0.006	0.787
neutral	0.016	0.000	0.002	0.134	0.008	0.009	0.831
neutral	0.019	0.000	0.002	0.171	0.016	0.006	0.785
neutral	0.020	0.000	0.003	0.127	0.015	0.004	0.831
neutral	0.019	0.001	0.003	0.139	0.017	0.003	0.819
neutral	0.032	0.000	0.005	0.140	0.029	0.005	0.788
neutral	0.030	0.001	0.005	0.134	0.036	0.005	0.789
neutral	0.020	0.001	0.003	0.115	0.029	0.002	0.831
neutral	0.029	0.001	0.005	0.123	0.022	0.002	0.819
neutral	0.031	0.001	0.004	0.258	0.026	0.004	0.676
neutral	0.022	0.001	0.005	0.253	0.030	0.005	0.685
neutral	0.028	0.001	0.005	0.210	0.027	0.003	0.727
neutral	0.023	0.000	0.002	0.346	0.016	0.003	0.610
neutral	0.021	0.001	0.002	0.350	0.015	0.003	0.609
neutral	0.016	0.000	0.002	0.367	0.008	0.007	0.600
neutral	0.006	0.000	0.001	0.477	0.003	0.006	0.508
happy	0.011	0.000	0.001	0.507	0.005	0.008	0.468
happy	0.004	0.000	0.000	0.723	0.002	0.006	0.265
neutral	0.009	0.000	0.001	0.420	0.005	0.008	0.558
happy	0.004	0.000	0.000	0.713	0.002	0.006	0.275
neutral	0.009	0.000	0.001	0.476	0.003	0.008	0.502
happy	0.007	0.000	0.001	0.535	0.003	0.008	0.446
happy	0.006	0.000	0.000	0.584	0.002	0.006	0.402
happy	0.007	0.000	0.000	0.571	0.002	0.008	0.411
happy	0.008	0.000	0.001	0.635	0.002	0.012	0.343
happy	0.005	0.000	0.000	0.741	0.002	0.012	0.240
happy	0.010	0.000	0.001	0.491	0.004	0.008	0.486
happy	0.006	0.000	0.001	0.553	0.004	0.010	0.425
neutral	0.018	0.000	0.003	0.384	0.010	0.007	0.579
neutral	0.015	0.000	0.002	0.306	0.009	0.006	0.662
neutral	0.009	0.000	0.000	0.453	0.003	0.006	0.528
neutral	0.015	0.000	0.001	0.403	0.006	0.005	0.570
neutral	0.022	0.000	0.000	0.350	0.008	0.003	0.618
neutral	0.020	0.000	0.001	0.225	0.006	0.005	0.743
neutral	0.017	0.000	0.001	0.120	0.007	0.004	0.851
neutral	0.019	0.000	0.001	0.123	0.008	0.003	0.846
neutral	0.016	0.000	0.001	0.140	0.007	0.003	0.832
neutral	0.020	0.000	0.001	0.183	0.006	0.003	0.788
neutral	0.019	0.000	0.001	0.315	0.006	0.005	0.654
neutral	0.022	0.000	0.001	0.326	0.005	0.006	0.639
happy	0.005	0.000	0.000	0.793	0.001	0.008	0.193
happy	0.002	0.000	0.000	0.923	0.000	0.005	0.070
happy	0.001	0.000	0.000	0.934	0.000	0.006	0.059
happy	0.002	0.000	0.000	0.865	0.000	0.004	0.129
happy	0.001	0.000	0.000	0.944	0.000	0.003	0.053
happy	0.001	0.000	0.000	0.900	0.000	0.006	0.092
happy	0.001	0.000	0.000	0.954	0.000	0.003	0.042
happy	0.001	0.000	0.000	0.946	0.000	0.004	0.048
happy	0.001	0.000	0.000	0.957	0.000	0.003	0.039
happy	0.001	0.000	0.000	0.944	0.000	0.002	0.053
happy	0.001	0.000	0.000	0.920	0.000	0.007	0.071
happy	0.002	0.000	0.000	0.928	0.001	0.006	0.064
happy	0.001	0.000	0.000	0.964	0.000	0.002	0.033
happy	0.001	0.000	0.000	0.930	0.000	0.004	0.064
happy	0.001	0.000	0.000	0.949	0.000	0.002	0.048
happy	0.002	0.000	0.000	0.927	0.000	0.003	0.068
happy	0.001	0.000	0.000	0.951	0.000	0.001	0.047
happy	0.002	0.000	0.000	0.868	0.001	0.004	0.124
happy	0.004	0.000	0.000	0.807	0.001	0.006	0.182
happy	0.006	0.000	0.000	0.787	0.002	0.014	0.191
happy	0.002	0.000	0.000	0.735	0.001	0.005	0.256
happy	0.005	0.000	0.001	0.773	0.002	0.024	0.195
happy	0.003	0.000	0.000	0.674	0.001	0.008	0.314
happy	0.006	0.000	0.001	0.613	0.002	0.007	0.370
happy	0.007	0.000	0.001	0.525	0.003	0.007	0.458
neutral	0.009	0.000	0.000	0.477	0.003	0.009	0.502
neutral	0.012	0.000	0.001	0.408	0.004	0.009	0.566
happy	0.009	0.000	0.000	0.507	0.004	0.004	0.477
neutral	0.009	0.000	0.001	0.220	0.006	0.006	0.758
neutral	0.015	0.000	0.002	0.189	0.011	0.004	0.779
neutral	0.012	0.000	0.001	0.237	0.008	0.003	0.740
neutral	0.020	0.000	0.001	0.276	0.007	0.010	0.686
neutral	0.023	0.001	0.004	0.189	0.027	0.003	0.753
neutral	0.013	0.000	0.001	0.205	0.005	0.009	0.768
neutral	0.017	0.000	0.003	0.188	0.014	0.006	0.771
neutral	0.016	0.000	0.003	0.131	0.017	0.006	0.827
neutral	0.011	0.000	0.002	0.132	0.013	0.005	0.836
neutral	0.014	0.000	0.001	0.161	0.009	0.004	0.810
neutral	0.013	0.000	0.001	0.147	0.009	0.004	0.826
neutral	0.013	0.000	0.001	0.212	0.004	0.007	0.764
neutral	0.015	0.000	0.005	0.108	0.021	0.005	0.845
neutral	0.027	0.000	0.003	0.125	0.031	0.004	0.810
neutral	0.028	0.000	0.002	0.174	0.022	0.004	0.771
neutral	0.027	0.000	0.002	0.126	0.021	0.003	0.820
neutral	0.027	0.000	0.002	0.093	0.027	0.002	0.848
neutral	0.021	0.000	0.004	0.127	0.029	0.004	0.815
neutral	0.013	0.000	0.002	0.101	0.016	0.004	0.865
neutral	0.027	0.000	0.003	0.092	0.027	0.003	0.848
neutral	0.025	0.000	0.002	0.104	0.025	0.003	0.841
neutral	0.026	0.000	0.003	0.081	0.026	0.002	0.861
neutral	0.023	0.000	0.002	0.186	0.016	0.008	0.765
neutral	0.025	0.000	0.001	0.182	0.013	0.009	0.770
neutral	0.026	0.000	0.001	0.173	0.011	0.009	0.780
neutral	0.016	0.000	0.004	0.092	0.030	0.004	0.855
neutral	0.010	0.000	0.002	0.068	0.021	0.002	0.897
neutral	0.021	0.000	0.003	0.064	0.029	0.002	0.881
neutral	0.026	0.000	0.003	0.077	0.031	0.002	0.860
neutral	0.024	0.000	0.004	0.071	0.025	0.003	0.874
neutral	0.027	0.001	0.005	0.060	0.024	0.003	0.880
neutral	0.019	0.000	0.003	0.036	0.017	0.001	0.923
neutral	0.025	0.000	0.004	0.061	0.017	0.002	0.891
neutral	0.020	0.000	0.002	0.044	0.013	0.001	0.920
neutral	0.025	0.000	0.004	0.037	0.020	0.002	0.911
neutral	0.028	0.001	0.003	0.053	0.018	0.002	0.895
neutral	0.017	0.000	0.003	0.030	0.017	0.001	0.931
neutral	0.024	0.000	0.003	0.029	0.016	0.002	0.927
neutral	0.021	0.000	0.003	0.038	0.014	0.001	0.923
neutral	0.015	0.000	0.001	0.065	0.011	0.002	0.906
neutral	0.018	0.000	0.001	0.050	0.010	0.001	0.920
neutral	0.021	0.000	0.003	0.036	0.015	0.002	0.922
neutral	0.032	0.000	0.005	0.030	0.022	0.002	0.910
neutral	0.013	0.000	0.003	0.018	0.014	0.001	0.951
neutral	0.020	0.000	0.003	0.029	0.017	0.002	0.928
neutral	0.019	0.000	0.002	0.024	0.019	0.001	0.935
neutral	0.012	0.000	0.002	0.020	0.015	0.001	0.951
neutral	0.018	0.000	0.002	0.025	0.019	0.001	0.934
neutral	0.017	0.000	0.003	0.022	0.016	0.001	0.941
neutral	0.026	0.000	0.003	0.029	0.022	0.002	0.917
neutral	0.014	0.000	0.003	0.018	0.017	0.001	0.947
neutral	0.020	0.000	0.001	0.064	0.007	0.005	0.903
neutral	0.016	0.000	0.001	0.058	0.008	0.004	0.914
neutral	0.013	0.000	0.002	0.018	0.019	0.002	0.945
neutral	0.014	0.000	0.002	0.013	0.010	0.001	0.960
neutral	0.013	0.000	0.001	0.023	0.006	0.001	0.954
neutral	0.016	0.000	0.001	0.028	0.010	0.001	0.942
neutral	0.019	0.000	0.001	0.033	0.008	0.002	0.937
neutral	0.013	0.000	0.001	0.026	0.006	0.002	0.951
neutral	0.020	0.000	0.003	0.026	0.016	0.002	0.933
neutral	0.021	0.000	0.003	0.023	0.020	0.002	0.932
neutral	0.024	0.000	0.003	0.041	0.016	0.002	0.914
neutral	0.019	0.000	0.002	0.021	0.015	0.001	0.941
neutral	0.012	0.000	0.002	0.010	0.016	0.000	0.960
neutral	0.013	0.000	0.002	0.014	0.021	0.001	0.950
neutral	0.011	0.000	0.002	0.016	0.015	0.001	0.955
neutral	0.016	0.000	0.003	0.021	0.015	0.001	0.944
neutral	0.012	0.000	0.003	0.013	0.022	0.000	0.950
neutral	0.019	0.000	0.003	0.031	0.021	0.002	0.925
neutral	0.024	0.000	0.003	0.025	0.027	0.004	0.916
neutral	0.019	0.000	0.004	0.029	0.032	0.002	0.914
neutral	0.027	0.000	0.003	0.048	0.023	0.002	0.897
neutral	0.020	0.000	0.002	0.032	0.019	0.002	0.924
neutral	0.018	0.000	0.001	0.061	0.008	0.003	0.908
neutral	0.008	0.000	0.001	0.014	0.004	0.001	0.972
neutral	0.017	0.000	0.002	0.077	0.016	0.003	0.885
neutral	0.014	0.001	0.002	0.158	0.019	0.002	0.802
neutral	0.014	0.000	0.002	0.145	0.011	0.003	0.826
neutral	0.020	0.000	0.003	0.141	0.037	0.001	0.798
neutral	0.018	0.000	0.002	0.174	0.032	0.002	0.773
neutral	0.019	0.001	0.005	0.111	0.043	0.002	0.819
neutral	0.011	0.000	0.002	0.158	0.017	0.002	0.810
neutral	0.020	0.000	0.001	0.098	0.026	0.002	0.853
neutral	0.013	0.000	0.002	0.010	0.014	0.000	0.960
neutral	0.017	0.001	0.001	0.017	0.006	0.002	0.956
neutral	0.011	0.001	0.002	0.052	0.014	0.002	0.919
neutral	0.017	0.001	0.002	0.120	0.018	0.002	0.840
neutral	0.019	0.001	0.002	0.191	0.020	0.002	0.764
neutral	0.030	0.000	0.003	0.102	0.029	0.003	0.832
neutral	0.020	0.001	0.003	0.094	0.024	0.002	0.855
neutral	0.012	0.000	0.001	0.068	0.022	0.002	0.895
neutral	0.031	0.000	0.004	0.032	0.066	0.001	0.866
neutral	0.018	0.000	0.003	0.012	0.037	0.001	0.930
neutral	0.029	0.000	0.003	0.005	0.035	0.001	0.927
neutral	0.032	0.000	0.002	0.001	0.030	0.000	0.935
neutral	0.020	0.000	0.002	0.017	0.031	0.001	0.930
neutral	0.020	0.000	0.002	0.276	0.012	0.002	0.687
neutral	0.018	0.000	0.003	0.186	0.024	0.002	0.767
neutral	0.019	0.000	0.001	0.139	0.012	0.002	0.827
neutral	0.025	0.000	0.003	0.100	0.021	0.003	0.847
neutral	0.013	0.000	0.002	0.101	0.012	0.003	0.869
neutral	0.020	0.000	0.002	0.016	0.018	0.001	0.942
neutral	0.022	0.000	0.002	0.006	0.039	0.000	0.930
neutral	0.019	0.000	0.001	0.003	0.025	0.000	0.951
neutral	0.033	0.000	0.004	0.014	0.044	0.001	0.903
neutral	0.058	0.001	0.003	0.013	0.046	0.001	0.879
neutral	0.052	0.000	0.002	0.015	0.029	0.001	0.901
neutral	0.070	0.000	0.003	0.064	0.052	0.004	0.806
neutral	0.036	0.000	0.001	0.018	0.032	0.001	0.912
neutral	0.079	0.000	0.002	0.070	0.040	0.003	0.805
neutral	0.120	0.000	0.004	0.052	0.052	0.003	0.769
neutral	0.079	0.000	0.002	0.076	0.039	0.002	0.803
neutral	0.017	0.000	0.001	0.023	0.027	0.001	0.931
neutral	0.036	0.000	0.002	0.047	0.036	0.002	0.876
neutral	0.057	0.000	0.003	0.047	0.052	0.001	0.839
neutral	0.033	0.000	0.003	0.030	0.065	0.001	0.868
neutral	0.032	0.000	0.002	0.032	0.032	0.001	0.900
neutral	0.022	0.000	0.003	0.036	0.037	0.001	0.901
neutral	0.026	0.001	0.002	0.040	0.035	0.001	0.895
neutral	0.020	0.000	0.002	0.038	0.028	0.001	0.911
neutral	0.026	0.000	0.002	0.042	0.028	0.002	0.900
neutral	0.025	0.000	0.001	0.050	0.028	0.002	0.894
neutral	0.023	0.000	0.002	0.045	0.029	0.001	0.900
neutral	0.039	0.000	0.003	0.244	0.034	0.005	0.676
neutral	0.045	0.000	0.001	0.222	0.011	0.003	0.718
neutral	0.009	0.000	0.000	0.409	0.005	0.003	0.573
neutral	0.032	0.000	0.001	0.311	0.011	0.002	0.642
neutral	0.015	0.000	0.001	0.447	0.011	0.007	0.520
neutral	0.011	0.001	0.003	0.250	0.024	0.003	0.708
neutral	0.010	0.001	0.003	0.181	0.025	0.004	0.776
neutral	0.009	0.000	0.003	0.242	0.019	0.005	0.722
neutral	0.011	0.000	0.004	0.312	0.024	0.008	0.640
happy	0.017	0.001	0.007	0.507	0.077	0.006	0.386
happy	0.017	0.000	0.005	0.516	0.071	0.012	0.379
happy	0.009	0.000	0.002	0.651	0.059	0.026	0.253
happy	0.011	0.000	0.002	0.680	0.088	0.013	0.206
happy	0.015	0.000	0.004	0.566	0.090	0.010	0.314
happy	0.019	0.000	0.006	0.565	0.092	0.009	0.309
neutral	0.024	0.000	0.009	0.393	0.147	0.009	0.416
neutral	0.027	0.000	0.013	0.327	0.158	0.011	0.465
happy	0.012	0.000	0.004	0.566	0.071	0.010	0.337
happy	0.026	0.000	0.008	0.452	0.123	0.011	0.380
neutral	0.036	0.000	0.012	0.280	0.180	0.014	0.479
happy	0.030	0.000	0.008	0.486	0.112	0.009	0.354
neutral	0.043	0.000	0.011	0.364	0.172	0.005	0.404
neutral	0.025	0.000	0.004	0.402	0.090	0.006	0.472
neutral	0.078	0.000	0.013	0.100	0.367	0.002	0.439
neutral	0.026	0.000	0.006	0.328	0.145	0.004	0.491
neutral	0.056	0.000	0.008	0.213	0.248	0.003	0.472
neutral	0.031	0.000	0.008	0.199	0.212	0.002	0.548
neutral	0.031	0.000	0.007	0.191	0.223	0.002	0.546
neutral	0.034	0.000	0.005	0.172	0.137	0.002	0.651
neutral	0.052	0.000	0.014	0.121	0.180	0.006	0.628
neutral	0.028	0.000	0.009	0.274	0.096	0.011	0.582
happy	0.005	0.000	0.002	0.613	0.009	0.003	0.368
happy	0.019	0.002	0.004	0.595	0.018	0.013	0.349
happy	0.015	0.001	0.002	0.635	0.008	0.010	0.328
happy	0.003	0.000	0.001	0.719	0.003	0.011	0.263
happy	0.004	0.000	0.000	0.702	0.001	0.002	0.291
happy	0.003	0.000	0.000	0.815	0.001	0.002	0.178
happy	0.006	0.000	0.000	0.770	0.003	0.002	0.219
neutral	0.006	0.000	0.003	0.328	0.035	0.003	0.625
neutral	0.008	0.000	0.002	0.346	0.039	0.001	0.604
neutral	0.009	0.000	0.003	0.156	0.047	0.003	0.783
neutral	0.032	0.000	0.006	0.096	0.096	0.004	0.765
neutral	0.039	0.000	0.009	0.127	0.092	0.006	0.727
neutral	0.069	0.000	0.014	0.072	0.171	0.005	0.670
neutral	0.045	0.000	0.004	0.062	0.132	0.002	0.756
neutral	0.024	0.000	0.004	0.021	0.090	0.001	0.860
neutral	0.023	0.000	0.006	0.020	0.132	0.002	0.816
neutral	0.028	0.000	0.006	0.023	0.073	0.003	0.868
neutral	0.026	0.000	0.004	0.032	0.073	0.003	0.862
neutral	0.019	0.000	0.004	0.025	0.076	0.001	0.874
neutral	0.026	0.000	0.005	0.024	0.114	0.001	0.831
neutral	0.030	0.000	0.006	0.030	0.113	0.001	0.819
neutral	0.041	0.000	0.005	0.077	0.095	0.003	0.779
neutral	0.034	0.000	0.007	0.038	0.170	0.001	0.750
neutral	0.033	0.000	0.006	0.036	0.119	0.002	0.804
neutral	0.049	0.000	0.007	0.053	0.161	0.003	0.727
neutral	0.032	0.000	0.010	0.022	0.159	0.001	0.775
neutral	0.038	0.000	0.013	0.012	0.187	0.001	0.750
neutral	0.073	0.000	0.029	0.011	0.405	0.001	0.481
neutral	0.066	0.000	0.016	0.018	0.375	0.001	0.524
neutral	0.077	0.000	0.024	0.025	0.296	0.002	0.576
neutral	0.071	0.000	0.025	0.011	0.387	0.001	0.506
neutral	0.061	0.000	0.028	0.007	0.366	0.001	0.538
neutral	0.079	0.000	0.015	0.014	0.243	0.001	0.649
neutral	0.054	0.000	0.010	0.023	0.197	0.001	0.714
neutral	0.061	0.000	0.018	0.014	0.371	0.001	0.535
neutral	0.090	0.000	0.014	0.020	0.218	0.001	0.657
neutral	0.120	0.000	0.008	0.046	0.093	0.001	0.732
neutral	0.141	0.001	0.023	0.037	0.181	0.007	0.609
neutral	0.101	0.000	0.014	0.039	0.110	0.002	0.734
neutral	0.053	0.000	0.006	0.074	0.058	0.002	0.807
neutral	0.069	0.000	0.002	0.177	0.028	0.002	0.722
neutral	0.057	0.000	0.001	0.154	0.036	0.002	0.751
neutral	0.034	0.000	0.001	0.133	0.029	0.002	0.801
neutral	0.015	0.000	0.001	0.090	0.017	0.001	0.875
neutral	0.025	0.001	0.003	0.041	0.032	0.001	0.897
neutral	0.022	0.001	0.002	0.052	0.034	0.001	0.889
neutral	0.026	0.001	0.003	0.051	0.039	0.001	0.880
neutral	0.012	0.001	0.004	0.023	0.076	0.000	0.884
neutral	0.018	0.001	0.003	0.035	0.073	0.001	0.870
neutral	0.015	0.000	0.004	0.011	0.048	0.001	0.922
neutral	0.022	0.001	0.004	0.026	0.063	0.001	0.883
neutral	0.019	0.001	0.005	0.037	0.062	0.001	0.876
neutral	0.023	0.001	0.005	0.040	0.062	0.002	0.868
neutral	0.020	0.001	0.003	0.052	0.046	0.001	0.876
neutral	0.013	0.000	0.003	0.046	0.053	0.001	0.884
neutral	0.024	0.001	0.002	0.051	0.033	0.002	0.886
neutral	0.027	0.000	0.002	0.093	0.033	0.002	0.843
neutral	0.025	0.000	0.001	0.183	0.026	0.002	0.762
neutral	0.027	0.000	0.001	0.239	0.022	0.005	0.706
neutral	0.026	0.000	0.001	0.200	0.018	0.003	0.752
neutral	0.019	0.000	0.001	0.184	0.014	0.002	0.781
neutral	0.019	0.000	0.001	0.138	0.012	0.003	0.826
neutral	0.015	0.002	0.003	0.044	0.051	0.001	0.884
neutral	0.017	0.001	0.003	0.054	0.045	0.003	0.878
neutral	0.029	0.001	0.002	0.111	0.035	0.003	0.820
neutral	0.026	0.001	0.002	0.108	0.027	0.004	0.832
neutral	0.024	0.000	0.002	0.030	0.020	0.002	0.922
neutral	0.034	0.002	0.006	0.066	0.051	0.002	0.840
neutral	0.016	0.000	0.002	0.052	0.032	0.001	0.897
neutral	0.033	0.000	0.003	0.053	0.040	0.002	0.869
neutral	0.033	0.003	0.002	0.112	0.028	0.003	0.819
neutral	0.036	0.001	0.002	0.068	0.025	0.002	0.866
neutral	0.036	0.000	0.002	0.030	0.034	0.002	0.895
neutral	0.019	0.000	0.002	0.068	0.028	0.002	0.882
neutral	0.013	0.000	0.001	0.051	0.018	0.002	0.916
neutral	0.030	0.004	0.002	0.053	0.020	0.005	0.887
neutral	0.037	0.001	0.001	0.073	0.017	0.002	0.869
neutral	0.032	0.000	0.001	0.138	0.010	0.004	0.815
neutral	0.024	0.000	0.001	0.322	0.013	0.004	0.637
neutral	0.014	0.000	0.003	0.203	0.027	0.001	0.752
neutral	0.025	0.001	0.003	0.137	0.030	0.002	0.803
neutral	0.017	0.001	0.003	0.175	0.047	0.001	0.756
neutral	0.032	0.001	0.007	0.111	0.082	0.003	0.764
neutral	0.026	0.001	0.007	0.098	0.067	0.003	0.798
neutral	0.030	0.001	0.006	0.092	0.065	0.002	0.804
neutral	0.025	0.001	0.003	0.122	0.033	0.003	0.813
neutral	0.019	0.000	0.003	0.078	0.033	0.002	0.865
neutral	0.019	0.000	0.003	0.088	0.032	0.004	0.854
neutral	0.024	0.001	0.004	0.213	0.034	0.004	0.720
neutral	0.022	0.000	0.001	0.355	0.023	0.004	0.595
neutral	0.030	0.000	0.001	0.433	0.018	0.011	0.507
neutral	0.027	0.000	0.002	0.365	0.019	0.010	0.577
neutral	0.030	0.000	0.001	0.258	0.009	0.002	0.699
