prediction	angry	disgust	fear	happy	sad	surprise	neutral
neutral	0.162	0.012	0.065	0.043	0.223	0.002	0.493
neutral	0.143	0.008	0.047	0.086	0.248	0.002	0.466
angry	0.341	0.001	0.106	0.132	0.184	0.096	0.142
neutral	0.213	0.009	0.039	0.091	0.209	0.002	0.437
neutral	0.121	0.003	0.074	0.057	0.288	0.004	0.453
neutral	0.137	0.004	0.067	0.055	0.289	0.004	0.445
angry	0.271	0.001	0.110	0.192	0.173	0.084	0.169
neutral	0.199	0.018	0.049	0.049	0.244	0.002	0.439
neutral	0.112	0.003	0.057	0.033	0.244	0.006	0.544
angry	0.442	0.000	0.129	0.087	0.145	0.090	0.107
neutral	0.116	0.006	0.050	0.028	0.262	0.004	0.534
angry	0.270	0.001	0.128	0.152	0.193	0.107	0.148
angry	0.354	0.001	0.120	0.161	0.187	0.057	0.121
neutral	0.122	0.004	0.046	0.035	0.238	0.003	0.552
angry	0.345	0.001	0.119	0.136	0.164	0.090	0.146
angry	0.356	0.000	0.108	0.140	0.186	0.084	0.126
neutral	0.208	0.001	0.028	0.051	0.191	0.002	0.517
neutral	0.168	0.001	0.022	0.069	0.140	0.003	0.596
neutral	0.196	0.006	0.025	0.054	0.166	0.002	0.550
angry	0.270	0.000	0.145	0.093	0.204	0.108	0.180
neutral	0.233	0.002	0.015	0.064	0.191	0.002	0.494
neutral	0.188	0.008	0.058	0.044	0.266	0.002	0.435
neutral	0.143	0.005	0.032	0.076	0.213	0.002	0.529
neutral	0.128	0.035	0.055	0.035	0.365	0.002	0.380
neutral	0.191	0.004	0.017	0.040	0.229	0.001	0.519
neutral	0.095	0.005	0.030	0.038	0.245	0.002	0.584
neutral	0.094	0.003	0.021	0.031	0.254	0.001	0.596
neutral	0.164	0.003	0.022	0.030	0.283	0.001	0.497
neutral	0.178	0.001	0.013	0.032	0.232	0.001	0.542
neutral	0.098	0.001	0.011	0.036	0.161	0.001	0.692
neutral	0.093	0.006	0.017	0.033	0.196	0.001	0.654
neutral	0.129	0.004	0.016	0.019	0.201	0.002	0.630
neutral	0.117	0.005	0.026	0.017	0.198	0.002	0.634
neutral	0.078	0.006	0.018	0.072	0.167	0.002	0.657
sad	0.152	0.081	0.050	0.034	0.345	0.002	0.335
neutral	0.110	0.003	0.017	0.029	0.176	0.001	0.664
neutral	0.116	0.030	0.037	0.040	0.285	0.002	0.491
neutral	0.091	0.001	0.017	0.030	0.210	0.001	0.650
neutral	0.100	0.004	0.034	0.030	0.279	0.001	0.552
neutral	0.104	0.001	0.033	0.027	0.256	0.001	0.578
neutral	0.155	0.003	0.020	0.026	0.219	0.001	0.575
neutral	0.119	0.001	0.015	0.025	0.232	0.001	0.607
neutral	0.210	0.005	0.017	0.026	0.230	0.001	0.511
neutral	0.129	0.005	0.022	0.029	0.228	0.001	0.586
neutral	0.088	0.003	0.023	0.022	0.274	0.001	0.589
neutral	0.083	0.002	0.021	0.025	0.253	0.001	0.615
neutral	0.094	0.004	0.029	0.028	0.244	0.001	0.600
neutral	0.105	0.010	0.037	0.016	0.332	0.001	0.499
neutral	0.119	0.012	0.037	0.016	0.315	0.001	0.499
neutral	0.091	0.003	0.026	0.015	0.282	0.001	0.582
neutral	0.080	0.002	0.030	0.025	0.271	0.001	0.590
neutral	0.134	0.006	0.028	0.023	0.249	0.001	0.559
neutral	0.084	0.002	0.024	0.032	0.244	0.001	0.612
neutral	0.125	0.005	0.019	0.027	0.229	0.001	0.594
neutral	0.099	0.003	0.028	0.026	0.248	0.001	0.596
neutral	0.228	0.006	0.020	0.038	0.214	0.001	0.495
neutral	0.158	0.004	0.016	0.025	0.282	0.001	0.514
neutral	0.152	0.005	0.015	0.023	0.305	0.001	0.500
neutral	0.150	0.004	0.012	0.018	0.262	0.000	0.553
neutral	0.181	0.008	0.015	0.024	0.341	0.000	0.431
neutral	0.166	0.004	0.017	0.029	0.273	0.000	0.511
neutral	0.156	0.004	0.013	0.016	0.317	0.001	0.493
neutral	0.155	0.006	0.013	0.034	0.260	0.001	0.531
neutral	0.128	0.002	0.017	0.017	0.374	0.001	0.461
sad	0.124	0.000	0.017	0.014	0.434	0.001	0.410
sad	0.141	0.001	0.023	0.014	0.416	0.001	0.404
neutral	0.087	0.002	0.022	0.023	0.278	0.001	0.587
neutral	0.160	0.002	0.017	0.018	0.384	0.001	0.418
sad	0.137	0.001	0.015	0.016	0.444	0.001	0.387
sad	0.143	0.002	0.017	0.017	0.423	0.001	0.398
neutral	0.143	0.008	0.013	0.041	0.232	0.001	0.563
neutral	0.085	0.002	0.013	0.033	0.238	0.001	0.628
neutral	0.133	0.003	0.010	0.028	0.266	0.000	0.560
neutral	0.099	0.002	0.030	0.021	0.313	0.001	0.535
neutral	0.073	0.002	0.017	0.016	0.309	0.000	0.583
neutral	0.065	0.002	0.020	0.020	0.252	0.001	0.640
neutral	0.065	0.003	0.026	0.016	0.324	0.001	0.566
sad	0.104	0.006	0.058	0.023	0.414	0.002	0.392
sad	0.140	0.019	0.077	0.027	0.408	0.003	0.325
sad	0.126	0.014	0.055	0.030	0.403	0.001	0.371
sad	0.096	0.007	0.078	0.030	0.408	0.002	0.380
sad	0.166	0.016	0.165	0.047	0.391	0.004	0.211
sad	0.110	0.024	0.273	0.026	0.494	0.004	0.069
sad	0.202	0.021	0.247	0.007	0.501	0.002	0.021
sad	0.287	0.010	0.237	0.004	0.448	0.001	0.013
sad	0.103	0.008	0.160	0.007	0.662	0.001	0.059
sad	0.282	0.004	0.041	0.097	0.517	0.001	0.057
angry	0.402	0.002	0.015	0.030	0.323	0.000	0.226
sad	0.319	0.002	0.023	0.019	0.507	0.000	0.130
sad	0.395	0.001	0.021	0.014	0.441	0.000	0.127
sad	0.231	0.001	0.042	0.011	0.555	0.001	0.160
sad	0.128	0.001	0.039	0.018	0.554	0.002	0.258
sad	0.066	0.000	0.021	0.013	0.600	0.001	0.299
sad	0.080	0.000	0.018	0.023	0.513	0.006	0.361
sad	0.100	0.001	0.022	0.019	0.643	0.001	0.215
sad	0.168	0.001	0.019	0.055	0.417	0.001	0.340
sad	0.329	0.002	0.013	0.047	0.338	0.001	0.271
sad	0.246	0.001	0.012	0.111	0.332	0.000	0.298
sad	0.117	0.001	0.030	0.126	0.434	0.000	0.292
neutral	0.072	0.001	0.018	0.090	0.268	0.001	0.550
sad	0.185	0.001	0.027	0.051	0.492	0.001	0.242
sad	0.298	0.001	0.016	0.017	0.503	0.000	0.166
neutral	0.287	0.000	0.004	0.030	0.302	0.000	0.376
neutral	0.308	0.000	0.004	0.023	0.234	0.000	0.432
angry	0.336	0.000	0.012	0.025	0.333	0.000	0.294
angry	0.376	0.000	0.009	0.027	0.300	0.000	0.287
angry	0.396	0.000	0.005	0.024	0.254	0.000	0.321
neutral	0.302	0.000	0.005	0.023	0.315	0.000	0.354
neutral	0.269	0.000	0.004	0.026	0.192	0.000	0.508
sad	0.352	0.000	0.012	0.020	0.397	0.000	0.218
neutral	0.278	0.000	0.005	0.038	0.208	0.000	0.471
angry	0.392	0.000	0.008	0.023	0.263	0.000	0.313
neutral	0.257	0.000	0.004	0.031	0.194	0.000	0.515
angry	0.426	0.000	0.007	0.024	0.236	0.000	0.307
neutral	0.311	0.000	0.007	0.033	0.319	0.000	0.330
neutral	0.344	0.000	0.005	0.021	0.215	0.000	0.415
angry	0.438	0.001	0.007	0.019	0.208	0.000	0.327
angry	0.498	0.000	0.005	0.022	0.217	0.000	0.259
neutral	0.392	0.000	0.004	0.030	0.180	0.000	0.394
neutral	0.389	0.000	0.004	0.024	0.183	0.000	0.399
angry	0.441	0.000	0.009	0.017	0.292	0.000	0.240
angry	0.507	0.000	0.009	0.017	0.279	0.000	0.187
sad	0.244	0.001	0.024	0.017	0.587	0.000	0.126
sad	0.301	0.002	0.013	0.026	0.495	0.000	0.163
angry	0.351	0.000	0.008	0.025	0.291	0.000	0.324
angry	0.544	0.001	0.012	0.011	0.314	0.000	0.118
angry	0.529	0.001	0.014	0.012	0.296	0.000	0.148
angry	0.394	0.000	0.007	0.016	0.296	0.000	0.286
angry	0.420	0.000	0.010	0.019	0.332	0.000	0.218
angry	0.530	0.001	0.011	0.026	0.245	0.000	0.187
angry	0.537	0.001	0.011	0.017	0.269	0.000	0.164
angry	0.446	0.000	0.007	0.011	0.304	0.000	0.231
angry	0.474	0.000	0.007	0.015	0.297	0.000	0.207
angry	0.443	0.000	0.007	0.017	0.273	0.000	0.258
angry	0.518	0.000	0.008	0.016	0.308	0.000	0.148
angry	0.426	0.000	0.013	0.016	0.328	0.000	0.217
sad	0.337	0.001	0.019	0.018	0.507	0.000	0.117
sad	0.296	0.001	0.013	0.014	0.564	0.000	0.112
sad	0.357	0.001	0.018	0.012	0.505	0.000	0.106
sad	0.399	0.000	0.013	0.017	0.402	0.000	0.169
sad	0.332	0.000	0.008	0.021	0.404	0.000	0.235
neutral	0.256	0.000	0.006	0.017	0.329	0.000	0.392
angry	0.511	0.001	0.012	0.015	0.307	0.000	0.154
angry	0.463	0.000	0.009	0.013	0.343	0.000	0.172
angry	0.382	0.000	0.010	0.022	0.349	0.000	0.236
angry	0.386	0.000	0.007	0.022	0.304	0.000	0.280
angry	0.452	0.000	0.009	0.027	0.251	0.000	0.261
angry	0.601	0.000	0.004	0.016	0.167	0.000	0.212
angry	0.608	0.000	0.005	0.018	0.171	0.000	0.197
angry	0.608	0.000	0.004	0.019	0.158	0.000	0.211
neutral	0.392	0.000	0.002	0.038	0.162	0.000	0.405
neutral	0.346	0.000	0.002	0.029	0.188	0.000	0.435
neutral	0.346	0.000	0.002	0.033	0.168	0.000	0.451
neutral	0.359	0.000	0.002	0.025	0.187	0.000	0.427
angry	0.456	0.000	0.002	0.025	0.186	0.000	0.331
sad	0.312	0.001	0.017	0.021	0.422	0.000	0.226
angry	0.488	0.001	0.008	0.035	0.242	0.000	0.226
neutral	0.280	0.000	0.012	0.079	0.286	0.001	0.341
neutral	0.151	0.001	0.023	0.036	0.372	0.001	0.417
neutral	0.103	0.002	0.025	0.023	0.334	0.001	0.511
neutral	0.135	0.003	0.032	0.021	0.383	0.002	0.423
sad	0.055	0.002	0.054	0.014	0.502	0.001	0.372
neutral	0.051	0.006	0.043	0.011	0.356	0.003	0.531
sad	0.065	0.002	0.052	0.017	0.451	0.003	0.409
sad	0.120	0.009	0.044	0.020	0.482	0.001	0.324
neutral	0.068	0.006	0.041	0.027	0.392	0.001	0.465
neutral	0.081	0.009	0.028	0.018	0.329	0.001	0.535
neutral	0.075	0.005	0.030	0.014	0.355	0.001	0.520
neutral	0.114	0.006	0.029	0.040	0.370	0.001	0.441
neutral	0.101	0.006	0.034	0.031	0.383	0.001	0.444
sad	0.125	0.009	0.032	0.032	0.404	0.001	0.397
sad	0.130	0.003	0.035	0.021	0.452	0.001	0.358
sad	0.092	0.005	0.056	0.053	0.581	0.001	0.212
sad	0.134	0.007	0.035	0.037	0.565	0.001	0.221
sad	0.120	0.009	0.047	0.069	0.503	0.001	0.252
sad	0.081	0.006	0.048	0.080	0.415	0.001	0.369
sad	0.158	0.005	0.039	0.059	0.436	0.001	0.301
sad	0.101	0.008	0.047	0.051	0.416	0.001	0.376
sad	0.075	0.002	0.035	0.033	0.481	0.001	0.372
neutral	0.100	0.008	0.051	0.047	0.372	0.001	0.420
neutral	0.094	0.006	0.048	0.052	0.364	0.001	0.435
neutral	0.131	0.006	0.047	0.075	0.359	0.001	0.381
neutral	0.074	0.003	0.052	0.051	0.390	0.001	0.429
neutral	0.061	0.002	0.034	0.039	0.381	0.001	0.481
sad	0.058	0.005	0.038	0.019	0.557	0.001	0.322
sad	0.071	0.009	0.043	0.029	0.459	0.001	0.389
sad	0.124	0.005	0.050	0.042	0.414	0.001	0.364
sad	0.092	0.004	0.041	0.033	0.431	0.001	0.398
sad	0.100	0.006	0.038	0.040	0.431	0.001	0.384
sad	0.124	0.002	0.036	0.038	0.468	0.001	0.332
neutral	0.118	0.001	0.041	0.048	0.372	0.001	0.419
neutral	0.114	0.002	0.031	0.033	0.388	0.001	0.431
sad	0.092	0.007	0.050	0.030	0.481	0.001	0.339
sad	0.173	0.004	0.048	0.032	0.454	0.001	0.289
sad	0.157	0.004	0.048	0.030	0.455	0.001	0.305
neutral	0.071	0.003	0.029	0.030	0.424	0.001	0.443
sad	0.104	0.003	0.031	0.031	0.468	0.001	0.361
sad	0.127	0.006	0.040	0.044	0.450	0.001	0.332
sad	0.146	0.001	0.025	0.018	0.473	0.001	0.336
sad	0.143	0.007	0.035	0.029	0.501	0.001	0.285
sad	0.186	0.002	0.025	0.027	0.463	0.001	0.295
sad	0.164	0.003	0.029	0.028	0.514	0.001	0.260
sad	0.137	0.005	0.039	0.028	0.495	0.001	0.295
sad	0.125	0.005	0.038	0.040	0.454	0.001	0.337
sad	0.132	0.003	0.034	0.028	0.450	0.001	0.352
sad	0.185	0.002	0.029	0.027	0.478	0.001	0.277
sad	0.166	0.002	0.031	0.031	0.454	0.001	0.315
sad	0.140	0.003	0.031	0.032	0.477	0.001	0.315
sad	0.161	0.004	0.026	0.036	0.450	0.001	0.321
sad	0.108	0.010	0.032	0.040	0.405	0.001	0.405
sad	0.160	0.005	0.032	0.037	0.464	0.001	0.301
sad	0.141	0.005	0.036	0.026	0.504	0.001	0.287
sad	0.137	0.004	0.038	0.022	0.529	0.001	0.270
sad	0.147	0.005	0.041	0.025	0.466	0.001	0.316
sad	0.120	0.002	0.026	0.022	0.483	0.001	0.346
sad	0.132	0.001	0.015	0.020	0.437	0.001	0.394
sad	0.120	0.002	0.020	0.026	0.446	0.001	0.386
sad	0.111	0.002	0.021	0.032	0.442	0.001	0.390
neutral	0.125	0.001	0.016	0.026	0.411	0.002	0.419
neutral	0.186	0.001	0.012	0.051	0.250	0.001	0.499
sad	0.149	0.002	0.025	0.043	0.409	0.002	0.370
sad	0.164	0.002	0.028	0.026	0.424	0.001	0.354
neutral	0.096	0.001	0.014	0.028	0.332	0.002	0.527
neutral	0.092	0.002	0.016	0.069	0.349	0.002	0.470
sad	0.107	0.003	0.022	0.038	0.476	0.001	0.353
neutral	0.113	0.001	0.023	0.053	0.350	0.002	0.458
neutral	0.129	0.001	0.019	0.064	0.307	0.003	0.478
neutral	0.115	0.001	0.025	0.077	0.321	0.003	0.458
neutral	0.133	0.001	0.022	0.078	0.326	0.002	0.437
neutral	0.153	0.000	0.020	0.051	0.346	0.004	0.426
sad	0.100	0.007	0.030	0.037	0.514	0.001	0.311
sad	0.114	0.004	0.030	0.032	0.468	0.001	0.350
neutral	0.185	0.001	0.023	0.043	0.318	0.003	0.426
neutral	0.120	0.001	0.019	0.058	0.318	0.002	0.481
neutral	0.204	0.001	0.019	0.055	0.286	0.003	0.431
neutral	0.155	0.001	0.026	0.056	0.378	0.002	0.382
neutral	0.089	0.002	0.018	0.037	0.385	0.002	0.467
sad	0.169	0.003	0.034	0.031	0.489	0.001	0.273
sad	0.172	0.003	0.028	0.030	0.488	0.001	0.278
sad	0.124	0.005	0.037	0.033	0.495	0.001	0.305
sad	0.138	0.005	0.031	0.031	0.476	0.001	0.318
sad	0.165	0.002	0.024	0.030	0.473	0.001	0.304
sad	0.119	0.004	0.032	0.037	0.502	0.001	0.304
sad	0.148	0.004	0.033	0.025	0.510	0.001	0.279
sad	0.181	0.003	0.025	0.042	0.483	0.001	0.266
sad	0.163	0.002	0.031	0.054	0.451	0.002	0.297
sad	0.155	0.001	0.034	0.046	0.467	0.002	0.294
neutral	0.100	0.004	0.025	0.051	0.397	0.001	0.422
sad	0.130	0.003	0.038	0.045	0.428	0.002	0.355
sad	0.134	0.004	0.032	0.033	0.474	0.001	0.323
sad	0.122	0.005	0.048	0.037	0.472	0.001	0.314
sad	0.093	0.003	0.040	0.015	0.536	0.001	0.311
sad	0.154	0.003	0.033	0.030	0.468	0.001	0.311
sad	0.123	0.006	0.040	0.041	0.437	0.002	0.351
sad	0.124	0.003	0.039	0.049	0.397	0.002	0.387
neutral	0.103	0.005	0.034	0.059	0.390	0.002	0.407
sad	0.119	0.004	0.039	0.048	0.423	0.002	0.365
sad	0.147	0.003	0.036	0.059	0.414	0.002	0.339
sad	0.147	0.003	0.028	0.034	0.500	0.001	0.286
sad	0.136	0.004	0.036	0.023	0.563	0.001	0.238
sad	0.163	0.005	0.029	0.033	0.548	0.001	0.221
sad	0.116	0.004	0.043	0.031	0.528	0.001	0.276
sad	0.147	0.002	0.037	0.033	0.538	0.001	0.242
sad	0.141	0.002	0.038	0.029	0.569	0.001	0.221
sad	0.148	0.003	0.031	0.033	0.536	0.001	0.248
sad	0.164	0.003	0.034	0.030	0.472	0.001	0.295
sad	0.140	0.004	0.034	0.034	0.521	0.001	0.265
sad	0.131	0.005	0.039	0.037	0.472	0.001	0.314
sad	0.124	0.006	0.047	0.036	0.507	0.001	0.279
sad	0.115	0.005	0.048	0.029	0.451	0.001	0.352
sad	0.131	0.005	0.033	0.044	0.486	0.001	0.299
sad	0.128	0.004	0.035	0.043	0.499	0.001	0.288
sad	0.082	0.002	0.029	0.011	0.633	0.001	0.243
sad	0.146	0.004	0.037	0.024	0.498	0.001	0.291
neutral	0.146	0.005	0.035	0.037	0.373	0.001	0.402
sad	0.142	0.002	0.032	0.035	0.457	0.002	0.331
sad	0.156	0.002	0.035	0.038	0.458	0.002	0.310
neutral	0.148	0.005	0.052	0.058	0.366	0.001	0.369
sad	0.139	0.003	0.041	0.057	0.421	0.001	0.336
sad	0.145	0.002	0.034	0.049	0.499	0.002	0.271
sad	0.128	0.006	0.031	0.036	0.474	0.001	0.325
sad	0.129	0.003	0.036	0.029	0.504	0.001	0.299
sad	0.168	0.001	0.034	0.028	0.518	0.001	0.250
sad	0.151	0.007	0.033	0.041	0.433	0.001	0.334
sad	0.154	0.004	0.035	0.033	0.463	0.001	0.308
sad	0.158	0.002	0.032	0.027	0.485	0.001	0.295
sad	0.129	0.007	0.037	0.027	0.498	0.001	0.301
sad	0.161	0.008	0.038	0.046	0.434	0.001	0.312
sad	0.134	0.006	0.035	0.024	0.512	0.001	0.288
sad	0.149	0.003	0.036	0.027	0.531	0.001	0.253
sad	0.120	0.004	0.034	0.035	0.473	0.001	0.334
sad	0.139	0.003	0.040	0.026	0.521	0.001	0.270
sad	0.147	0.003	0.037	0.032	0.544	0.001	0.236
sad	0.155	0.001	0.040	0.033	0.476	0.002	0.294
sad	0.178	0.002	0.032	0.043	0.420	0.002	0.322
sad	0.153	0.002	0.031	0.042	0.412	0.002	0.359
sad	0.154	0.002	0.033	0.040	0.478	0.002	0.291
sad	0.178	0.002	0.034	0.038	0.397	0.003	0.349
sad	0.143	0.001	0.026	0.041	0.421	0.002	0.366
sad	0.174	0.002	0.034	0.047	0.451	0.002	0.289
sad	0.184	0.002	0.032	0.047	0.435	0.002	0.298
sad	0.173	0.002	0.040	0.057	0.364	0.003	0.361
sad	0.141	0.001	0.030	0.047	0.482	0.002	0.297
sad	0.156	0.002	0.035	0.033	0.514	0.001	0.258
sad	0.124	0.001	0.028	0.036	0.518	0.001	0.291
sad	0.154	0.001	0.029	0.033	0.540	0.001	0.240
sad	0.135	0.002	0.028	0.041	0.516	0.001	0.277
sad	0.158	0.002	0.030	0.040	0.517	0.002	0.252
sad	0.156	0.002	0.036	0.034	0.462	0.002	0.309
sad	0.169	0.003	0.027	0.047	0.483	0.002	0.269
sad	0.151	0.002	0.030	0.053	0.510	0.002	0.253
sad	0.151	0.003	0.024	0.029	0.548	0.001	0.242
sad	0.162	0.001	0.032	0.051	0.408	0.002	0.344
sad	0.102	0.004	0.030	0.040	0.471	0.001	0.353
sad	0.180	0.003	0.047	0.043	0.460	0.001	0.265
sad	0.251	0.004	0.031	0.070	0.373	0.001	0.271
neutral	0.231	0.004	0.021	0.056	0.314	0.001	0.373
sad	0.237	0.004	0.030	0.066	0.395	0.001	0.268
neutral	0.142	0.004	0.028	0.084	0.350	0.001	0.391
sad	0.241	0.002	0.022	0.069	0.369	0.001	0.296
sad	0.237	0.005	0.026	0.075	0.426	0.001	0.230
sad	0.205	0.004	0.041	0.068	0.451	0.001	0.231
sad	0.193	0.003	0.033	0.046	0.477	0.001	0.247
sad	0.235	0.003	0.028	0.064	0.439	0.002	0.229
sad	0.194	0.002	0.030	0.067	0.470	0.001	0.236
sad	0.214	0.004	0.033	0.057	0.470	0.001	0.221
sad	0.236	0.005	0.023	0.083	0.395	0.001	0.256
sad	0.141	0.005	0.025	0.047	0.465	0.000	0.317
sad	0.210	0.007	0.030	0.076	0.369	0.001	0.308
sad	0.231	0.007	0.029	0.080	0.371	0.001	0.280
sad	0.265	0.006	0.025	0.089	0.393	0.001	0.221
sad	0.273	0.005	0.023	0.125	0.324	0.001	0.248
angry	0.350	0.005	0.016	0.089	0.307	0.001	0.232
angry	0.336	0.004	0.014	0.088	0.291	0.001	0.266
sad	0.306	0.005	0.017	0.062	0.353	0.001	0.256
angry	0.341	0.002	0.013	0.067	0.319	0.001	0.256
neutral	0.260	0.002	0.013	0.073	0.325	0.001	0.325
neutral	0.278	0.005	0.015	0.097	0.297	0.001	0.307
sad	0.277	0.004	0.021	0.061	0.376	0.001	0.262
sad	0.221	0.002	0.033	0.063	0.455	0.001	0.225
sad	0.145	0.002	0.033	0.060	0.525	0.002	0.233
sad	0.231	0.003	0.017	0.068	0.390	0.001	0.290
sad	0.277	0.006	0.029	0.088	0.356	0.000	0.244
sad	0.184	0.003	0.020	0.063	0.416	0.001	0.314
sad	0.245	0.003	0.020	0.073	0.418	0.001	0.239
sad	0.246	0.002	0.029	0.043	0.479	0.001	0.201
sad	0.286	0.003	0.020	0.051	0.401	0.001	0.239
sad	0.276	0.002	0.026	0.070	0.376	0.001	0.249
sad	0.239	0.002	0.027	0.059	0.444	0.001	0.229
sad	0.251	0.001	0.023	0.082	0.347	0.002	0.294
sad	0.291	0.004	0.030	0.082	0.338	0.001	0.255
sad	0.170	0.002	0.035	0.041	0.516	0.001	0.234
sad	0.127	0.001	0.031	0.057	0.486	0.003	0.296
sad	0.129	0.002	0.041	0.029	0.603	0.001	0.195
sad	0.115	0.002	0.024	0.041	0.573	0.001	0.244
sad	0.098	0.002	0.043	0.026	0.669	0.001	0.162
sad	0.120	0.003	0.039	0.035	0.632	0.001	0.171
sad	0.130	0.002	0.027	0.054	0.546	0.001	0.241
sad	0.131	0.001	0.029	0.037	0.652	0.001	0.149
sad	0.170	0.001	0.029	0.038	0.601	0.001	0.159
sad	0.157	0.001	0.031	0.047	0.568	0.002	0.194
sad	0.170	0.002	0.023	0.046	0.524	0.002	0.233
sad	0.161	0.002	0.040	0.048	0.590	0.002	0.159
sad	0.157	0.001	0.025	0.038	0.556	0.001	0.221
sad	0.142	0.001	0.026	0.027	0.560	0.002	0.242
sad	0.188	0.001	0.021	0.042	0.470	0.003	0.276
sad	0.191	0.002	0.029	0.060	0.530	0.002	0.186
sad	0.124	0.001	0.031	0.039	0.629	0.001	0.173
sad	0.108	0.004	0.031	0.017	0.666	0.001	0.173
sad	0.149	0.002	0.017	0.048	0.524	0.002	0.258
sad	0.156	0.002	0.015	0.064	0.524	0.002	0.237
sad	0.151	0.001	0.014	0.066	0.498	0.002	0.268
sad	0.151	0.001	0.017	0.078	0.491	0.003	0.259
sad	0.187	0.001	0.025	0.069	0.472	0.003	0.244
sad	0.175	0.001	0.022	0.040	0.547	0.001	0.215
sad	0.248	0.003	0.019	0.075	0.462	0.002	0.191
sad	0.258	0.002	0.021	0.056	0.474	0.001	0.186
sad	0.187	0.000	0.017	0.077	0.436	0.002	0.281
sad	0.196	0.001	0.020	0.066	0.459	0.002	0.256
sad	0.118	0.002	0.034	0.064	0.635	0.002	0.146
sad	0.106	0.002	0.051	0.044	0.654	0.001	0.142
sad	0.158	0.004	0.056	0.091	0.530	0.001	0.160
sad	0.120	0.002	0.052	0.068	0.664	0.001	0.092
sad	0.104	0.004	0.050	0.048	0.688	0.001	0.105
sad	0.106	0.004	0.040	0.064	0.694	0.002	0.090
sad	0.160	0.001	0.032	0.111	0.545	0.001	0.150
sad	0.233	0.001	0.023	0.146	0.390	0.002	0.207
sad	0.263	0.001	0.026	0.150	0.410	0.001	0.148
sad	0.204	0.000	0.023	0.147	0.487	0.002	0.137
angry	0.371	0.000	0.016	0.220	0.323	0.002	0.068
angry	0.407	0.000	0.020	0.260	0.268	0.002	0.044
happy	0.275	0.000	0.006	0.437	0.148	0.004	0.130
angry	0.534	0.000	0.011	0.186	0.178	0.001	0.089
angry	0.416	0.000	0.014	0.300	0.176	0.003	0.091
angry	0.463	0.000	0.009	0.288	0.174	0.002	0.064
happy	0.245	0.000	0.006	0.595	0.081	0.003	0.070
happy	0.294	0.000	0.011	0.564	0.059	0.004	0.069
happy	0.176	0.000	0.005	0.698	0.063	0.002	0.055
happy	0.086	0.000	0.007	0.764	0.094	0.002	0.047
happy	0.049	0.000	0.005	0.825	0.065	0.001	0.055
happy	0.034	0.000	0.005	0.883	0.043	0.001	0.035
happy	0.018	0.000	0.004	0.897	0.045	0.001	0.035
happy	0.025	0.000	0.003	0.879	0.046	0.001	0.046
happy	0.046	0.000	0.007	0.858	0.051	0.001	0.036
happy	0.039	0.000	0.003	0.862	0.038	0.001	0.058
happy	0.139	0.000	0.006	0.521	0.104	0.001	0.228
neutral	0.189	0.000	0.010	0.305	0.177	0.002	0.317
sad	0.249	0.000	0.029	0.149	0.322	0.002	0.248
neutral	0.209	0.000	0.024	0.110	0.246	0.005	0.406
neutral	0.246	0.000	0.050	0.130	0.231	0.004	0.339
neutral	0.175	0.000	0.024	0.250	0.140	0.005	0.406
neutral	0.159	0.000	0.028	0.215	0.131	0.007	0.460
happy	0.127	0.000	0.025	0.504	0.136	0.008	0.201
happy	0.102	0.000	0.013	0.575	0.125	0.007	0.178
happy	0.109	0.000	0.022	0.552	0.161	0.005	0.151
happy	0.043	0.000	0.015	0.772	0.066	0.005	0.099
happy	0.026	0.000	0.012	0.858	0.026	0.006	0.073
happy	0.017	0.000	0.006	0.891	0.014	0.002	0.070
happy	0.014	0.000	0.003	0.942	0.009	0.001	0.031
happy	0.015	0.000	0.003	0.926	0.005	0.001	0.050
happy	0.162	0.001	0.018	0.582	0.061	0.002	0.175
happy	0.215	0.000	0.015	0.498	0.065	0.002	0.205
angry	0.317	0.004	0.069	0.218	0.283	0.001	0.108
angry	0.394	0.003	0.038	0.153	0.307	0.001	0.103
sad	0.254	0.001	0.043	0.196	0.291	0.002	0.212
neutral	0.183	0.000	0.020	0.240	0.154	0.004	0.399
angry	0.334	0.001	0.033	0.187	0.289	0.002	0.155
sad	0.252	0.001	0.052	0.181	0.414	0.002	0.097
happy	0.241	0.001	0.014	0.443	0.194	0.001	0.105
happy	0.179	0.001	0.024	0.458	0.273	0.002	0.063
happy	0.195	0.000	0.017	0.448	0.258	0.001	0.079
happy	0.181	0.000	0.032	0.424	0.271	0.001	0.091
angry	0.319	0.001	0.014	0.088	0.303	0.000	0.276
sad	0.202	0.000	0.033	0.043	0.515	0.001	0.206
sad	0.191	0.000	0.010	0.061	0.556	0.001	0.181
sad	0.142	0.001	0.010	0.096	0.499	0.001	0.251
sad	0.193	0.001	0.015	0.084	0.553	0.001	0.153
sad	0.231	0.001	0.019	0.071	0.489	0.002	0.187
sad	0.175	0.001	0.019	0.093	0.461	0.003	0.247
sad	0.176	0.002	0.012	0.102	0.481	0.001	0.227
sad	0.187	0.001	0.018	0.094	0.447	0.002	0.251
sad	0.181	0.002	0.018	0.067	0.531	0.002	0.200
sad	0.157	0.001	0.029	0.045	0.526	0.003	0.240
sad	0.249	0.005	0.017	0.085	0.427	0.001	0.217
sad	0.221	0.001	0.018	0.038	0.503	0.000	0.218
sad	0.195	0.004	0.018	0.077	0.461	0.001	0.245
sad	0.197	0.002	0.020	0.024	0.606	0.001	0.150
sad	0.247	0.007	0.025	0.065	0.468	0.001	0.187
sad	0.181	0.000	0.025	0.023	0.502	0.002	0.267
sad	0.185	0.002	0.014	0.053	0.427	0.001	0.318
sad	0.179	0.001	0.026	0.035	0.617	0.001	0.140
sad	0.127	0.001	0.015	0.034	0.480	0.001	0.342
sad	0.218	0.001	0.025	0.026	0.485	0.001	0.243
sad	0.191	0.002	0.020	0.016	0.504	0.001	0.267
sad	0.149	0.002	0.020	0.017	0.556	0.001	0.255
sad	0.153	0.001	0.018	0.020	0.512	0.001	0.295
sad	0.186	0.005	0.026	0.031	0.517	0.002	0.233
sad	0.255	0.002	0.023	0.041	0.443	0.001	0.234
sad	0.192	0.001	0.022	0.046	0.517	0.001	0.222
sad	0.216	0.001	0.022	0.033	0.414	0.001	0.313
sad	0.158	0.003	0.027	0.100	0.466	0.001	0.246
sad	0.180	0.001	0.036	0.050	0.557	0.001	0.176
sad	0.112	0.001	0.020	0.084	0.477	0.001	0.305
sad	0.188	0.002	0.034	0.091	0.428	0.001	0.258
sad	0.161	0.001	0.019	0.065	0.497	0.001	0.255
sad	0.171	0.001	0.016	0.120	0.354	0.001	0.336
sad	0.146	0.001	0.014	0.072	0.387	0.001	0.381
sad	0.116	0.001	0.019	0.042	0.468	0.001	0.353
sad	0.161	0.002	0.017	0.042	0.559	0.001	0.218
sad	0.109	0.002	0.016	0.024	0.628	0.001	0.221
sad	0.157	0.002	0.018	0.043	0.502	0.001	0.277
sad	0.177	0.002	0.026	0.050	0.482	0.001	0.262
sad	0.125	0.001	0.014	0.061	0.446	0.001	0.351
sad	0.116	0.001	0.013	0.060	0.437	0.001	0.372
neutral	0.164	0.001	0.017	0.058	0.379	0.001	0.380
sad	0.158	0.001	0.015	0.052	0.419	0.001	0.355
neutral	0.101	0.001	0.010	0.064	0.359	0.001	0.464
sad	0.153	0.001	0.015	0.056	0.404	0.001	0.371
sad	0.101	0.001	0.010	0.037	0.432	0.000	0.418
sad	0.140	0.001	0.013	0.048	0.464	0.000	0.334
neutral	0.115	0.000	0.009	0.101	0.232	0.001	0.542
neutral	0.137	0.001	0.009	0.070	0.274	0.001	0.509
neutral	0.170	0.001	0.011	0.062	0.343	0.001	0.413
sad	0.158	0.001	0.012	0.071	0.412	0.000	0.345
sad	0.125	0.001	0.014	0.045	0.434	0.000	0.381
sad	0.149	0.001	0.013	0.088	0.399	0.001	0.350
sad	0.172	0.001	0.013	0.072	0.409	0.001	0.332
sad	0.132	0.001	0.016	0.064	0.424	0.001	0.362
sad	0.133	0.000	0.017	0.040	0.462	0.000	0.348
neutral	0.171	0.001	0.014	0.074	0.361	0.001	0.379
sad	0.153	0.001	0.011	0.048	0.411	0.000	0.376
sad	0.163	0.001	0.013	0.062	0.386	0.001	0.374
neutral	0.137	0.001	0.016	0.057	0.379	0.001	0.408
neutral	0.149	0.000	0.011	0.052	0.385	0.000	0.403
sad	0.161	0.001	0.012	0.055	0.422	0.000	0.349
neutral	0.092	0.000	0.011	0.045	0.384	0.000	0.468
neutral	0.105	0.000	0.010	0.038	0.334	0.000	0.513
neutral	0.129	0.000	0.013	0.042	0.394	0.001	0.422
sad	0.162	0.001	0.011	0.050	0.430	0.001	0.344
sad	0.130	0.001	0.015	0.054	0.457	0.000	0.343
sad	0.165	0.001	0.014	0.060	0.389	0.000	0.371
sad	0.151	0.000	0.015	0.064	0.424	0.000	0.345
neutral	0.131	0.000	0.015	0.068	0.345	0.001	0.440
sad	0.150	0.001	0.013	0.075	0.412	0.000	0.349
sad	0.173	0.001	0.022	0.069	0.461	0.000	0.274
sad	0.186	0.001	0.019	0.045	0.465	0.000	0.284
sad	0.182	0.001	0.021	0.046	0.501	0.000	0.249
sad	0.173	0.001	0.019	0.045	0.499	0.001	0.263
sad	0.159	0.001	0.021	0.066	0.436	0.000	0.316
sad	0.202	0.001	0.014	0.057	0.406	0.001	0.320
sad	0.146	0.000	0.014	0.046	0.440	0.000	0.352
neutral	0.133	0.000	0.011	0.053	0.354	0.000	0.449
neutral	0.161	0.000	0.009	0.056	0.351	0.001	0.422
neutral	0.218	0.000	0.011	0.065	0.349	0.001	0.357
neutral	0.128	0.000	0.010	0.056	0.367	0.001	0.438
neutral	0.139	0.000	0.011	0.054	0.377	0.001	0.418
neutral	0.179	0.000	0.011	0.030	0.353	0.000	0.426
sad	0.223	0.000	0.010	0.050	0.400	0.001	0.316
neutral	0.159	0.000	0.010	0.040	0.394	0.000	0.396
sad	0.174	0.001	0.015	0.052	0.484	0.000	0.273
sad	0.216	0.001	0.029	0.037	0.549	0.001	0.168
sad	0.199	0.001	0.013	0.030	0.406	0.000	0.352
sad	0.155	0.001	0.012	0.051	0.398	0.000	0.384
neutral	0.150	0.000	0.014	0.028	0.374	0.001	0.433
sad	0.215	0.001	0.016	0.052	0.389	0.001	0.328
sad	0.218	0.000	0.010	0.021	0.397	0.000	0.355
sad	0.185	0.000	0.013	0.041	0.388	0.001	0.372
sad	0.197	0.000	0.013	0.046	0.372	0.000	0.372
neutral	0.223	0.000	0.010	0.032	0.357	0.000	0.377
angry	0.348	0.001	0.010	0.030	0.306	0.000	0.305
angry	0.380	0.000	0.006	0.030	0.216	0.000	0.367
neutral	0.282	0.000	0.009	0.039	0.238	0.001	0.431
angry	0.405	0.000	0.006	0.033	0.229	0.000	0.326
neutral	0.271	0.000	0.004	0.042	0.194	0.000	0.488
angry	0.361	0.000	0.008	0.033	0.262	0.000	0.336
neutral	0.328	0.000	0.005	0.037	0.266	0.000	0.363
sad	0.337	0.000	0.011	0.030	0.340	0.000	0.282
neutral	0.301	0.000	0.004	0.027	0.233	0.000	0.435
angry	0.375	0.000	0.010	0.043	0.260	0.000	0.312
neutral	0.325	0.000	0.002	0.046	0.126	0.000	0.501
neutral	0.309	0.000	0.004	0.032	0.189	0.000	0.466
angry	0.413	0.000	0.009	0.042	0.247	0.000	0.289
angry	0.410	0.000	0.007	0.036	0.235	0.000	0.311
angry	0.436	0.000	0.004	0.031	0.192	0.000	0.338
angry	0.374	0.000	0.009	0.040	0.294	0.000	0.282
angry	0.434	0.000	0.011	0.032	0.296	0.000	0.227
angry	0.437	0.000	0.010	0.048	0.254	0.000	0.251
happy	0.170	0.000	0.011	0.487	0.099	0.001	0.232
happy	0.003	0.000	0.000	0.989	0.003	0.000	0.005
happy	0.001	0.000	0.000	0.996	0.001	0.000	0.002
happy	0.002	0.000	0.000	0.996	0.001	0.000	0.002
happy	0.002	0.000	0.000	0.996	0.000	0.000	0.001
happy	0.002	0.000	0.000	0.994	0.001	0.000	0.003
happy	0.002	0.000	0.000	0.994	0.002	0.000	0.002
happy	0.003	0.000	0.000	0.992	0.001	0.000	0.003
happy	0.002	0.000	0.000	0.995	0.001	0.000	0.002
happy	0.006	0.000	0.001	0.989	0.001	0.000	0.003
happy	0.011	0.000	0.001	0.978	0.003	0.000	0.008
happy	0.010	0.000	0.000	0.976	0.002	0.000	0.011
happy	0.009	0.000	0.000	0.963	0.005	0.000	0.023
happy	0.012	0.000	0.001	0.954	0.007	0.000	0.027
happy	0.027	0.000	0.001	0.936	0.007	0.000	0.029
happy	0.037	0.000	0.001	0.934	0.005	0.000	0.023
happy	0.008	0.000	0.001	0.963	0.005	0.000	0.023
happy	0.008	0.000	0.001	0.967	0.004	0.000	0.021
happy	0.015	0.000	0.000	0.958	0.003	0.000	0.023
happy	0.017	0.000	0.001	0.958	0.004	0.000	0.020
happy	0.044	0.000	0.001	0.896	0.007	0.000	0.053
happy	0.020	0.000	0.001	0.944	0.006	0.000	0.029
happy	0.020	0.000	0.001	0.935	0.007	0.000	0.036
happy	0.018	0.000	0.001	0.922	0.013	0.000	0.046
happy	0.109	0.000	0.002	0.791	0.017	0.000	0.081
happy	0.123	0.000	0.003	0.758	0.023	0.000	0.093
happy	0.031	0.000	0.001	0.871	0.014	0.000	0.083
happy	0.050	0.000	0.003	0.874	0.019	0.000	0.054
happy	0.037	0.000	0.003	0.881	0.022	0.000	0.056
happy	0.056	0.000	0.001	0.828	0.017	0.000	0.098
happy	0.076	0.000	0.002	0.808	0.020	0.000	0.095
happy	0.043	0.000	0.003	0.854	0.030	0.001	0.070
happy	0.036	0.000	0.001	0.811	0.020	0.000	0.131
happy	0.076	0.000	0.002	0.801	0.022	0.000	0.098
happy	0.066	0.000	0.002	0.812	0.020	0.000	0.100
happy	0.133	0.000	0.003	0.687	0.036	0.000	0.139
happy	0.104	0.000	0.003	0.736	0.037	0.000	0.118
happy	0.094	0.000	0.007	0.726	0.066	0.001	0.105
happy	0.114	0.000	0.004	0.701	0.048	0.001	0.133
happy	0.116	0.000	0.004	0.659	0.053	0.001	0.168
happy	0.166	0.000	0.006	0.673	0.047	0.000	0.107
happy	0.185	0.000	0.006	0.612	0.061	0.000	0.134
happy	0.184	0.000	0.006	0.625	0.051	0.001	0.133
happy	0.227	0.000	0.008	0.574	0.066	0.001	0.125
happy	0.265	0.000	0.008	0.460	0.074	0.001	0.191
happy	0.231	0.000	0.009	0.535	0.072	0.001	0.152
happy	0.161	0.000	0.004	0.596	0.051	0.001	0.186
happy	0.152	0.000	0.005	0.574	0.063	0.001	0.206
happy	0.248	0.000	0.006	0.552	0.047	0.001	0.147
happy	0.118	0.000	0.004	0.668	0.052	0.001	0.157
happy	0.198	0.000	0.008	0.519	0.077	0.001	0.197
happy	0.205	0.000	0.006	0.540	0.065	0.001	0.182
happy	0.145	0.000	0.005	0.603	0.047	0.001	0.200
happy	0.154	0.000	0.004	0.602	0.054	0.001	0.185
happy	0.200	0.000	0.005	0.531	0.066	0.001	0.197
happy	0.295	0.000	0.004	0.466	0.047	0.001	0.187
happy	0.223	0.000	0.007	0.469	0.084	0.001	0.216
happy	0.100	0.000	0.007	0.673	0.098	0.001	0.121
happy	0.065	0.000	0.007	0.607	0.075	0.001	0.245
happy	0.111	0.000	0.009	0.387	0.139	0.001	0.353
neutral	0.129	0.000	0.014	0.308	0.213	0.001	0.335
happy	0.140	0.000	0.012	0.402	0.169	0.001	0.276
happy	0.111	0.000	0.010	0.435	0.144	0.001	0.298
happy	0.179	0.000	0.014	0.343	0.192	0.001	0.271
happy	0.204	0.000	0.018	0.279	0.228	0.001	0.271
happy	0.170	0.000	0.018	0.368	0.176	0.001	0.266
happy	0.105	0.000	0.006	0.396	0.109	0.001	0.382
neutral	0.198	0.000	0.013	0.263	0.211	0.001	0.313
neutral	0.247	0.000	0.006	0.249	0.167	0.001	0.329
happy	0.147	0.000	0.012	0.421	0.143	0.001	0.276
neutral	0.172	0.000	0.010	0.303	0.184	0.001	0.330
neutral	0.197	0.000	0.013	0.274	0.194	0.001	0.321
sad	0.153	0.000	0.030	0.283	0.300	0.002	0.233
happy	0.336	0.000	0.010	0.339	0.116	0.001	0.198
angry	0.361	0.000	0.005	0.308	0.096	0.001	0.229
angry	0.319	0.000	0.009	0.274	0.132	0.001	0.265
angry	0.384	0.000	0.011	0.193	0.170	0.001	0.241
angry	0.380	0.000	0.008	0.202	0.161	0.001	0.248
angry	0.340	0.000	0.011	0.195	0.180	0.001	0.273
happy	0.304	0.000	0.003	0.403	0.069	0.001	0.220
happy	0.272	0.000	0.003	0.327	0.087	0.001	0.311
happy	0.280	0.000	0.005	0.405	0.093	0.001	0.216
angry	0.343	0.000	0.012	0.199	0.165	0.001	0.279
neutral	0.242	0.000	0.004	0.249	0.095	0.001	0.409
neutral	0.326	0.000	0.003	0.272	0.070	0.000	0.328
neutral	0.279	0.000	0.004	0.217	0.083	0.001	0.417
angry	0.384	0.000	0.003	0.244	0.089	0.000	0.279
happy	0.253	0.000	0.004	0.327	0.117	0.001	0.297
angry	0.408	0.000	0.007	0.286	0.089	0.001	0.210
neutral	0.304	0.000	0.005	0.206	0.139	0.001	0.345
neutral	0.230	0.000	0.010	0.252	0.145	0.001	0.363
neutral	0.256	0.000	0.009	0.243	0.164	0.001	0.327
angry	0.298	0.000	0.015	0.284	0.152	0.001	0.249
neutral	0.240	0.000	0.008	0.193	0.156	0.001	0.402
neutral	0.277	0.000	0.006	0.179	0.146	0.001	0.391
angry	0.453	0.000	0.004	0.182	0.106	0.001	0.254
angry	0.426	0.000	0.004	0.216	0.093	0.000	0.260
happy	0.306	0.000	0.003	0.312	0.072	0.001	0.306
angry	0.383	0.000	0.003	0.293	0.076	0.000	0.245
angry	0.397	0.000	0.004	0.221	0.113	0.000	0.264
angry	0.387	0.000	0.004	0.240	0.098	0.000	0.271
angry	0.381	0.000	0.004	0.245	0.074	0.001	0.295
angry	0.422	0.000	0.003	0.249	0.095	0.000	0.231
angry	0.463	0.000	0.004	0.248	0.090	0.000	0.195
neutral	0.314	0.000	0.006	0.188	0.125	0.001	0.366
angry	0.328	0.000	0.006	0.281	0.107	0.001	0.278
neutral	0.305	0.000	0.003	0.263	0.080	0.001	0.348
angry	0.468	0.000	0.004	0.244	0.093	0.001	0.191
angry	0.348	0.000	0.007	0.197	0.144	0.001	0.303
angry	0.334	0.000	0.011	0.284	0.114	0.001	0.255
angry	0.367	0.000	0.005	0.272	0.116	0.001	0.239
happy	0.296	0.000	0.003	0.405	0.082	0.000	0.214
sad	0.133	0.002	0.024	0.222	0.401	0.002	0.217
sad	0.065	0.001	0.028	0.206	0.402	0.001	0.297
happy	0.076	0.001	0.020	0.422	0.250	0.001	0.230
happy	0.079	0.001	0.027	0.305	0.294	0.001	0.293
neutral	0.059	0.001	0.022	0.294	0.282	0.001	0.341
happy	0.080	0.000	0.019	0.441	0.297	0.001	0.161
neutral	0.239	0.001	0.019	0.181	0.247	0.002	0.311
angry	0.329	0.000	0.008	0.248	0.156	0.001	0.257
happy	0.295	0.000	0.008	0.315	0.148	0.001	0.234
angry	0.353	0.000	0.010	0.266	0.153	0.001	0.217
happy	0.312	0.000	0.013	0.339	0.141	0.001	0.193
angry	0.370	0.000	0.012	0.272	0.174	0.001	0.170
angry	0.317	0.000	0.010	0.315	0.157	0.001	0.199
angry	0.355	0.000	0.014	0.264	0.178	0.002	0.187
angry	0.393	0.000	0.006	0.260	0.111	0.001	0.229
happy	0.221	0.000	0.008	0.427	0.102	0.001	0.240
angry	0.436	0.000	0.013	0.229	0.137	0.001	0.184
angry	0.327	0.000	0.012	0.297	0.171	0.001	0.191
angry	0.368	0.000	0.015	0.207	0.205	0.002	0.203
angry	0.403	0.000	0.005	0.231	0.112	0.001	0.248
angry	0.440	0.000	0.004	0.248	0.096	0.001	0.212
angry	0.404	0.000	0.004	0.253	0.088	0.001	0.251
angry	0.369	0.000	0.003	0.290	0.082	0.001	0.255
angry	0.369	0.000	0.003	0.247	0.082	0.000	0.299
angry	0.426	0.000	0.008	0.272	0.102	0.001	0.191
angry	0.327	0.000	0.003	0.276	0.094	0.001	0.298
angry	0.330	0.000	0.004	0.319	0.071	0.001	0.276
sad	0.206	0.001	0.019	0.248	0.279	0.001	0.245
angry	0.286	0.000	0.015	0.238	0.245	0.002	0.214
sad	0.217	0.001	0.021	0.190	0.309	0.002	0.261
neutral	0.241	0.000	0.009	0.239	0.218	0.001	0.292
neutral	0.226	0.000	0.009	0.244	0.224	0.001	0.296
happy	0.137	0.000	0.008	0.356	0.198	0.001	0.300
neutral	0.202	0.000	0.008	0.284	0.210	0.001	0.295
neutral	0.193	0.001	0.013	0.161	0.255	0.001	0.376
happy	0.152	0.000	0.008	0.373	0.191	0.001	0.274
neutral	0.189	0.001	0.011	0.223	0.235	0.001	0.340
neutral	0.159	0.001	0.014	0.211	0.237	0.001	0.377
neutral	0.265	0.000	0.009	0.198	0.195	0.001	0.332
neutral	0.166	0.000	0.009	0.245	0.193	0.001	0.385
neutral	0.144	0.000	0.011	0.301	0.223	0.001	0.319
angry	0.290	0.001	0.019	0.153	0.276	0.001	0.259
angry	0.326	0.000	0.007	0.236	0.160	0.001	0.270
neutral	0.266	0.000	0.006	0.230	0.160	0.001	0.336
angry	0.357	0.000	0.006	0.230	0.157	0.001	0.248
angry	0.345	0.000	0.008	0.235	0.152	0.001	0.259
neutral	0.218	0.001	0.014	0.216	0.222	0.001	0.328
neutral	0.191	0.000	0.014	0.214	0.237	0.001	0.342
happy	0.228	0.001	0.022	0.308	0.185	0.001	0.255
angry	0.320	0.001	0.010	0.186	0.196	0.001	0.285
angry	0.307	0.001	0.024	0.249	0.198	0.001	0.220
neutral	0.280	0.001	0.013	0.199	0.191	0.001	0.315
happy	0.240	0.000	0.014	0.287	0.189	0.001	0.269
neutral	0.232	0.000	0.013	0.140	0.298	0.001	0.315
angry	0.300	0.000	0.017	0.273	0.172	0.001	0.237
angry	0.274	0.001	0.021	0.260	0.185	0.001	0.258
neutral	0.284	0.000	0.013	0.154	0.231	0.001	0.317
neutral	0.272	0.001	0.010	0.220	0.167	0.001	0.330
happy	0.194	0.000	0.013	0.354	0.166	0.001	0.272
sad	0.214	0.001	0.038	0.208	0.281	0.002	0.256
happy	0.096	0.000	0.022	0.410	0.323	0.001	0.148
neutral	0.207	0.002	0.027	0.196	0.268	0.001	0.299
neutral	0.207	0.001	0.024	0.192	0.275	0.001	0.299
sad	0.216	0.001	0.025	0.120	0.332	0.001	0.305
sad	0.259	0.001	0.028	0.131	0.298	0.001	0.282
angry	0.330	0.001	0.022	0.122	0.281	0.001	0.243
angry	0.316	0.001	0.025	0.129	0.277	0.001	0.250
sad	0.277	0.000	0.027	0.162	0.301	0.001	0.232
sad	0.271	0.000	0.028	0.131	0.330	0.001	0.238
angry	0.271	0.001	0.027	0.245	0.227	0.001	0.228
sad	0.249	0.000	0.016	0.203	0.284	0.001	0.247
angry	0.314	0.001	0.017	0.169	0.283	0.001	0.216
angry	0.324	0.000	0.017	0.131	0.270	0.001	0.257
neutral	0.263	0.000	0.012	0.180	0.260	0.001	0.284
sad	0.208	0.000	0.026	0.210	0.301	0.001	0.254
angry	0.364	0.000	0.025	0.117	0.294	0.001	0.198
neutral	0.195	0.001	0.021	0.232	0.254	0.002	0.295
angry	0.356	0.000	0.024	0.074	0.311	0.001	0.234
happy	0.264	0.001	0.019	0.302	0.221	0.001	0.192
sad	0.278	0.001	0.029	0.125	0.348	0.001	0.218
angry	0.341	0.000	0.025	0.100	0.332	0.001	0.201
angry	0.357	0.000	0.025	0.099	0.277	0.001	0.241
angry	0.329	0.000	0.029	0.127	0.308	0.001	0.205
angry	0.387	0.001	0.021	0.131	0.260	0.001	0.199
angry	0.398	0.001	0.025	0.132	0.237	0.001	0.206
happy	0.274	0.001	0.020	0.314	0.216	0.001	0.173
sad	0.252	0.001	0.028	0.146	0.317	0.001	0.255
sad	0.220	0.004	0.047	0.122	0.469	0.002	0.136
sad	0.312	0.006	0.027	0.188	0.312	0.001	0.154
sad	0.266	0.002	0.038	0.141	0.380	0.001	0.172
sad	0.249	0.001	0.021	0.144	0.318	0.001	0.265
sad	0.267	0.001	0.019	0.108	0.302	0.001	0.302
sad	0.253	0.001	0.019	0.109	0.337	0.001	0.280
angry	0.313	0.001	0.022	0.146	0.281	0.001	0.236
neutral	0.122	0.001	0.010	0.189	0.322	0.001	0.355
sad	0.076	0.004	0.009	0.071	0.420	0.001	0.419
sad	0.071	0.003	0.011	0.082	0.503	0.001	0.331
sad	0.163	0.001	0.008	0.010	0.589	0.000	0.228
fear	0.072	0.050	0.404	0.223	0.164	0.066	0.022
sad	0.060	0.000	0.010	0.014	0.646	0.001	0.269
sad	0.039	0.003	0.016	0.090	0.473	0.019	0.361
sad	0.060	0.001	0.016	0.063	0.664	0.014	0.181
sad	0.050	0.004	0.027	0.089	0.600	0.025	0.205
sad	0.055	0.000	0.019	0.036	0.760	0.006	0.125
sad	0.064	0.002	0.030	0.074	0.689	0.018	0.124
sad	0.063	0.004	0.023	0.034	0.723	0.003	0.150
sad	0.079	0.003	0.027	0.026	0.588	0.004	0.273
sad	0.102	0.005	0.016	0.017	0.484	0.001	0.376
sad	0.078	0.003	0.021	0.015	0.533	0.001	0.350
sad	0.077	0.003	0.014	0.017	0.547	0.001	0.341
fear	0.072	0.003	0.302	0.113	0.194	0.264	0.051
sad	0.081	0.002	0.015	0.017	0.539	0.001	0.346
sad	0.090	0.003	0.023	0.027	0.531	0.001	0.326
sad	0.127	0.003	0.016	0.020	0.516	0.001	0.318
sad	0.102	0.003	0.022	0.029	0.472	0.001	0.371
sad	0.105	0.002	0.010	0.016	0.500	0.001	0.367
sad	0.099	0.003	0.024	0.022	0.583	0.001	0.269
sad	0.112	0.002	0.012	0.014	0.465	0.001	0.394
sad	0.107	0.002	0.015	0.020	0.533	0.000	0.323
sad	0.134	0.002	0.017	0.015	0.533	0.001	0.298
sad	0.135	0.002	0.014	0.011	0.526	0.000	0.312
sad	0.131	0.002	0.013	0.013	0.496	0.001	0.345
sad	0.118	0.003	0.018	0.018	0.478	0.001	0.365
sad	0.090	0.004	0.018	0.043	0.425	0.002	0.418
sad	0.081	0.006	0.019	0.051	0.465	0.001	0.378
sad	0.078	0.005	0.019	0.044	0.450	0.001	0.404
sad	0.145	0.003	0.014	0.018	0.561	0.001	0.258
sad	0.138	0.003	0.016	0.032	0.508	0.001	0.302
sad	0.124	0.004	0.023	0.034	0.495	0.001	0.318
sad	0.122	0.007	0.019	0.029	0.478	0.001	0.344
sad	0.104	0.004	0.019	0.032	0.543	0.001	0.298
sad	0.098	0.003	0.016	0.047	0.525	0.001	0.310
sad	0.090	0.003	0.014	0.041	0.443	0.001	0.408
sad	0.107	0.005	0.020	0.037	0.594	0.000	0.237
sad	0.118	0.005	0.025	0.025	0.588	0.001	0.239
sad	0.096	0.004	0.020	0.031	0.473	0.001	0.375
sad	0.103	0.005	0.024	0.034	0.471	0.001	0.362
sad	0.092	0.006	0.023	0.031	0.532	0.001	0.315
sad	0.095	0.005	0.023	0.027	0.523	0.001	0.325
sad	0.110	0.005	0.023	0.029	0.555	0.001	0.277
sad	0.104	0.004	0.020	0.036	0.508	0.001	0.328
sad	0.116	0.006	0.022	0.022	0.607	0.001	0.228
neutral	0.103	0.005	0.008	0.036	0.420	0.001	0.427
sad	0.086	0.005	0.017	0.030	0.491	0.001	0.369
sad	0.107	0.003	0.015	0.035	0.502	0.001	0.338
sad	0.091	0.004	0.014	0.024	0.598	0.001	0.268
sad	0.115	0.004	0.016	0.027	0.605	0.001	0.232
neutral	0.089	0.004	0.009	0.043	0.388	0.002	0.465
sad	0.075	0.002	0.011	0.046	0.439	0.001	0.425
sad	0.081	0.005	0.015	0.038	0.531	0.001	0.329
sad	0.081	0.004	0.013	0.034	0.518	0.001	0.349
sad	0.082	0.002	0.016	0.022	0.642	0.000	0.235
sad	0.140	0.003	0.013	0.032	0.481	0.001	0.330
sad	0.091	0.010	0.015	0.040	0.425	0.001	0.418
neutral	0.075	0.006	0.011	0.041	0.315	0.002	0.551
sad	0.087	0.016	0.013	0.041	0.469	0.001	0.372
neutral	0.086	0.007	0.011	0.028	0.388	0.001	0.478
neutral	0.091	0.008	0.012	0.033	0.391	0.001	0.465
neutral	0.082	0.006	0.011	0.035	0.420	0.001	0.444
sad	0.089	0.005	0.016	0.037	0.540	0.001	0.312
sad	0.087	0.006	0.011	0.042	0.428	0.001	0.424
neutral	0.079	0.003	0.008	0.052	0.319	0.002	0.538
neutral	0.084	0.004	0.010	0.055	0.375	0.002	0.472
sad	0.110	0.008	0.019	0.039	0.488	0.001	0.334
sad	0.098	0.008	0.017	0.052	0.469	0.001	0.356
sad	0.070	0.004	0.015	0.036	0.452	0.001	0.423
sad	0.099	0.005	0.018	0.032	0.578	0.001	0.267
neutral	0.071	0.004	0.011	0.028	0.428	0.001	0.457
sad	0.071	0.006	0.019	0.038	0.509	0.001	0.356
sad	0.074	0.005	0.016	0.035	0.473	0.001	0.397
sad	0.085	0.007	0.016	0.051	0.458	0.001	0.382
sad	0.082	0.006	0.018	0.044	0.451	0.001	0.398
sad	0.087	0.005	0.012	0.032	0.437	0.001	0.425
sad	0.077	0.006	0.018	0.035	0.511	0.001	0.353
sad	0.109	0.006	0.021	0.044	0.508	0.001	0.312
sad	0.086	0.007	0.014	0.045	0.570	0.001	0.277
sad	0.104	0.005	0.023	0.039	0.586	0.001	0.242
sad	0.073	0.001	0.010	0.025	0.517	0.001	0.373
sad	0.097	0.002	0.016	0.026	0.520	0.001	0.338
sad	0.114	0.003	0.016	0.022	0.555	0.000	0.290
sad	0.124	0.008	0.015	0.045	0.613	0.000	0.196
