prediction	angry	disgust	fear	happy	sad	surprise	neutral
neutral	0.211	0.000	0.008	0.046	0.115	0.002	0.619
neutral	0.242	0.000	0.005	0.054	0.134	0.002	0.564
neutral	0.238	0.000	0.004	0.123	0.077	0.003	0.555
neutral	0.210	0.000	0.004	0.128	0.084	0.003	0.571
neutral	0.164	0.000	0.004	0.172	0.077	0.003	0.580
neutral	0.298	0.000	0.004	0.057	0.121	0.001	0.518
neutral	0.201	0.000	0.008	0.053	0.182	0.002	0.552
neutral	0.109	0.000	0.008	0.132	0.130	0.001	0.620
neutral	0.160	0.000	0.009	0.067	0.103	0.002	0.659
neutral	0.253	0.000	0.010	0.063	0.100	0.002	0.573
neutral	0.208	0.000	0.007	0.114	0.086	0.002	0.583
neutral	0.179	0.000	0.007	0.126	0.071	0.002	0.615
neutral	0.218	0.000	0.008	0.097	0.100	0.002	0.575
neutral	0.230	0.000	0.008	0.081	0.071	0.002	0.608
neutral	0.310	0.000	0.005	0.084	0.060	0.002	0.537
neutral	0.160	0.000	0.006	0.065	0.073	0.002	0.694
neutral	0.178	0.000	0.007	0.081	0.077	0.002	0.656
neutral	0.180	0.000	0.009	0.079	0.082	0.002	0.648
neutral	0.174	0.000	0.005	0.074	0.062	0.002	0.683
neutral	0.138	0.000	0.005	0.110	0.072	0.001	0.674
neutral	0.168	0.000	0.004	0.077	0.070	0.001	0.679
neutral	0.259	0.000	0.004	0.069	0.085	0.002	0.580
neutral	0.300	0.000	0.003	0.115	0.093	0.003	0.485
neutral	0.198	0.000	0.004	0.056	0.070	0.002	0.671
neutral	0.187	0.000	0.006	0.069	0.075	0.001	0.663
neutral	0.251	0.000	0.004	0.121	0.100	0.003	0.521
neutral	0.177	0.000	0.005	0.091	0.078	0.001	0.647
neutral	0.268	0.000	0.004	0.041	0.077	0.001	0.609
neutral	0.179	0.000	0.004	0.099	0.092	0.002	0.624
neutral	0.256	0.000	0.002	0.034	0.025	0.003	0.680
neutral	0.198	0.000	0.001	0.063	0.027	0.002	0.709
neutral	0.168	0.000	0.002	0.034	0.064	0.004	0.729
neutral	0.205	0.000	0.002	0.054	0.035	0.003	0.701
neutral	0.176	0.000	0.001	0.035	0.025	0.002	0.760
neutral	0.246	0.000	0.002	0.038	0.036	0.004	0.673
neutral	0.263	0.000	0.002	0.031	0.021	0.008	0.675
neutral	0.176	0.000	0.003	0.110	0.020	0.018	0.674
neutral	0.285	0.000	0.002	0.022	0.033	0.005	0.653
neutral	0.216	0.000	0.002	0.043	0.019	0.007	0.714
neutral	0.191	0.000	0.002	0.148	0.030	0.002	0.627
neutral	0.205	0.000	0.002	0.081	0.033	0.004	0.675
neutral	0.262	0.000	0.001	0.048	0.039	0.003	0.647
neutral	0.205	0.000	0.001	0.081	0.027	0.005	0.681
neutral	0.229	0.000	0.002	0.069	0.023	0.005	0.672
neutral	0.132	0.000	0.001	0.137	0.014	0.005	0.711
neutral	0.313	0.000	0.003	0.058	0.069	0.007	0.550
neutral	0.270	0.000	0.001	0.043	0.018	0.006	0.663
neutral	0.435	0.000	0.003	0.059	0.035	0.004	0.463
neutral	0.228	0.000	0.002	0.210	0.018	0.002	0.539
neutral	0.187	0.000	0.002	0.163	0.028	0.002	0.617
neutral	0.346	0.000	0.001	0.055	0.031	0.001	0.566
neutral	0.217	0.000	0.001	0.066	0.024	0.002	0.690
neutral	0.186	0.000	0.005	0.060	0.107	0.001	0.641
neutral	0.143	0.000	0.001	0.062	0.026	0.001	0.767
neutral	0.176	0.000	0.001	0.087	0.013	0.001	0.722
neutral	0.148	0.000	0.001	0.142	0.013	0.004	0.691
neutral	0.189	0.000	0.002	0.088	0.021	0.007	0.692
neutral	0.169	0.000	0.001	0.080	0.013	0.006	0.731
neutral	0.181	0.000	0.001	0.032	0.017	0.005	0.764
neutral	0.155	0.000	0.002	0.049	0.021	0.011	0.760
neutral	0.220	0.000	0.002	0.033	0.031	0.001	0.713
neutral	0.213	0.000	0.002	0.039	0.027	0.006	0.713
neutral	0.188	0.000	0.002	0.029	0.062	0.007	0.712
neutral	0.161	0.000	0.001	0.052	0.025	0.003	0.758
neutral	0.165	0.000	0.002	0.042	0.023	0.009	0.759
neutral	0.249	0.000	0.001	0.020	0.038	0.001	0.691
neutral	0.150	0.000	0.001	0.055	0.047	0.001	0.747
neutral	0.318	0.000	0.002	0.045	0.036	0.005	0.595
neutral	0.241	0.000	0.003	0.080	0.018	0.010	0.649
neutral	0.137	0.000	0.001	0.051	0.027	0.008	0.776
neutral	0.119	0.000	0.001	0.053	0.026	0.002	0.800
neutral	0.147	0.000	0.001	0.065	0.025	0.005	0.757
neutral	0.108	0.000	0.001	0.039	0.035	0.004	0.813
neutral	0.110	0.000	0.001	0.040	0.030	0.001	0.818
neutral	0.074	0.000	0.001	0.050	0.026	0.001	0.848
neutral	0.309	0.000	0.001	0.022	0.028	0.002	0.638
neutral	0.216	0.000	0.001	0.021	0.037	0.001	0.725
neutral	0.094	0.000	0.000	0.030	0.022	0.001	0.852
neutral	0.131	0.000	0.001	0.061	0.024	0.004	0.779
neutral	0.201	0.000	0.001	0.064	0.024	0.001	0.709
neutral	0.131	0.000	0.001	0.020	0.036	0.003	0.810
neutral	0.083	0.000	0.001	0.039	0.028	0.003	0.847
neutral	0.122	0.000	0.001	0.053	0.028	0.002	0.793
neutral	0.214	0.000	0.001	0.074	0.033	0.003	0.674
neutral	0.170	0.000	0.006	0.096	0.064	0.001	0.662
neutral	0.130	0.000	0.003	0.204	0.029	0.005	0.629
neutral	0.238	0.000	0.003	0.069	0.041	0.004	0.644
neutral	0.125	0.000	0.001	0.032	0.026	0.002	0.814
neutral	0.145	0.000	0.002	0.045	0.025	0.002	0.781
neutral	0.311	0.000	0.003	0.046	0.047	0.004	0.590
neutral	0.230	0.000	0.002	0.122	0.027	0.003	0.615
neutral	0.148	0.000	0.001	0.095	0.012	0.003	0.740
neutral	0.327	0.000	0.002	0.031	0.026	0.005	0.609
neutral	0.320	0.000	0.002	0.051	0.030	0.006	0.591
neutral	0.314	0.000	0.003	0.038	0.029	0.012	0.604
neutral	0.384	0.000	0.004	0.040	0.025	0.026	0.522
neutral	0.282	0.000	0.003	0.059	0.032	0.008	0.616
neutral	0.273	0.000	0.003	0.072	0.025	0.006	0.621
neutral	0.333	0.000	0.002	0.119	0.021	0.006	0.519
neutral	0.098	0.000	0.005	0.291	0.044	0.003	0.560
neutral	0.131	0.000	0.003	0.319	0.031	0.003	0.512
neutral	0.115	0.000	0.001	0.180	0.015	0.003	0.686
neutral	0.157	0.000	0.001	0.210	0.017	0.004	0.610
neutral	0.228	0.000	0.002	0.177	0.020	0.005	0.569
neutral	0.286	0.000	0.001	0.081	0.029	0.002	0.601
neutral	0.145	0.000	0.001	0.149	0.016	0.002	0.687
neutral	0.314	0.000	0.003	0.067	0.022	0.013	0.581
neutral	0.210	0.000	0.002	0.131	0.013	0.021	0.623
neutral	0.312	0.000	0.002	0.047	0.027	0.007	0.605
neutral	0.151	0.000	0.003	0.173	0.021	0.011	0.641
neutral	0.245	0.000	0.002	0.084	0.033	0.003	0.632
neutral	0.212	0.000	0.002	0.091	0.046	0.002	0.647
neutral	0.128	0.000	0.002	0.219	0.017	0.007	0.628
happy	0.038	0.000	0.002	0.708	0.017	0.005	0.229
happy	0.029	0.000	0.002	0.842	0.008	0.008	0.110
happy	0.070	0.000	0.001	0.710	0.016	0.003	0.199
happy	0.013	0.000	0.001	0.848	0.004	0.003	0.132
happy	0.038	0.000	0.001	0.558	0.011	0.001	0.391
neutral	0.087	0.000	0.001	0.372	0.022	0.002	0.517
neutral	0.092	0.000	0.001	0.320	0.020	0.003	0.564
neutral	0.099	0.000	0.002	0.258	0.026	0.004	0.612
neutral	0.108	0.000	0.001	0.269	0.032	0.003	0.588
happy	0.085	0.000	0.002	0.572	0.021	0.004	0.316
happy	0.049	0.000	0.002	0.494	0.023	0.003	0.431
neutral	0.085	0.000	0.001	0.303	0.026	0.002	0.583
neutral	0.050	0.000	0.001	0.385	0.012	0.003	0.549
neutral	0.112	0.000	0.002	0.213	0.037	0.004	0.633
happy	0.072	0.000	0.002	0.489	0.007	0.012	0.418
happy	0.031	0.000	0.001	0.732	0.003	0.008	0.226
happy	0.065	0.000	0.003	0.692	0.026	0.003	0.212
neutral	0.095	0.000	0.005	0.232	0.105	0.002	0.560
happy	0.043	0.000	0.005	0.644	0.027	0.007	0.274
happy	0.014	0.000	0.001	0.864	0.007	0.002	0.113
happy	0.058	0.000	0.002	0.730	0.019	0.002	0.189
happy	0.063	0.000	0.001	0.684	0.018	0.002	0.232
happy	0.043	0.000	0.001	0.717	0.013	0.003	0.223
happy	0.053	0.000	0.001	0.670	0.009	0.006	0.261
happy	0.033	0.000	0.001	0.726	0.009	0.003	0.228
happy	0.031	0.000	0.001	0.726	0.010	0.002	0.229
happy	0.071	0.000	0.001	0.630	0.015	0.003	0.279
happy	0.039	0.000	0.001	0.669	0.012	0.002	0.278
happy	0.022	0.000	0.000	0.839	0.002	0.005	0.131
happy	0.058	0.000	0.001	0.664	0.014	0.004	0.259
happy	0.028	0.000	0.001	0.728	0.005	0.007	0.231
happy	0.050	0.000	0.001	0.679	0.006	0.008	0.257
happy	0.026	0.000	0.001	0.671	0.007	0.004	0.291
happy	0.033	0.000	0.000	0.697	0.009	0.002	0.259
happy	0.025	0.000	0.001	0.751	0.006	0.004	0.214
happy	0.045	0.000	0.001	0.670	0.012	0.005	0.267
happy	0.035	0.000	0.001	0.742	0.007	0.004	0.212
happy	0.059	0.000	0.006	0.608	0.021	0.005	0.300
happy	0.052	0.000	0.002	0.679	0.011	0.004	0.252
happy	0.056	0.000	0.001	0.537	0.016	0.004	0.385
happy	0.075	0.000	0.001	0.480	0.017	0.005	0.422
neutral	0.074	0.000	0.001	0.412	0.026	0.002	0.484
neutral	0.111	0.000	0.002	0.345	0.027	0.006	0.511
neutral	0.069	0.000	0.001	0.326	0.016	0.005	0.584
happy	0.093	0.000	0.001	0.463	0.013	0.009	0.421
happy	0.058	0.000	0.002	0.729	0.007	0.016	0.189
neutral	0.145	0.000	0.002	0.176	0.019	0.007	0.652
happy	0.096	0.000	0.001	0.498	0.011	0.006	0.387
neutral	0.131	0.000	0.002	0.258	0.026	0.007	0.577
neutral	0.167	0.000	0.001	0.259	0.027	0.003	0.543
happy	0.080	0.000	0.001	0.618	0.006	0.015	0.280
neutral	0.112	0.000	0.001	0.405	0.011	0.006	0.465
neutral	0.197	0.000	0.002	0.206	0.052	0.003	0.540
neutral	0.184	0.000	0.003	0.153	0.059	0.004	0.597
neutral	0.197	0.000	0.005	0.352	0.026	0.009	0.412
happy	0.149	0.000	0.003	0.498	0.019	0.012	0.319
neutral	0.152	0.000	0.003	0.339	0.031	0.005	0.471
happy	0.118	0.000	0.004	0.476	0.017	0.009	0.375
happy	0.093	0.000	0.004	0.465	0.017	0.012	0.409
neutral	0.110	0.000	0.004	0.415	0.015	0.013	0.443
neutral	0.155	0.000	0.002	0.323	0.033	0.005	0.482
happy	0.138	0.000	0.003	0.490	0.023	0.006	0.341
neutral	0.137	0.000	0.003	0.359	0.025	0.010	0.468
neutral	0.117	0.000	0.001	0.334	0.015	0.013	0.520
neutral	0.173	0.000	0.001	0.227	0.015	0.007	0.578
neutral	0.149	0.000	0.001	0.365	0.009	0.008	0.468
neutral	0.130	0.000	0.001	0.226	0.013	0.007	0.624
neutral	0.168	0.000	0.001	0.249	0.022	0.006	0.554
neutral	0.128	0.000	0.008	0.281	0.062	0.005	0.515
neutral	0.158	0.000	0.004	0.224	0.049	0.004	0.560
neutral	0.169	0.000	0.004	0.295	0.039	0.006	0.487
neutral	0.161	0.000	0.002	0.326	0.037	0.005	0.469
neutral	0.167	0.000	0.004	0.275	0.043	0.007	0.504
neutral	0.164	0.000	0.002	0.337	0.036	0.003	0.458
neutral	0.127	0.000	0.003	0.396	0.032	0.004	0.438
happy	0.107	0.000	0.002	0.528	0.018	0.005	0.339
neutral	0.184	0.000	0.002	0.328	0.025	0.008	0.454
happy	0.094	0.000	0.001	0.599	0.010	0.006	0.290
happy	0.083	0.000	0.002	0.588	0.009	0.006	0.312
happy	0.151	0.000	0.002	0.416	0.025	0.003	0.403
neutral	0.106	0.000	0.002	0.349	0.029	0.004	0.510
neutral	0.124	0.000	0.002	0.300	0.022	0.005	0.547
neutral	0.201	0.000	0.002	0.241	0.029	0.004	0.523
neutral	0.123	0.000	0.002	0.399	0.022	0.009	0.445
neutral	0.193	0.000	0.003	0.327	0.023	0.007	0.448
happy	0.158	0.000	0.002	0.498	0.019	0.013	0.310
happy	0.073	0.000	0.004	0.550	0.043	0.004	0.326
happy	0.125	0.000	0.003	0.466	0.032	0.004	0.370
neutral	0.123	0.000	0.003	0.364	0.028	0.004	0.478
happy	0.166	0.000	0.002	0.449	0.021	0.009	0.353
neutral	0.062	0.000	0.001	0.429	0.019	0.003	0.487
neutral	0.155	0.000	0.001	0.332	0.030	0.007	0.475
neutral	0.157	0.000	0.003	0.365	0.043	0.007	0.425
neutral	0.114	0.000	0.007	0.357	0.083	0.004	0.435
neutral	0.141	0.000	0.005	0.366	0.038	0.004	0.445
neutral	0.152	0.000	0.005	0.154	0.044	0.005	0.640
neutral	0.153	0.000	0.003	0.189	0.029	0.006	0.620
neutral	0.117	0.000	0.003	0.219	0.029	0.005	0.626
neutral	0.143	0.000	0.002	0.211	0.019	0.011	0.615
neutral	0.165	0.000	0.002	0.152	0.022	0.006	0.653
neutral	0.198	0.000	0.001	0.222	0.024	0.003	0.552
neutral	0.213	0.000	0.001	0.211	0.024	0.007	0.544
neutral	0.185	0.000	0.002	0.169	0.035	0.002	0.606
neutral	0.183	0.000	0.013	0.112	0.138	0.006	0.548
neutral	0.302	0.000	0.007	0.125	0.083	0.004	0.478
neutral	0.252	0.000	0.004	0.103	0.065	0.003	0.573
neutral	0.268	0.000	0.004	0.187	0.066	0.003	0.472
neutral	0.272	0.000	0.002	0.156	0.035	0.005	0.530
neutral	0.253	0.000	0.003	0.237	0.052	0.004	0.452
neutral	0.312	0.000	0.002	0.197	0.042	0.004	0.443
neutral	0.163	0.000	0.003	0.188	0.063	0.002	0.581
neutral	0.242	0.000	0.002	0.214	0.021	0.005	0.515
neutral	0.349	0.000	0.003	0.130	0.031	0.007	0.479
neutral	0.316	0.000	0.002	0.115	0.033	0.004	0.531
neutral	0.249	0.000	0.002	0.203	0.025	0.010	0.512
neutral	0.318	0.000	0.002	0.160	0.022	0.015	0.484
neutral	0.240	0.000	0.003	0.117	0.033	0.006	0.601
neutral	0.270	0.000	0.002	0.163	0.039	0.008	0.517
neutral	0.128	0.000	0.002	0.175	0.049	0.003	0.644
neutral	0.162	0.000	0.003	0.134	0.066	0.002	0.633
neutral	0.310	0.000	0.003	0.065	0.068	0.004	0.550
neutral	0.222	0.000	0.003	0.097	0.052	0.003	0.623
neutral	0.175	0.000	0.002	0.120	0.058	0.002	0.643
neutral	0.217	0.000	0.003	0.091	0.059	0.007	0.623
neutral	0.320	0.000	0.002	0.138	0.042	0.009	0.489
neutral	0.337	0.000	0.002	0.142	0.033	0.011	0.476
neutral	0.260	0.000	0.002	0.204	0.022	0.025	0.486
neutral	0.362	0.000	0.002	0.159	0.032	0.008	0.437
neutral	0.356	0.000	0.002	0.136	0.031	0.013	0.462
neutral	0.312	0.000	0.002	0.131	0.028	0.018	0.509
neutral	0.343	0.000	0.003	0.110	0.024	0.028	0.491
neutral	0.334	0.000	0.002	0.088	0.042	0.008	0.526
neutral	0.262	0.000	0.003	0.139	0.025	0.029	0.542
neutral	0.292	0.000	0.002	0.089	0.029	0.012	0.576
neutral	0.222	0.000	0.002	0.068	0.042	0.003	0.663
neutral	0.244	0.000	0.001	0.079	0.037	0.003	0.636
neutral	0.307	0.000	0.001	0.109	0.028	0.006	0.549
neutral	0.263	0.000	0.001	0.125	0.027	0.009	0.575
neutral	0.239	0.000	0.001	0.068	0.038	0.001	0.653
neutral	0.199	0.000	0.001	0.059	0.035	0.002	0.704
neutral	0.230	0.000	0.001	0.102	0.036	0.006	0.625
neutral	0.256	0.000	0.001	0.066	0.038	0.003	0.636
neutral	0.165	0.000	0.001	0.086	0.044	0.001	0.703
neutral	0.267	0.000	0.002	0.070	0.037	0.004	0.620
neutral	0.189	0.000	0.002	0.078	0.038	0.001	0.693
neutral	0.223	0.000	0.001	0.082	0.050	0.001	0.643
neutral	0.368	0.000	0.002	0.082	0.052	0.003	0.493
neutral	0.324	0.000	0.001	0.060	0.034	0.003	0.577
neutral	0.234	0.000	0.001	0.073	0.045	0.002	0.646
neutral	0.222	0.000	0.001	0.071	0.046	0.002	0.658
neutral	0.221	0.000	0.001	0.076	0.050	0.002	0.650
neutral	0.326	0.000	0.002	0.052	0.038	0.003	0.578
neutral	0.267	0.000	0.002	0.053	0.043	0.002	0.633
neutral	0.312	0.000	0.001	0.096	0.037	0.009	0.546
neutral	0.256	0.000	0.001	0.066	0.042	0.007	0.628
neutral	0.282	0.000	0.002	0.094	0.040	0.020	0.562
neutral	0.349	0.000	0.002	0.061	0.045	0.005	0.539
neutral	0.182	0.000	0.002	0.084	0.032	0.005	0.696
neutral	0.294	0.000	0.001	0.116	0.049	0.007	0.532
angry	0.482	0.000	0.002	0.089	0.053	0.005	0.368
neutral	0.373	0.000	0.002	0.073	0.051	0.011	0.490
neutral	0.284	0.000	0.002	0.060	0.047	0.004	0.602
neutral	0.370	0.000	0.002	0.087	0.060	0.003	0.479
neutral	0.318	0.000	0.002	0.104	0.042	0.010	0.524
neutral	0.269	0.000	0.002	0.096	0.044	0.013	0.576
neutral	0.320	0.000	0.001	0.103	0.051	0.012	0.513
neutral	0.357	0.000	0.002	0.084	0.041	0.004	0.512
neutral	0.413	0.000	0.001	0.076	0.035	0.007	0.468
neutral	0.365	0.000	0.001	0.061	0.050	0.005	0.517
neutral	0.345	0.000	0.001	0.109	0.046	0.010	0.489
neutral	0.220	0.000	0.002	0.113	0.029	0.007	0.630
neutral	0.279	0.000	0.002	0.131	0.033	0.004	0.551
neutral	0.339	0.000	0.001	0.112	0.034	0.007	0.508
neutral	0.245	0.000	0.004	0.116	0.074	0.003	0.558
neutral	0.184	0.000	0.015	0.070	0.221	0.003	0.507
neutral	0.332	0.000	0.010	0.077	0.081	0.005	0.495
neutral	0.264	0.000	0.006	0.081	0.075	0.002	0.572
neutral	0.222	0.000	0.008	0.107	0.050	0.008	0.605
neutral	0.202	0.000	0.006	0.078	0.063	0.005	0.646
neutral	0.214	0.000	0.006	0.171	0.033	0.025	0.551
neutral	0.322	0.000	0.005	0.101	0.093	0.004	0.475
neutral	0.360	0.000	0.004	0.120	0.075	0.005	0.435
neutral	0.296	0.000	0.004	0.131	0.088	0.003	0.478
neutral	0.132	0.000	0.002	0.057	0.077	0.004	0.728
neutral	0.332	0.000	0.004	0.160	0.064	0.011	0.428
neutral	0.347	0.000	0.004	0.086	0.095	0.002	0.465
neutral	0.320	0.000	0.003	0.040	0.070	0.003	0.564
neutral	0.358	0.000	0.002	0.150	0.030	0.014	0.446
neutral	0.292	0.000	0.003	0.122	0.061	0.005	0.516
neutral	0.420	0.000	0.003	0.079	0.034	0.009	0.455
neutral	0.373	0.000	0.004	0.050	0.039	0.010	0.524
neutral	0.249	0.000	0.022	0.075	0.208	0.003	0.443
neutral	0.207	0.000	0.011	0.133	0.095	0.004	0.550
neutral	0.281	0.000	0.010	0.141	0.126	0.002	0.440
neutral	0.240	0.000	0.008	0.211	0.058	0.006	0.476
neutral	0.218	0.000	0.010	0.205	0.070	0.008	0.488
neutral	0.366	0.000	0.004	0.082	0.078	0.004	0.465
neutral	0.279	0.000	0.008	0.151	0.070	0.008	0.485
angry	0.474	0.000	0.002	0.026	0.050	0.002	0.446
neutral	0.213	0.000	0.001	0.060	0.039	0.001	0.686
neutral	0.322	0.000	0.002	0.091	0.030	0.011	0.544
neutral	0.244	0.000	0.001	0.077	0.038	0.007	0.633
neutral	0.300	0.000	0.001	0.076	0.035	0.002	0.586
neutral	0.231	0.000	0.001	0.064	0.039	0.002	0.663
neutral	0.255	0.000	0.002	0.058	0.044	0.004	0.638
neutral	0.304	0.000	0.007	0.100	0.101	0.003	0.486
neutral	0.354	0.000	0.006	0.102	0.113	0.003	0.421
neutral	0.395	0.000	0.005	0.129	0.065	0.007	0.399
neutral	0.192	0.000	0.012	0.056	0.176	0.002	0.562
neutral	0.282	0.000	0.010	0.042	0.121	0.003	0.543
neutral	0.387	0.000	0.003	0.046	0.041	0.003	0.519
neutral	0.280	0.000	0.001	0.091	0.034	0.009	0.585
neutral	0.231	0.000	0.001	0.041	0.036	0.002	0.689
neutral	0.229	0.000	0.001	0.071	0.038	0.004	0.656
neutral	0.271	0.000	0.001	0.100	0.033	0.004	0.590
neutral	0.215	0.000	0.001	0.112	0.048	0.005	0.619
neutral	0.157	0.000	0.002	0.057	0.051	0.003	0.730
neutral	0.250	0.000	0.001	0.083	0.030	0.006	0.629
neutral	0.349	0.000	0.001	0.034	0.039	0.010	0.567
neutral	0.301	0.000	0.001	0.086	0.036	0.009	0.566
neutral	0.297	0.000	0.002	0.066	0.043	0.004	0.588
neutral	0.368	0.000	0.002	0.042	0.049	0.001	0.538
neutral	0.252	0.000	0.001	0.119	0.045	0.007	0.575
neutral	0.251	0.000	0.002	0.059	0.051	0.005	0.632
neutral	0.310	0.000	0.002	0.072	0.051	0.004	0.562
neutral	0.228	0.000	0.002	0.066	0.051	0.011	0.643
neutral	0.264	0.000	0.001	0.070	0.037	0.003	0.624
neutral	0.379	0.000	0.001	0.034	0.064	0.002	0.518
neutral	0.399	0.000	0.002	0.052	0.073	0.001	0.473
neutral	0.366	0.000	0.001	0.083	0.042	0.004	0.503
neutral	0.321	0.000	0.001	0.079	0.046	0.006	0.548
neutral	0.237	0.000	0.001	0.072	0.038	0.007	0.644
neutral	0.216	0.000	0.002	0.091	0.036	0.005	0.650
neutral	0.332	0.000	0.002	0.083	0.043	0.005	0.534
neutral	0.202	0.000	0.027	0.051	0.291	0.002	0.428
neutral	0.379	0.000	0.006	0.090	0.080	0.002	0.442
angry	0.453	0.000	0.002	0.051	0.044	0.003	0.447
neutral	0.304	0.000	0.003	0.062	0.072	0.002	0.558
neutral	0.404	0.000	0.002	0.054	0.031	0.015	0.493
neutral	0.188	0.000	0.003	0.104	0.054	0.003	0.649
neutral	0.243	0.000	0.002	0.092	0.041	0.009	0.613
neutral	0.211	0.000	0.002	0.075	0.041	0.010	0.661
neutral	0.310	0.000	0.001	0.061	0.039	0.002	0.586
neutral	0.288	0.000	0.002	0.099	0.032	0.008	0.571
neutral	0.276	0.000	0.002	0.106	0.047	0.007	0.561
neutral	0.229	0.000	0.002	0.136	0.052	0.005	0.577
neutral	0.251	0.000	0.001	0.103	0.036	0.008	0.601
angry	0.433	0.000	0.001	0.099	0.031	0.008	0.428
neutral	0.298	0.000	0.001	0.068	0.040	0.004	0.589
neutral	0.430	0.000	0.001	0.064	0.035	0.012	0.458
neutral	0.347	0.000	0.003	0.062	0.089	0.003	0.495
neutral	0.366	0.000	0.001	0.075	0.043	0.014	0.500
neutral	0.293	0.000	0.004	0.054	0.098	0.002	0.548
neutral	0.365	0.000	0.002	0.067	0.063	0.006	0.498
neutral	0.199	0.000	0.021	0.064	0.267	0.002	0.446
neutral	0.229	0.000	0.007	0.106	0.135	0.002	0.521
neutral	0.330	0.000	0.004	0.076	0.108	0.002	0.480
neutral	0.298	0.000	0.002	0.100	0.059	0.003	0.537
neutral	0.427	0.000	0.001	0.086	0.049	0.003	0.432
neutral	0.313	0.000	0.002	0.093	0.047	0.010	0.535
neutral	0.339	0.000	0.001	0.077	0.052	0.004	0.526
neutral	0.417	0.000	0.002	0.038	0.057	0.006	0.481
neutral	0.304	0.000	0.002	0.090	0.051	0.005	0.549
neutral	0.344	0.000	0.002	0.061	0.050	0.009	0.534
neutral	0.320	0.000	0.001	0.113	0.034	0.005	0.527
neutral	0.380	0.000	0.002	0.092	0.032	0.012	0.482
neutral	0.339	0.000	0.002	0.065	0.046	0.004	0.544
neutral	0.343	0.000	0.002	0.087	0.043	0.014	0.510
neutral	0.332	0.000	0.002	0.097	0.030	0.005	0.535
neutral	0.289	0.000	0.001	0.088	0.052	0.003	0.566
neutral	0.290	0.000	0.002	0.107	0.040	0.008	0.553
neutral	0.260	0.000	0.001	0.103	0.041	0.007	0.588
neutral	0.402	0.000	0.002	0.092	0.054	0.012	0.438
neutral	0.318	0.000	0.003	0.088	0.049	0.003	0.539
neutral	0.326	0.000	0.009	0.080	0.111	0.003	0.470
neutral	0.366	0.000	0.008	0.083	0.088	0.004	0.450
neutral	0.335	0.000	0.002	0.063	0.053	0.005	0.543
neutral	0.254	0.000	0.002	0.099	0.043	0.007	0.596
angry	0.487	0.000	0.004	0.106	0.066	0.002	0.336
neutral	0.273	0.000	0.001	0.102	0.058	0.001	0.565
neutral	0.218	0.000	0.002	0.063	0.076	0.003	0.638
neutral	0.312	0.000	0.003	0.113	0.023	0.016	0.533
angry	0.452	0.000	0.004	0.079	0.078	0.003	0.384
neutral	0.381	0.000	0.002	0.072	0.049	0.003	0.493
neutral	0.354	0.000	0.003	0.041	0.062	0.004	0.537
neutral	0.159	0.000	0.001	0.032	0.063	0.002	0.743
neutral	0.334	0.000	0.001	0.065	0.048	0.004	0.548
angry	0.455	0.000	0.002	0.080	0.053	0.003	0.407
neutral	0.237	0.000	0.001	0.054	0.049	0.001	0.658
neutral	0.391	0.000	0.002	0.074	0.049	0.003	0.480
neutral	0.310	0.000	0.002	0.062	0.050	0.005	0.570
neutral	0.324	0.000	0.002	0.119	0.048	0.006	0.501
neutral	0.336	0.000	0.001	0.094	0.033	0.012	0.523
neutral	0.394	0.000	0.001	0.083	0.048	0.011	0.463
angry	0.390	0.000	0.009	0.142	0.092	0.004	0.363
neutral	0.323	0.000	0.012	0.052	0.171	0.002	0.439
angry	0.427	0.000	0.003	0.121	0.065	0.005	0.379
angry	0.439	0.000	0.002	0.066	0.058	0.001	0.434
angry	0.464	0.000	0.001	0.039	0.040	0.003	0.453
neutral	0.402	0.000	0.001	0.075	0.049	0.003	0.469
neutral	0.371	0.000	0.001	0.077	0.057	0.002	0.492
neutral	0.351	0.000	0.002	0.064	0.041	0.006	0.537
neutral	0.207	0.000	0.002	0.080	0.038	0.006	0.669
neutral	0.369	0.000	0.002	0.055	0.060	0.004	0.511
angry	0.546	0.000	0.002	0.059	0.060	0.001	0.331
neutral	0.395	0.000	0.002	0.063	0.040	0.007	0.493
neutral	0.346	0.000	0.002	0.072	0.051	0.012	0.517
angry	0.440	0.000	0.001	0.077	0.063	0.003	0.416
neutral	0.376	0.000	0.001	0.043	0.063	0.004	0.512
neutral	0.356	0.000	0.002	0.052	0.052	0.004	0.535
neutral	0.384	0.000	0.001	0.056	0.064	0.003	0.492
angry	0.430	0.000	0.001	0.070	0.069	0.003	0.426
neutral	0.313	0.000	0.002	0.092	0.049	0.008	0.536
neutral	0.347	0.000	0.002	0.060	0.049	0.005	0.537
neutral	0.370	0.000	0.002	0.054	0.059	0.006	0.509
angry	0.538	0.000	0.001	0.051	0.065	0.001	0.345
neutral	0.367	0.000	0.002	0.088	0.036	0.004	0.502
neutral	0.292	0.000	0.019	0.048	0.251	0.002	0.388
neutral	0.290	0.000	0.011	0.075	0.185	0.002	0.437
neutral	0.309	0.000	0.007	0.074	0.086	0.005	0.519
neutral	0.366	0.000	0.009	0.046	0.127	0.004	0.448
angry	0.463	0.000	0.012	0.046	0.114	0.003	0.361
neutral	0.384	0.000	0.006	0.074	0.077	0.003	0.456
neutral	0.373	0.000	0.003	0.058	0.043	0.003	0.519
neutral	0.365	0.000	0.004	0.087	0.035	0.008	0.501
neutral	0.294	0.000	0.002	0.052	0.041	0.003	0.608
neutral	0.355	0.000	0.003	0.066	0.058	0.005	0.512
neutral	0.419	0.000	0.002	0.063	0.053	0.001	0.462
neutral	0.274	0.000	0.001	0.082	0.034	0.004	0.604
neutral	0.230	0.000	0.002	0.099	0.034	0.007	0.628
neutral	0.236	0.000	0.001	0.046	0.036	0.002	0.680
neutral	0.281	0.000	0.001	0.084	0.041	0.007	0.585
neutral	0.316	0.000	0.001	0.035	0.044	0.002	0.602
neutral	0.334	0.000	0.002	0.058	0.044	0.003	0.560
neutral	0.315	0.000	0.003	0.113	0.035	0.008	0.527
neutral	0.193	0.000	0.002	0.041	0.039	0.004	0.722
neutral	0.223	0.000	0.010	0.051	0.220	0.002	0.493
neutral	0.262	0.000	0.008	0.043	0.199	0.001	0.487
neutral	0.250	0.000	0.006	0.067	0.096	0.003	0.578
neutral	0.301	0.000	0.003	0.057	0.051	0.004	0.584
neutral	0.281	0.000	0.004	0.043	0.061	0.003	0.607
neutral	0.197	0.000	0.002	0.035	0.050	0.003	0.713
neutral	0.294	0.000	0.003	0.126	0.028	0.009	0.541
neutral	0.441	0.000	0.002	0.063	0.050	0.002	0.442
neutral	0.221	0.000	0.002	0.037	0.049	0.002	0.690
neutral	0.335	0.000	0.003	0.071	0.049	0.004	0.538
neutral	0.391	0.000	0.002	0.095	0.045	0.003	0.463
angry	0.519	0.000	0.002	0.050	0.055	0.001	0.372
neutral	0.253	0.000	0.002	0.066	0.048	0.003	0.627
neutral	0.303	0.000	0.004	0.096	0.096	0.002	0.499
neutral	0.310	0.000	0.002	0.148	0.070	0.003	0.466
neutral	0.325	0.000	0.002	0.119	0.060	0.004	0.491
angry	0.397	0.000	0.004	0.153	0.062	0.005	0.378
neutral	0.349	0.000	0.014	0.087	0.199	0.002	0.349
neutral	0.258	0.000	0.008	0.153	0.143	0.003	0.435
neutral	0.287	0.000	0.007	0.144	0.111	0.005	0.446
neutral	0.245	0.000	0.008	0.080	0.091	0.003	0.574
neutral	0.310	0.000	0.006	0.109	0.099	0.003	0.472
neutral	0.375	0.000	0.006	0.116	0.113	0.002	0.388
neutral	0.339	0.000	0.006	0.144	0.113	0.003	0.396
neutral	0.390	0.000	0.002	0.107	0.048	0.004	0.450
neutral	0.379	0.000	0.002	0.131	0.083	0.002	0.403
neutral	0.363	0.000	0.002	0.122	0.080	0.003	0.430
neutral	0.248	0.000	0.004	0.074	0.085	0.003	0.586
neutral	0.363	0.000	0.004	0.078	0.070	0.004	0.481
neutral	0.154	0.000	0.014	0.043	0.262	0.002	0.525
neutral	0.362	0.000	0.006	0.113	0.092	0.003	0.424
neutral	0.180	0.000	0.005	0.083	0.072	0.004	0.657
neutral	0.256	0.000	0.007	0.067	0.090	0.004	0.576
angry	0.449	0.000	0.004	0.051	0.087	0.002	0.407
neutral	0.373	0.000	0.003	0.072	0.054	0.005	0.493
neutral	0.245	0.000	0.011	0.057	0.190	0.002	0.494
neutral	0.192	0.000	0.010	0.073	0.139	0.003	0.583
neutral	0.243	0.000	0.006	0.099	0.104	0.002	0.546
neutral	0.341	0.000	0.004	0.206	0.069	0.005	0.374
neutral	0.396	0.000	0.004	0.055	0.076	0.003	0.466
neutral	0.232	0.000	0.006	0.117	0.072	0.007	0.565
neutral	0.323	0.000	0.005	0.092	0.084	0.004	0.493
neutral	0.310	0.000	0.004	0.020	0.103	0.002	0.560
neutral	0.283	0.000	0.003	0.029	0.068	0.003	0.614
neutral	0.291	0.000	0.004	0.072	0.052	0.014	0.567
neutral	0.421	0.000	0.004	0.047	0.094	0.002	0.431
neutral	0.340	0.000	0.002	0.117	0.051	0.005	0.484
angry	0.458	0.000	0.002	0.093	0.050	0.002	0.395
neutral	0.370	0.000	0.002	0.061	0.051	0.005	0.510
neutral	0.324	0.000	0.004	0.134	0.057	0.010	0.471
neutral	0.302	0.000	0.003	0.118	0.040	0.012	0.524
neutral	0.410	0.000	0.002	0.059	0.064	0.006	0.458
neutral	0.319	0.000	0.002	0.104	0.031	0.008	0.536
neutral	0.355	0.000	0.002	0.036	0.051	0.004	0.552
neutral	0.363	0.000	0.010	0.062	0.139	0.003	0.423
neutral	0.316	0.000	0.011	0.074	0.149	0.004	0.445
neutral	0.317	0.000	0.005	0.067	0.092	0.004	0.515
angry	0.484	0.000	0.006	0.039	0.090	0.003	0.379
neutral	0.413	0.000	0.003	0.049	0.075	0.004	0.456
neutral	0.381	0.000	0.003	0.076	0.031	0.013	0.496
neutral	0.384	0.000	0.002	0.059	0.040	0.004	0.510
neutral	0.369	0.000	0.002	0.045	0.042	0.005	0.538
neutral	0.399	0.000	0.002	0.041	0.088	0.003	0.466
neutral	0.404	0.000	0.002	0.051	0.066	0.004	0.474
neutral	0.416	0.000	0.004	0.053	0.064	0.003	0.460
neutral	0.430	0.000	0.003	0.047	0.064	0.003	0.453
angry	0.502	0.000	0.004	0.029	0.063	0.004	0.398
neutral	0.283	0.000	0.011	0.062	0.195	0.002	0.447
neutral	0.258	0.000	0.010	0.071	0.182	0.003	0.475
angry	0.424	0.000	0.011	0.057	0.165	0.003	0.339
angry	0.433	0.000	0.012	0.070	0.145	0.002	0.339
neutral	0.400	0.000	0.004	0.106	0.067	0.003	0.420
angry	0.469	0.000	0.003	0.077	0.058	0.003	0.391
neutral	0.402	0.000	0.003	0.065	0.064	0.002	0.463
neutral	0.379	0.000	0.004	0.097	0.066	0.003	0.451
neutral	0.381	0.000	0.003	0.101	0.052	0.004	0.458
neutral	0.342	0.000	0.007	0.096	0.100	0.006	0.450
neutral	0.195	0.000	0.013	0.109	0.240	0.002	0.441
neutral	0.285	0.000	0.009	0.126	0.102	0.004	0.474
angry	0.393	0.000	0.011	0.081	0.153	0.002	0.360
neutral	0.286	0.000	0.004	0.060	0.105	0.002	0.544
angry	0.389	0.000	0.009	0.105	0.109	0.003	0.384
neutral	0.398	0.000	0.003	0.113	0.065	0.003	0.417
neutral	0.345	0.000	0.007	0.096	0.095	0.003	0.454
neutral	0.297	0.000	0.005	0.041	0.121	0.002	0.534
neutral	0.355	0.000	0.003	0.065	0.059	0.003	0.516
neutral	0.427	0.000	0.003	0.080	0.052	0.004	0.434
neutral	0.285	0.000	0.010	0.061	0.141	0.004	0.500
neutral	0.256	0.000	0.014	0.027	0.256	0.002	0.444
angry	0.427	0.000	0.006	0.045	0.105	0.004	0.412
neutral	0.303	0.000	0.010	0.122	0.114	0.003	0.448
neutral	0.288	0.000	0.006	0.105	0.094	0.005	0.502
neutral	0.353	0.000	0.007	0.071	0.086	0.003	0.480
neutral	0.339	0.000	0.005	0.087	0.056	0.004	0.509
neutral	0.278	0.000	0.008	0.073	0.088	0.003	0.550
neutral	0.273	0.000	0.003	0.078	0.050	0.004	0.592
neutral	0.355	0.000	0.003	0.057	0.049	0.002	0.535
neutral	0.211	0.000	0.005	0.069	0.084	0.001	0.628
neutral	0.234	0.000	0.004	0.131	0.092	0.002	0.536
neutral	0.252	0.000	0.003	0.133	0.080	0.003	0.529
neutral	0.355	0.000	0.003	0.099	0.062	0.001	0.480
neutral	0.330	0.000	0.003	0.088	0.054	0.002	0.523
neutral	0.172	0.000	0.003	0.136	0.054	0.001	0.633
neutral	0.204	0.000	0.002	0.066	0.071	0.001	0.656
neutral	0.236	0.000	0.002	0.041	0.057	0.001	0.662
neutral	0.229	0.000	0.003	0.095	0.062	0.001	0.610
neutral	0.230	0.000	0.003	0.075	0.061	0.001	0.631
neutral	0.198	0.000	0.002	0.030	0.053	0.001	0.716
neutral	0.195	0.000	0.003	0.130	0.064	0.001	0.608
neutral	0.158	0.000	0.003	0.073	0.071	0.003	0.692
neutral	0.246	0.000	0.001	0.085	0.035	0.001	0.632
neutral	0.297	0.000	0.003	0.064	0.073	0.001	0.562
neutral	0.195	0.000	0.016	0.096	0.280	0.003	0.410
neutral	0.109	0.000	0.009	0.072	0.122	0.002	0.686
neutral	0.400	0.000	0.006	0.052	0.109	0.002	0.431
neutral	0.224	0.000	0.005	0.053	0.113	0.002	0.603
neutral	0.211	0.000	0.004	0.135	0.073	0.002	0.575
neutral	0.226	0.000	0.007	0.214	0.087	0.002	0.464
neutral	0.154	0.000	0.004	0.125	0.064	0.003	0.652
neutral	0.193	0.000	0.004	0.073	0.076	0.002	0.652
neutral	0.218	0.000	0.006	0.130	0.088	0.003	0.554
neutral	0.316	0.000	0.004	0.126	0.103	0.003	0.447
neutral	0.237	0.000	0.005	0.098	0.074	0.002	0.584
neutral	0.189	0.000	0.017	0.082	0.321	0.002	0.390
neutral	0.228	0.000	0.024	0.103	0.219	0.002	0.424
neutral	0.322	0.000	0.009	0.069	0.118	0.002	0.480
neutral	0.324	0.000	0.004	0.081	0.092	0.002	0.498
neutral	0.239	0.000	0.006	0.078	0.088	0.002	0.588
neutral	0.316	0.000	0.003	0.090	0.069	0.001	0.521
neutral	0.363	0.000	0.003	0.047	0.084	0.001	0.501
neutral	0.346	0.000	0.003	0.083	0.085	0.001	0.482
neutral	0.276	0.000	0.007	0.107	0.129	0.002	0.478
angry	0.454	0.000	0.003	0.043	0.076	0.001	0.422
neutral	0.390	0.000	0.002	0.057	0.053	0.002	0.495
neutral	0.382	0.000	0.002	0.068	0.091	0.001	0.455
neutral	0.273	0.000	0.003	0.073	0.078	0.003	0.569
neutral	0.311	0.000	0.002	0.061	0.042	0.004	0.581
neutral	0.377	0.000	0.003	0.043	0.074	0.002	0.502
neutral	0.357	0.000	0.002	0.089	0.094	0.002	0.456
neutral	0.398	0.000	0.002	0.047	0.049	0.006	0.497
neutral	0.386	0.000	0.002	0.074	0.071	0.002	0.465
neutral	0.273	0.000	0.003	0.068	0.084	0.002	0.570
neutral	0.259	0.000	0.003	0.109	0.071	0.002	0.556
neutral	0.266	0.000	0.003	0.111	0.069	0.003	0.548
neutral	0.382	0.000	0.003	0.048	0.071	0.002	0.493
neutral	0.212	0.000	0.003	0.107	0.074	0.003	0.601
neutral	0.249	0.000	0.002	0.056	0.078	0.002	0.613
neutral	0.249	0.000	0.004	0.085	0.076	0.003	0.583
neutral	0.264	0.000	0.003	0.071	0.064	0.003	0.595
neutral	0.280	0.000	0.004	0.131	0.052	0.004	0.529
neutral	0.194	0.000	0.003	0.137	0.068	0.003	0.595
angry	0.394	0.000	0.004	0.083	0.126	0.001	0.392
neutral	0.262	0.000	0.003	0.102	0.082	0.004	0.547
neutral	0.272	0.000	0.003	0.101	0.074	0.005	0.545
neutral	0.281	0.000	0.003	0.075	0.064	0.004	0.573
neutral	0.248	0.000	0.002	0.075	0.059	0.004	0.613
angry	0.435	0.000	0.004	0.050	0.108	0.001	0.403
neutral	0.333	0.000	0.006	0.076	0.089	0.003	0.494
neutral	0.339	0.000	0.007	0.048	0.114	0.002	0.491
neutral	0.406	0.000	0.002	0.100	0.040	0.005	0.447
neutral	0.334	0.000	0.004	0.085	0.074	0.003	0.500
neutral	0.328	0.000	0.003	0.179	0.038	0.010	0.441
neutral	0.400	0.000	0.003	0.071	0.046	0.009	0.471
neutral	0.272	0.000	0.001	0.075	0.035	0.007	0.609
neutral	0.382	0.000	0.002	0.053	0.046	0.008	0.508
neutral	0.316	0.000	0.009	0.061	0.138	0.004	0.472
neutral	0.318	0.000	0.008	0.046	0.169	0.003	0.456
neutral	0.362	0.000	0.009	0.055	0.143	0.003	0.428
neutral	0.360	0.000	0.006	0.153	0.088	0.005	0.387
neutral	0.308	0.000	0.007	0.115	0.116	0.003	0.450
neutral	0.312	0.000	0.006	0.129	0.091	0.003	0.459
neutral	0.236	0.000	0.006	0.098	0.076	0.003	0.580
neutral	0.322	0.000	0.003	0.097	0.062	0.003	0.513
neutral	0.320	0.000	0.003	0.103	0.061	0.003	0.510
neutral	0.357	0.000	0.002	0.078	0.047	0.006	0.511
neutral	0.324	0.000	0.004	0.183	0.076	0.003	0.410
neutral	0.310	0.000	0.003	0.172	0.076	0.004	0.434
neutral	0.152	0.000	0.002	0.091	0.057	0.003	0.695
neutral	0.289	0.000	0.001	0.132	0.068	0.004	0.506
neutral	0.282	0.000	0.003	0.084	0.082	0.004	0.546
neutral	0.329	0.000	0.002	0.120	0.071	0.004	0.474
neutral	0.297	0.000	0.001	0.087	0.047	0.003	0.564
neutral	0.325	0.000	0.003	0.139	0.038	0.008	0.487
neutral	0.209	0.000	0.003	0.044	0.068	0.003	0.674
neutral	0.206	0.000	0.003	0.042	0.059	0.003	0.688
neutral	0.175	0.000	0.014	0.072	0.333	0.002	0.404
neutral	0.265	0.000	0.017	0.093	0.227	0.002	0.397
neutral	0.317	0.000	0.010	0.110	0.090	0.003	0.470
neutral	0.298	0.000	0.004	0.239	0.064	0.002	0.393
neutral	0.280	0.000	0.005	0.175	0.056	0.002	0.481
neutral	0.285	0.000	0.004	0.189	0.068	0.002	0.452
angry	0.422	0.000	0.006	0.173	0.100	0.003	0.296
neutral	0.231	0.000	0.016	0.130	0.244	0.002	0.377
neutral	0.231	0.000	0.021	0.083	0.198	0.002	0.465
neutral	0.131	0.000	0.010	0.077	0.099	0.002	0.680
neutral	0.258	0.000	0.004	0.065	0.045	0.002	0.625
neutral	0.306	0.000	0.004	0.106	0.074	0.002	0.507
neutral	0.214	0.000	0.005	0.075	0.040	0.003	0.663
neutral	0.302	0.000	0.004	0.078	0.035	0.007	0.574
neutral	0.182	0.000	0.003	0.110	0.038	0.004	0.663
angry	0.467	0.000	0.003	0.028	0.060	0.005	0.437
neutral	0.349	0.000	0.004	0.144	0.050	0.012	0.441
neutral	0.315	0.000	0.008	0.096	0.060	0.007	0.515
neutral	0.321	0.000	0.005	0.043	0.069	0.004	0.558
neutral	0.251	0.000	0.006	0.117	0.059	0.005	0.563
neutral	0.263	0.000	0.005	0.074	0.067	0.003	0.587
neutral	0.243	0.000	0.005	0.102	0.043	0.006	0.601
neutral	0.227	0.000	0.008	0.060	0.051	0.007	0.648
neutral	0.268	0.000	0.007	0.086	0.069	0.006	0.564
neutral	0.319	0.000	0.006	0.070	0.055	0.006	0.543
neutral	0.232	0.000	0.006	0.083	0.046	0.013	0.621
neutral	0.239	0.000	0.006	0.062	0.034	0.016	0.644
neutral	0.285	0.000	0.007	0.100	0.053	0.014	0.541
neutral	0.361	0.000	0.004	0.115	0.046	0.009	0.465
neutral	0.369	0.000	0.005	0.065	0.072	0.004	0.485
neutral	0.404	0.000	0.003	0.062	0.094	0.007	0.430
neutral	0.430	0.000	0.003	0.050	0.050	0.004	0.463
angry	0.467	0.000	0.005	0.037	0.064	0.007	0.421
neutral	0.425	0.000	0.005	0.069	0.063	0.006	0.433
neutral	0.414	0.000	0.005	0.074	0.070	0.007	0.430
angry	0.492	0.000	0.003	0.071	0.108	0.002	0.324
neutral	0.401	0.000	0.003	0.051	0.074	0.003	0.468
angry	0.445	0.000	0.006	0.040	0.077	0.011	0.420
angry	0.538	0.000	0.006	0.039	0.083	0.008	0.326
neutral	0.342	0.000	0.016	0.057	0.202	0.008	0.375
neutral	0.343	0.000	0.006	0.121	0.096	0.006	0.428
neutral	0.368	0.000	0.003	0.033	0.084	0.003	0.508
neutral	0.266	0.000	0.002	0.093	0.108	0.001	0.529
angry	0.449	0.000	0.003	0.061	0.061	0.007	0.419
neutral	0.369	0.000	0.005	0.138	0.083	0.006	0.399
neutral	0.344	0.000	0.003	0.091	0.042	0.010	0.510
angry	0.612	0.000	0.004	0.049	0.032	0.021	0.282
angry	0.503	0.000	0.002	0.036	0.060	0.004	0.395
angry	0.445	0.000	0.002	0.063	0.048	0.006	0.436
angry	0.607	0.000	0.003	0.038	0.054	0.004	0.294
neutral	0.375	0.000	0.003	0.036	0.062	0.003	0.521
neutral	0.403	0.000	0.003	0.069	0.067	0.004	0.454
angry	0.471	0.000	0.003	0.068	0.051	0.014	0.394
neutral	0.411	0.000	0.003	0.052	0.073	0.003	0.458
neutral	0.326	0.000	0.009	0.042	0.179	0.002	0.443
neutral	0.421	0.000	0.003	0.063	0.068	0.003	0.441
angry	0.502	0.000	0.003	0.027	0.078	0.003	0.387
neutral	0.299	0.000	0.003	0.102	0.063	0.006	0.528
neutral	0.328	0.000	0.003	0.063	0.067	0.005	0.534
angry	0.491	0.000	0.004	0.063	0.064	0.006	0.373
angry	0.442	0.000	0.003	0.056	0.076	0.004	0.418
angry	0.632	0.000	0.003	0.025	0.057	0.005	0.279
angry	0.489	0.000	0.003	0.056	0.103	0.004	0.345
angry	0.446	0.000	0.004	0.062	0.072	0.006	0.410
neutral	0.400	0.000	0.002	0.075	0.052	0.008	0.463
neutral	0.397	0.000	0.003	0.125	0.043	0.012	0.420
angry	0.475	0.000	0.003	0.044	0.056	0.006	0.416
angry	0.534	0.000	0.004	0.053	0.057	0.005	0.347
neutral	0.406	0.000	0.001	0.066	0.037	0.003	0.487
angry	0.522	0.000	0.002	0.044	0.043	0.002	0.387
neutral	0.374	0.000	0.002	0.080	0.045	0.007	0.492
neutral	0.427	0.000	0.002	0.057	0.035	0.006	0.473
angry	0.552	0.000	0.002	0.038	0.050	0.003	0.354
neutral	0.390	0.000	0.002	0.061	0.058	0.004	0.485
neutral	0.263	0.000	0.001	0.058	0.045	0.001	0.633
neutral	0.284	0.000	0.001	0.067	0.050	0.003	0.595
neutral	0.232	0.000	0.002	0.043	0.049	0.002	0.672
neutral	0.203	0.000	0.001	0.033	0.049	0.002	0.712
neutral	0.427	0.000	0.002	0.029	0.050	0.003	0.490
angry	0.517	0.000	0.002	0.050	0.054	0.004	0.373
neutral	0.405	0.000	0.003	0.064	0.103	0.003	0.422
neutral	0.369	0.000	0.003	0.075	0.083	0.004	0.466
neutral	0.376	0.000	0.003	0.087	0.073	0.003	0.459
angry	0.459	0.000	0.004	0.032	0.101	0.003	0.401
angry	0.481	0.000	0.004	0.062	0.073	0.005	0.375
neutral	0.408	0.000	0.002	0.050	0.038	0.007	0.495
neutral	0.283	0.000	0.001	0.071	0.053	0.001	0.591
neutral	0.279	0.000	0.001	0.072	0.072	0.001	0.574
neutral	0.246	0.000	0.002	0.043	0.051	0.002	0.656
neutral	0.303	0.000	0.002	0.035	0.050	0.002	0.608
neutral	0.258	0.000	0.003	0.058	0.070	0.003	0.609
neutral	0.282	0.000	0.002	0.059	0.054	0.003	0.599
neutral	0.365	0.000	0.002	0.030	0.048	0.002	0.553
neutral	0.434	0.000	0.002	0.046	0.045	0.005	0.469
neutral	0.360	0.000	0.002	0.033	0.040	0.003	0.564
neutral	0.372	0.000	0.002	0.033	0.037	0.007	0.549
angry	0.489	0.000	0.001	0.026	0.048	0.003	0.433
neutral	0.400	0.000	0.001	0.044	0.043	0.005	0.507
angry	0.542	0.000	0.001	0.017	0.055	0.002	0.383
neutral	0.389	0.000	0.003	0.066	0.040	0.005	0.498
neutral	0.242	0.000	0.002	0.058	0.034	0.003	0.660
neutral	0.413	0.000	0.001	0.036	0.037	0.002	0.511
neutral	0.439	0.000	0.001	0.024	0.038	0.002	0.496
neutral	0.255	0.000	0.002	0.025	0.032	0.012	0.674
neutral	0.259	0.000	0.002	0.037	0.058	0.002	0.641
neutral	0.398	0.000	0.002	0.039	0.039	0.004	0.518
neutral	0.302	0.000	0.002	0.042	0.034	0.007	0.613
neutral	0.273	0.000	0.002	0.039	0.041	0.003	0.642
neutral	0.322	0.000	0.002	0.052	0.031	0.005	0.589
neutral	0.367	0.000	0.003	0.029	0.061	0.002	0.538
neutral	0.312	0.000	0.008	0.028	0.195	0.002	0.456
neutral	0.338	0.000	0.004	0.047	0.092	0.003	0.515
angry	0.445	0.000	0.004	0.038	0.090	0.002	0.421
neutral	0.267	0.000	0.003	0.044	0.054	0.002	0.629
neutral	0.375	0.000	0.002	0.068	0.042	0.010	0.502
neutral	0.316	0.000	0.002	0.069	0.054	0.007	0.551
neutral	0.429	0.000	0.002	0.086	0.043	0.006	0.435
neutral	0.377	0.000	0.002	0.066	0.045	0.008	0.503
neutral	0.412	0.000	0.002	0.050	0.044	0.002	0.490
neutral	0.406	0.000	0.002	0.079	0.048	0.008	0.457
neutral	0.427	0.000	0.002	0.069	0.043	0.005	0.454
neutral	0.286	0.000	0.002	0.055	0.060	0.003	0.595
neutral	0.220	0.000	0.004	0.031	0.070	0.004	0.671
neutral	0.403	0.000	0.006	0.044	0.124	0.003	0.420
neutral	0.319	0.000	0.003	0.055	0.044	0.005	0.575
neutral	0.391	0.000	0.003	0.050	0.059	0.004	0.493
neutral	0.311	0.000	0.001	0.052	0.089	0.001	0.545
neutral	0.268	0.000	0.001	0.039	0.080	0.001	0.611
neutral	0.381	0.000	0.003	0.059	0.067	0.003	0.488
neutral	0.225	0.000	0.003	0.047	0.080	0.001	0.645
neutral	0.428	0.000	0.002	0.042	0.051	0.003	0.474
neutral	0.288	0.000	0.002	0.053	0.058	0.002	0.598
neutral	0.232	0.000	0.003	0.043	0.076	0.001	0.645
neutral	0.338	0.000	0.001	0.029	0.059	0.001	0.572
neutral	0.248	0.000	0.001	0.042	0.084	0.001	0.624
neutral	0.215	0.000	0.002	0.013	0.072	0.001	0.697
neutral	0.270	0.000	0.002	0.023	0.075	0.001	0.629
neutral	0.205	0.000	0.002	0.039	0.063	0.002	0.689
neutral	0.224	0.000	0.001	0.051	0.065	0.001	0.657
neutral	0.289	0.000	0.003	0.059	0.062	0.002	0.585
neutral	0.417	0.000	0.002	0.039	0.038	0.003	0.502
neutral	0.256	0.000	0.002	0.042	0.054	0.001	0.645
neutral	0.226	0.000	0.003	0.057	0.058	0.001	0.656
neutral	0.272	0.000	0.004	0.057	0.083	0.002	0.583
neutral	0.193	0.000	0.008	0.032	0.174	0.001	0.592
neutral	0.286	0.000	0.004	0.126	0.101	0.002	0.480
neutral	0.211	0.000	0.002	0.105	0.070	0.001	0.610
neutral	0.365	0.000	0.003	0.080	0.088	0.001	0.463
neutral	0.269	0.000	0.002	0.095	0.076	0.001	0.557
neutral	0.370	0.000	0.003	0.078	0.092	0.002	0.454
neutral	0.256	0.000	0.001	0.038	0.061	0.001	0.642
neutral	0.302	0.000	0.003	0.077	0.063	0.002	0.553
neutral	0.222	0.000	0.002	0.061	0.064	0.001	0.648
neutral	0.264	0.000	0.005	0.056	0.105	0.001	0.568
neutral	0.176	0.000	0.006	0.050	0.127	0.001	0.640
neutral	0.208	0.000	0.007	0.070	0.065	0.001	0.649
neutral	0.217	0.000	0.003	0.042	0.083	0.001	0.654
neutral	0.225	0.000	0.004	0.042	0.066	0.001	0.663
neutral	0.204	0.000	0.002	0.051	0.037	0.001	0.705
neutral	0.290	0.000	0.003	0.059	0.060	0.001	0.587
neutral	0.306	0.000	0.002	0.030	0.060	0.002	0.599
neutral	0.426	0.000	0.002	0.032	0.052	0.001	0.487
neutral	0.434	0.000	0.003	0.035	0.045	0.001	0.482
neutral	0.403	0.000	0.002	0.027	0.044	0.001	0.523
angry	0.498	0.000	0.002	0.029	0.070	0.001	0.399
angry	0.482	0.000	0.002	0.025	0.070	0.001	0.419
neutral	0.380	0.000	0.003	0.022	0.061	0.001	0.533
neutral	0.205	0.000	0.007	0.044	0.092	0.001	0.652
neutral	0.181	0.000	0.006	0.069	0.050	0.001	0.693
