prediction	angry	disgust	fear	happy	sad	surprise	neutral
neutral	0.075	0.000	0.001	0.311	0.084	0.000	0.528
neutral	0.160	0.000	0.003	0.334	0.095	0.000	0.407
neutral	0.083	0.000	0.001	0.302	0.114	0.000	0.499
neutral	0.105	0.000	0.001	0.364	0.105	0.000	0.425
happy	0.124	0.000	0.000	0.526	0.042	0.000	0.308
neutral	0.075	0.000	0.000	0.232	0.080	0.000	0.612
neutral	0.079	0.000	0.000	0.265	0.040	0.000	0.615
neutral	0.063	0.000	0.001	0.347	0.051	0.000	0.538
neutral	0.110	0.000	0.002	0.277	0.134	0.000	0.476
neutral	0.052	0.000	0.003	0.257	0.088	0.000	0.600
happy	0.036	0.000	0.001	0.518	0.096	0.000	0.348
neutral	0.048	0.000	0.006	0.298	0.186	0.000	0.462
neutral	0.038	0.000	0.002	0.379	0.117	0.000	0.463
neutral	0.030	0.000	0.001	0.311	0.119	0.000	0.538
neutral	0.039	0.000	0.002	0.278	0.095	0.000	0.585
neutral	0.025	0.000	0.002	0.237	0.099	0.000	0.637
neutral	0.020	0.000	0.002	0.293	0.130	0.000	0.554
neutral	0.043	0.000	0.001	0.134	0.148	0.000	0.674
neutral	0.037	0.000	0.002	0.090	0.134	0.000	0.738
neutral	0.032	0.000	0.001	0.219	0.133	0.000	0.615
happy	0.014	0.000	0.000	0.679	0.034	0.000	0.273
neutral	0.049	0.000	0.003	0.133	0.111	0.000	0.704
neutral	0.083	0.000	0.003	0.279	0.113	0.000	0.522
neutral	0.103	0.000	0.003	0.174	0.215	0.000	0.504
neutral	0.026	0.000	0.002	0.292	0.076	0.000	0.604
neutral	0.067	0.000	0.002	0.241	0.108	0.000	0.583
happy	0.029	0.000	0.001	0.582	0.046	0.000	0.342
happy	0.045	0.000	0.000	0.516	0.057	0.000	0.382
neutral	0.019	0.000	0.001	0.449	0.051	0.000	0.480
happy	0.017	0.000	0.000	0.614	0.042	0.000	0.325
happy	0.032	0.000	0.000	0.591	0.053	0.000	0.324
happy	0.019	0.000	0.000	0.786	0.053	0.000	0.142
happy	0.047	0.000	0.000	0.758	0.050	0.000	0.145
neutral	0.076	0.000	0.001	0.374	0.085	0.000	0.463
happy	0.117	0.000	0.001	0.551	0.088	0.000	0.242
happy	0.031	0.000	0.000	0.750	0.030	0.000	0.189
happy	0.018	0.000	0.000	0.789	0.013	0.000	0.180
happy	0.066	0.000	0.000	0.573	0.046	0.000	0.314
happy	0.056	0.000	0.000	0.623	0.023	0.000	0.298
happy	0.014	0.000	0.000	0.810	0.015	0.000	0.161
happy	0.038	0.000	0.000	0.644	0.030	0.000	0.289
happy	0.029	0.000	0.001	0.488	0.024	0.000	0.458
happy	0.005	0.000	0.000	0.951	0.003	0.000	0.040
happy	0.000	0.000	0.000	0.995	0.000	0.000	0.005
happy	0.000	0.000	0.000	0.999	0.000	0.000	0.001
happy	0.001	0.000	0.000	0.982	0.000	0.000	0.016
happy	0.003	0.000	0.000	0.988	0.000	0.000	0.009
happy	0.003	0.000	0.000	0.994	0.000	0.000	0.003
happy	0.001	0.000	0.000	0.998	0.000	0.000	0.001
happy	0.002	0.000	0.000	0.991	0.000	0.000	0.006
happy	0.000	0.000	0.000	0.999	0.000	0.000	0.001
happy	0.001	0.000	0.000	0.996	0.000	0.000	0.003
happy	0.001	0.000	0.000	0.989	0.000	0.000	0.010
happy	0.007	0.000	0.000	0.983	0.000	0.000	0.010
happy	0.005	0.000	0.000	0.984	0.000	0.000	0.010
happy	0.014	0.000	0.000	0.942	0.001	0.001	0.042
happy	0.001	0.000	0.000	0.995	0.000	0.000	0.003
happy	0.002	0.000	0.000	0.993	0.000	0.000	0.005
happy	0.004	0.000	0.000	0.990	0.000	0.000	0.006
happy	0.002	0.000	0.000	0.996	0.000	0.000	0.002
happy	0.001	0.000	0.000	0.996	0.000	0.000	0.003
happy	0.004	0.000	0.000	0.990	0.000	0.000	0.006
happy	0.003	0.000	0.000	0.983	0.000	0.000	0.014
happy	0.012	0.000	0.000	0.946	0.001	0.000	0.040
happy	0.009	0.000	0.000	0.967	0.001	0.000	0.023
happy	0.009	0.000	0.000	0.963	0.001	0.000	0.027
happy	0.004	0.000	0.000	0.983	0.000	0.000	0.012
happy	0.002	0.000	0.000	0.986	0.000	0.000	0.012
happy	0.000	0.000	0.000	0.998	0.000	0.000	0.002
happy	0.001	0.000	0.000	0.989	0.001	0.000	0.008
happy	0.001	0.000	0.000	0.992	0.000	0.000	0.007
happy	0.000	0.000	0.000	0.993	0.000	0.000	0.006
happy	0.001	0.000	0.000	0.997	0.000	0.000	0.001
happy	0.000	0.000	0.000	0.998	0.000	0.000	0.001
happy	0.000	0.000	0.000	0.999	0.000	0.000	0.001
happy	0.000	0.000	0.000	0.999	0.000	0.000	0.001
happy	0.001	0.000	0.000	0.997	0.000	0.000	0.002
happy	0.000	0.000	0.000	0.999	0.000	0.000	0.001
happy	0.000	0.000	0.000	0.997	0.000	0.000	0.003
happy	0.001	0.000	0.000	0.990	0.000	0.000	0.009
happy	0.003	0.000	0.000	0.976	0.001	0.000	0.020
happy	0.000	0.000	0.000	0.990	0.000	0.000	0.009
happy	0.001	0.000	0.000	0.989	0.000	0.000	0.010
happy	0.000	0.000	0.000	0.989	0.000	0.000	0.011
happy	0.000	0.000	0.000	0.996	0.000	0.000	0.004
happy	0.000	0.000	0.000	0.998	0.000	0.000	0.002
happy	0.000	0.000	0.000	0.996	0.000	0.000	0.003
happy	0.000	0.000	0.000	0.997	0.000	0.000	0.003
happy	0.000	0.000	0.000	0.998	0.000	0.000	0.001
happy	0.001	0.000	0.000	0.995	0.000	0.000	0.004
happy	0.001	0.000	0.000	0.985	0.000	0.000	0.014
happy	0.001	0.000	0.000	0.988	0.000	0.000	0.010
happy	0.001	0.000	0.000	0.979	0.000	0.000	0.020
happy	0.001	0.000	0.000	0.988	0.000	0.000	0.011
happy	0.001	0.000	0.000	0.993	0.000	0.000	0.006
happy	0.001	0.000	0.000	0.994	0.000	0.000	0.005
happy	0.002	0.000	0.000	0.988	0.000	0.000	0.010
happy	0.001	0.000	0.000	0.991	0.000	0.000	0.007
happy	0.002	0.000	0.000	0.973	0.001	0.000	0.024
happy	0.005	0.000	0.000	0.977	0.001	0.000	0.018
happy	0.002	0.000	0.000	0.988	0.000	0.000	0.010
happy	0.001	0.000	0.000	0.988	0.000	0.000	0.010
happy	0.001	0.000	0.000	0.990	0.000	0.000	0.009
happy	0.004	0.000	0.000	0.973	0.000	0.000	0.023
happy	0.002	0.000	0.000	0.984	0.001	0.000	0.013
happy	0.002	0.000	0.000	0.985	0.001	0.000	0.013
happy	0.002	0.000	0.000	0.974	0.001	0.000	0.023
happy	0.002	0.000	0.000	0.987	0.000	0.000	0.011
happy	0.004	0.000	0.000	0.979	0.001	0.000	0.016
happy	0.002	0.000	0.000	0.987	0.000	0.000	0.011
happy	0.003	0.000	0.000	0.986	0.000	0.000	0.011
happy	0.005	0.000	0.000	0.967	0.001	0.000	0.027
happy	0.015	0.000	0.000	0.940	0.003	0.000	0.041
happy	0.004	0.000	0.000	0.970	0.002	0.000	0.024
happy	0.002	0.000	0.000	0.986	0.000	0.000	0.012
happy	0.002	0.000	0.000	0.984	0.001	0.000	0.013
happy	0.001	0.000	0.000	0.991	0.000	0.000	0.007
happy	0.005	0.000	0.000	0.966	0.001	0.000	0.028
happy	0.008	0.000	0.000	0.968	0.001	0.000	0.022
happy	0.001	0.000	0.000	0.981	0.000	0.000	0.017
happy	0.002	0.000	0.000	0.988	0.000	0.000	0.011
happy	0.006	0.000	0.000	0.981	0.001	0.000	0.012
happy	0.002	0.000	0.000	0.983	0.000	0.000	0.014
happy	0.004	0.000	0.000	0.972	0.001	0.001	0.022
happy	0.004	0.000	0.000	0.981	0.000	0.000	0.014
happy	0.004	0.000	0.000	0.976	0.001	0.000	0.020
happy	0.006	0.000	0.000	0.960	0.001	0.000	0.033
happy	0.006	0.000	0.000	0.966	0.001	0.000	0.028
happy	0.001	0.000	0.000	0.992	0.000	0.000	0.008
happy	0.001	0.000	0.000	0.986	0.000	0.000	0.012
happy	0.004	0.000	0.000	0.967	0.001	0.000	0.028
happy	0.006	0.000	0.000	0.954	0.002	0.000	0.037
happy	0.003	0.000	0.000	0.962	0.001	0.000	0.034
happy	0.005	0.000	0.000	0.950	0.001	0.000	0.044
happy	0.002	0.000	0.000	0.987	0.000	0.000	0.011
happy	0.001	0.000	0.000	0.987	0.000	0.000	0.011
happy	0.002	0.000	0.000	0.969	0.002	0.000	0.027
happy	0.006	0.000	0.000	0.962	0.000	0.000	0.031
happy	0.008	0.000	0.000	0.964	0.001	0.000	0.026
happy	0.003	0.000	0.000	0.961	0.000	0.000	0.035
happy	0.002	0.000	0.000	0.989	0.000	0.000	0.009
happy	0.006	0.000	0.000	0.959	0.001	0.000	0.034
happy	0.004	0.000	0.000	0.970	0.001	0.000	0.026
happy	0.011	0.000	0.000	0.945	0.002	0.000	0.043
happy	0.005	0.000	0.000	0.968	0.001	0.000	0.026
happy	0.004	0.000	0.000	0.969	0.001	0.000	0.026
happy	0.006	0.000	0.000	0.948	0.001	0.000	0.045
happy	0.003	0.000	0.000	0.973	0.000	0.000	0.024
happy	0.006	0.000	0.000	0.960	0.001	0.000	0.033
happy	0.018	0.000	0.000	0.859	0.004	0.000	0.118
happy	0.011	0.000	0.000	0.936	0.001	0.000	0.053
happy	0.007	0.000	0.000	0.943	0.001	0.000	0.049
happy	0.004	0.000	0.000	0.956	0.001	0.000	0.040
happy	0.012	0.000	0.000	0.916	0.004	0.000	0.068
happy	0.001	0.000	0.000	0.951	0.001	0.000	0.046
happy	0.014	0.000	0.000	0.882	0.004	0.000	0.100
happy	0.004	0.000	0.000	0.971	0.001	0.000	0.024
happy	0.005	0.000	0.000	0.950	0.001	0.000	0.043
happy	0.009	0.000	0.000	0.927	0.001	0.000	0.063
happy	0.006	0.000	0.000	0.957	0.001	0.000	0.036
happy	0.005	0.000	0.000	0.878	0.003	0.001	0.114
happy	0.008	0.000	0.000	0.897	0.003	0.000	0.091
happy	0.030	0.000	0.000	0.787	0.004	0.000	0.179
happy	0.004	0.000	0.000	0.956	0.000	0.000	0.040
happy	0.022	0.000	0.000	0.862	0.003	0.000	0.113
happy	0.007	0.000	0.000	0.947	0.000	0.000	0.045
happy	0.013	0.000	0.000	0.813	0.003	0.000	0.170
happy	0.003	0.000	0.000	0.965	0.001	0.000	0.032
happy	0.009	0.000	0.000	0.877	0.004	0.000	0.110
happy	0.002	0.000	0.000	0.962	0.001	0.000	0.035
happy	0.004	0.000	0.000	0.878	0.003	0.000	0.114
happy	0.035	0.000	0.000	0.807	0.010	0.000	0.147
happy	0.002	0.000	0.000	0.967	0.001	0.000	0.029
happy	0.003	0.000	0.000	0.910	0.002	0.000	0.085
happy	0.007	0.000	0.000	0.881	0.006	0.000	0.106
happy	0.008	0.000	0.000	0.820	0.008	0.000	0.164
happy	0.007	0.000	0.000	0.871	0.005	0.000	0.116
happy	0.005	0.000	0.000	0.909	0.004	0.000	0.082
happy	0.009	0.000	0.000	0.915	0.001	0.000	0.074
happy	0.009	0.000	0.000	0.913	0.002	0.000	0.076
happy	0.005	0.000	0.000	0.877	0.003	0.000	0.115
happy	0.005	0.000	0.000	0.962	0.001	0.000	0.031
happy	0.007	0.000	0.000	0.955	0.001	0.000	0.036
happy	0.031	0.000	0.000	0.857	0.004	0.000	0.108
happy	0.006	0.000	0.000	0.947	0.001	0.000	0.046
happy	0.012	0.000	0.000	0.942	0.002	0.000	0.044
happy	0.004	0.000	0.000	0.967	0.002	0.000	0.027
happy	0.002	0.000	0.000	0.953	0.001	0.000	0.043
happy	0.007	0.000	0.000	0.912	0.005	0.000	0.076
happy	0.004	0.000	0.000	0.972	0.001	0.000	0.024
happy	0.014	0.000	0.000	0.952	0.001	0.000	0.034
happy	0.008	0.000	0.000	0.928	0.001	0.000	0.063
happy	0.013	0.000	0.000	0.928	0.002	0.000	0.056
happy	0.002	0.000	0.000	0.945	0.002	0.000	0.052
happy	0.003	0.000	0.000	0.952	0.003	0.000	0.042
happy	0.004	0.000	0.000	0.895	0.006	0.000	0.095
happy	0.001	0.000	0.000	0.946	0.002	0.000	0.051
happy	0.002	0.000	0.000	0.977	0.001	0.000	0.020
happy	0.002	0.000	0.000	0.960	0.001	0.000	0.036
happy	0.005	0.000	0.000	0.951	0.002	0.000	0.042
happy	0.005	0.000	0.000	0.949	0.003	0.000	0.042
happy	0.004	0.000	0.000	0.913	0.003	0.000	0.080
happy	0.002	0.000	0.000	0.924	0.002	0.000	0.071
happy	0.004	0.000	0.000	0.969	0.001	0.000	0.027
happy	0.003	0.000	0.000	0.927	0.003	0.000	0.067
happy	0.001	0.000	0.000	0.979	0.000	0.000	0.020
happy	0.001	0.000	0.000	0.988	0.000	0.000	0.011
happy	0.001	0.000	0.000	0.984	0.000	0.000	0.015
happy	0.001	0.000	0.000	0.985	0.000	0.000	0.014
happy	0.001	0.000	0.000	0.977	0.000	0.000	0.022
happy	0.001	0.000	0.000	0.981	0.000	0.000	0.017
happy	0.001	0.000	0.000	0.974	0.000	0.000	0.024
happy	0.001	0.000	0.000	0.969	0.001	0.000	0.028
happy	0.002	0.000	0.000	0.958	0.001	0.000	0.040
happy	0.002	0.000	0.000	0.968	0.000	0.000	0.029
happy	0.002	0.000	0.000	0.983	0.000	0.000	0.014
happy	0.002	0.000	0.000	0.957	0.001	0.000	0.040
happy	0.001	0.000	0.000	0.983	0.000	0.000	0.016
happy	0.006	0.000	0.000	0.936	0.002	0.000	0.055
happy	0.002	0.000	0.000	0.967	0.001	0.000	0.031
happy	0.007	0.000	0.000	0.973	0.001	0.001	0.018
happy	0.002	0.000	0.000	0.939	0.000	0.000	0.058
happy	0.005	0.000	0.000	0.938	0.001	0.000	0.055
happy	0.002	0.000	0.000	0.959	0.001	0.000	0.038
happy	0.003	0.000	0.000	0.952	0.001	0.000	0.044
happy	0.004	0.000	0.000	0.959	0.001	0.000	0.036
happy	0.004	0.000	0.000	0.962	0.001	0.000	0.032
happy	0.003	0.000	0.000	0.948	0.001	0.000	0.048
happy	0.004	0.000	0.000	0.958	0.001	0.000	0.036
happy	0.001	0.000	0.000	0.970	0.001	0.000	0.028
happy	0.003	0.000	0.000	0.961	0.001	0.000	0.035
happy	0.002	0.000	0.000	0.968	0.001	0.000	0.029
happy	0.005	0.000	0.000	0.961	0.002	0.000	0.033
happy	0.004	0.000	0.000	0.948	0.001	0.000	0.047
happy	0.003	0.000	0.000	0.964	0.000	0.000	0.032
happy	0.003	0.000	0.000	0.958	0.001	0.000	0.037
happy	0.002	0.000	0.000	0.957	0.000	0.000	0.040
happy	0.003	0.000	0.000	0.947	0.001	0.000	0.049
happy	0.005	0.000	0.000	0.944	0.001	0.000	0.050
happy	0.002	0.000	0.000	0.963	0.000	0.000	0.034
happy	0.001	0.000	0.000	0.953	0.001	0.000	0.045
happy	0.006	0.000	0.000	0.936	0.001	0.000	0.057
happy	0.003	0.000	0.000	0.963	0.001	0.000	0.033
happy	0.006	0.000	0.000	0.949	0.001	0.000	0.044
happy	0.003	0.000	0.000	0.949	0.001	0.000	0.047
happy	0.008	0.000	0.000	0.893	0.004	0.000	0.095
happy	0.002	0.000	0.000	0.964	0.001	0.000	0.033
happy	0.006	0.000	0.000	0.894	0.003	0.000	0.097
happy	0.002	0.000	0.000	0.933	0.001	0.000	0.063
happy	0.001	0.000	0.000	0.975	0.000	0.000	0.023
happy	0.003	0.000	0.000	0.956	0.000	0.000	0.041
happy	0.004	0.000	0.000	0.949	0.001	0.000	0.046
happy	0.003	0.000	0.000	0.947	0.001	0.000	0.049
happy	0.002	0.000	0.000	0.941	0.001	0.000	0.056
happy	0.006	0.000	0.000	0.978	0.000	0.000	0.015
happy	0.002	0.000	0.000	0.952	0.001	0.000	0.045
happy	0.001	0.000	0.000	0.943	0.001	0.000	0.054
happy	0.002	0.000	0.000	0.978	0.001	0.000	0.019
happy	0.005	0.000	0.000	0.934	0.002	0.000	0.058
happy	0.020	0.000	0.000	0.897	0.005	0.000	0.078
happy	0.032	0.000	0.000	0.580	0.049	0.000	0.338
happy	0.036	0.000	0.001	0.492	0.064	0.000	0.407
happy	0.029	0.000	0.000	0.703	0.030	0.000	0.237
happy	0.054	0.000	0.000	0.565	0.053	0.000	0.328
neutral	0.042	0.000	0.000	0.338	0.069	0.000	0.550
happy	0.027	0.000	0.000	0.661	0.017	0.000	0.294
neutral	0.034	0.000	0.000	0.310	0.053	0.000	0.602
neutral	0.083	0.000	0.000	0.246	0.046	0.000	0.624
neutral	0.056	0.000	0.000	0.037	0.028	0.000	0.879
neutral	0.041	0.000	0.001	0.269	0.036	0.000	0.652
happy	0.018	0.000	0.000	0.558	0.010	0.000	0.415
neutral	0.027	0.000	0.001	0.320	0.033	0.000	0.621
happy	0.008	0.000	0.000	0.803	0.004	0.000	0.185
neutral	0.016	0.000	0.000	0.346	0.017	0.000	0.621
happy	0.014	0.000	0.000	0.569	0.019	0.000	0.398
happy	0.004	0.000	0.000	0.906	0.004	0.000	0.086
neutral	0.035	0.000	0.000	0.151	0.021	0.000	0.793
happy	0.003	0.000	0.000	0.928	0.005	0.000	0.064
neutral	0.078	0.000	0.001	0.196	0.041	0.000	0.684
happy	0.033	0.000	0.000	0.597	0.011	0.000	0.359
happy	0.002	0.000	0.000	0.963	0.002	0.000	0.033
happy	0.006	0.000	0.000	0.938	0.002	0.000	0.054
happy	0.002	0.000	0.000	0.962	0.003	0.000	0.033
happy	0.003	0.000	0.000	0.950	0.003	0.000	0.044
happy	0.002	0.000	0.000	0.964	0.002	0.000	0.032
happy	0.017	0.000	0.000	0.865	0.004	0.000	0.114
happy	0.003	0.000	0.000	0.900	0.002	0.000	0.094
happy	0.034	0.000	0.000	0.617	0.005	0.000	0.343
happy	0.011	0.000	0.000	0.908	0.003	0.000	0.078
happy	0.013	0.000	0.000	0.912	0.004	0.000	0.071
happy	0.017	0.000	0.000	0.844	0.004	0.000	0.135
happy	0.016	0.000	0.000	0.850	0.003	0.000	0.131
happy	0.021	0.000	0.000	0.666	0.012	0.000	0.301
happy	0.009	0.000	0.000	0.843	0.008	0.000	0.139
happy	0.007	0.000	0.000	0.908	0.004	0.000	0.081
happy	0.030	0.000	0.000	0.562	0.005	0.000	0.402
happy	0.004	0.000	0.000	0.947	0.002	0.000	0.046
happy	0.022	0.000	0.000	0.809	0.005	0.000	0.164
happy	0.008	0.000	0.000	0.941	0.001	0.000	0.050
happy	0.006	0.000	0.000	0.950	0.002	0.000	0.041
happy	0.016	0.000	0.000	0.875	0.005	0.000	0.104
happy	0.022	0.000	0.000	0.768	0.006	0.000	0.203
happy	0.004	0.000	0.000	0.924	0.004	0.000	0.068
happy	0.011	0.000	0.000	0.791	0.005	0.000	0.193
neutral	0.039	0.000	0.000	0.453	0.010	0.000	0.498
happy	0.007	0.000	0.000	0.834	0.006	0.000	0.152
happy	0.006	0.000	0.000	0.934	0.004	0.000	0.057
happy	0.016	0.000	0.000	0.792	0.010	0.000	0.182
happy	0.007	0.000	0.000	0.911	0.003	0.000	0.079
happy	0.020	0.000	0.000	0.866	0.005	0.000	0.110
happy	0.041	0.000	0.000	0.723	0.009	0.000	0.227
happy	0.025	0.000	0.000	0.687	0.006	0.000	0.282
happy	0.098	0.000	0.000	0.493	0.013	0.000	0.395
happy	0.011	0.000	0.000	0.840	0.004	0.000	0.145
happy	0.011	0.000	0.000	0.909	0.003	0.000	0.077
happy	0.009	0.000	0.000	0.911	0.004	0.000	0.077
happy	0.025	0.000	0.000	0.813	0.006	0.000	0.156
happy	0.018	0.000	0.000	0.849	0.007	0.000	0.125
happy	0.015	0.000	0.000	0.823	0.011	0.000	0.150
happy	0.004	0.000	0.000	0.910	0.004	0.000	0.081
happy	0.015	0.000	0.000	0.834	0.009	0.000	0.141
happy	0.061	0.000	0.000	0.582	0.014	0.000	0.343
happy	0.039	0.000	0.000	0.798	0.006	0.000	0.156
happy	0.007	0.000	0.000	0.937	0.002	0.000	0.054
happy	0.009	0.000	0.000	0.929	0.003	0.000	0.059
happy	0.024	0.000	0.000	0.857	0.009	0.000	0.110
happy	0.012	0.000	0.000	0.828	0.004	0.000	0.156
happy	0.011	0.000	0.000	0.921	0.002	0.000	0.067
happy	0.004	0.000	0.000	0.962	0.001	0.000	0.033
happy	0.016	0.000	0.000	0.792	0.005	0.000	0.187
happy	0.005	0.000	0.000	0.920	0.002	0.000	0.073
happy	0.010	0.000	0.000	0.887	0.004	0.000	0.099
happy	0.021	0.000	0.000	0.703	0.006	0.000	0.269
happy	0.008	0.000	0.000	0.891	0.005	0.000	0.095
happy	0.031	0.000	0.000	0.667	0.006	0.000	0.297
happy	0.007	0.000	0.000	0.907	0.007	0.000	0.079
happy	0.016	0.000	0.000	0.878	0.009	0.000	0.097
happy	0.009	0.000	0.000	0.891	0.004	0.000	0.096
happy	0.008	0.000	0.000	0.844	0.006	0.000	0.141
happy	0.004	0.000	0.000	0.941	0.002	0.000	0.053
happy	0.012	0.000	0.000	0.918	0.002	0.000	0.069
happy	0.005	0.000	0.000	0.913	0.001	0.000	0.081
happy	0.007	0.000	0.000	0.951	0.001	0.000	0.041
happy	0.062	0.000	0.000	0.576	0.009	0.000	0.353
happy	0.009	0.000	0.000	0.907	0.001	0.000	0.082
happy	0.016	0.000	0.000	0.821	0.005	0.000	0.159
happy	0.012	0.000	0.000	0.922	0.003	0.000	0.063
happy	0.009	0.000	0.000	0.922	0.002	0.000	0.067
happy	0.007	0.000	0.000	0.949	0.001	0.000	0.043
happy	0.006	0.000	0.000	0.958	0.000	0.000	0.036
happy	0.003	0.000	0.000	0.956	0.000	0.000	0.041
happy	0.001	0.000	0.000	0.985	0.000	0.000	0.014
happy	0.000	0.000	0.000	0.989	0.000	0.000	0.010
happy	0.000	0.000	0.000	0.996	0.000	0.000	0.003
happy	0.000	0.000	0.000	0.997	0.000	0.000	0.003
happy	0.000	0.000	0.000	0.993	0.000	0.000	0.006
happy	0.000	0.000	0.000	0.992	0.000	0.000	0.007
happy	0.000	0.000	0.000	0.993	0.000	0.000	0.007
happy	0.000	0.000	0.000	0.996	0.000	0.000	0.004
happy	0.000	0.000	0.000	0.992	0.000	0.000	0.007
happy	0.001	0.000	0.000	0.991	0.000	0.000	0.008
happy	0.001	0.000	0.000	0.994	0.000	0.000	0.005
happy	0.001	0.000	0.000	0.992	0.000	0.000	0.007
happy	0.001	0.000	0.000	0.996	0.000	0.000	0.003
happy	0.001	0.000	0.000	0.995	0.000	0.000	0.004
happy	0.000	0.000	0.000	0.992	0.000	0.000	0.007
happy	0.001	0.000	0.000	0.988	0.000	0.000	0.011
happy	0.001	0.000	0.000	0.991	0.000	0.000	0.009
happy	0.000	0.000	0.000	0.995	0.000	0.000	0.005
happy	0.001	0.000	0.000	0.994	0.000	0.000	0.006
happy	0.000	0.000	0.000	0.993	0.000	0.000	0.007
happy	0.001	0.000	0.000	0.993	0.000	0.000	0.006
happy	0.004	0.000	0.000	0.960	0.001	0.000	0.035
happy	0.004	0.000	0.000	0.973	0.001	0.000	0.022
happy	0.002	0.000	0.000	0.985	0.001	0.000	0.012
happy	0.007	0.000	0.000	0.970	0.001	0.000	0.022
happy	0.002	0.000	0.000	0.990	0.001	0.000	0.007
happy	0.004	0.000	0.000	0.983	0.001	0.000	0.011
happy	0.000	0.000	0.000	0.998	0.000	0.000	0.002
happy	0.004	0.000	0.000	0.986	0.000	0.000	0.010
happy	0.001	0.000	0.000	0.994	0.000	0.000	0.005
happy	0.001	0.000	0.000	0.992	0.000	0.000	0.006
happy	0.001	0.000	0.000	0.993	0.000	0.000	0.005
happy	0.001	0.000	0.000	0.993	0.000	0.000	0.006
happy	0.002	0.000	0.000	0.988	0.000	0.000	0.010
happy	0.002	0.000	0.000	0.984	0.000	0.000	0.013
happy	0.001	0.000	0.000	0.991	0.000	0.000	0.007
happy	0.002	0.000	0.000	0.992	0.000	0.000	0.006
happy	0.002	0.000	0.000	0.986	0.001	0.000	0.011
happy	0.001	0.000	0.000	0.995	0.000	0.000	0.004
happy	0.002	0.000	0.000	0.989	0.000	0.000	0.008
happy	0.015	0.000	0.000	0.961	0.002	0.001	0.020
happy	0.003	0.000	0.000	0.982	0.001	0.000	0.014
happy	0.003	0.000	0.000	0.986	0.000	0.000	0.010
happy	0.012	0.000	0.000	0.950	0.003	0.001	0.034
happy	0.003	0.000	0.000	0.983	0.001	0.000	0.013
happy	0.003	0.000	0.000	0.990	0.001	0.000	0.007
happy	0.012	0.000	0.000	0.922	0.003	0.001	0.063
happy	0.002	0.000	0.000	0.993	0.000	0.000	0.004
happy	0.005	0.000	0.000	0.983	0.001	0.000	0.011
happy	0.005	0.000	0.000	0.982	0.002	0.000	0.011
happy	0.006	0.000	0.000	0.978	0.002	0.000	0.013
happy	0.006	0.000	0.000	0.970	0.001	0.000	0.022
happy	0.008	0.000	0.000	0.972	0.001	0.000	0.019
happy	0.007	0.000	0.000	0.963	0.001	0.000	0.028
happy	0.016	0.000	0.000	0.935	0.002	0.001	0.045
happy	0.024	0.000	0.000	0.907	0.004	0.001	0.063
happy	0.038	0.000	0.000	0.822	0.004	0.001	0.136
happy	0.015	0.000	0.000	0.919	0.002	0.001	0.063
happy	0.014	0.000	0.000	0.887	0.002	0.000	0.096
happy	0.007	0.000	0.000	0.935	0.001	0.000	0.057
happy	0.013	0.000	0.000	0.927	0.002	0.001	0.057
happy	0.011	0.000	0.000	0.950	0.002	0.001	0.036
happy	0.027	0.000	0.000	0.898	0.003	0.001	0.071
happy	0.016	0.000	0.000	0.916	0.008	0.001	0.059
happy	0.019	0.000	0.000	0.921	0.002	0.000	0.058
happy	0.012	0.000	0.000	0.946	0.002	0.000	0.040
happy	0.010	0.000	0.000	0.936	0.002	0.001	0.051
happy	0.009	0.000	0.000	0.938	0.003	0.001	0.049
happy	0.007	0.000	0.000	0.903	0.003	0.000	0.087
happy	0.006	0.000	0.000	0.841	0.003	0.000	0.150
happy	0.003	0.000	0.000	0.938	0.002	0.000	0.057
happy	0.008	0.000	0.000	0.905	0.004	0.000	0.082
happy	0.013	0.000	0.000	0.890	0.007	0.000	0.089
happy	0.011	0.000	0.000	0.918	0.005	0.001	0.065
happy	0.020	0.000	0.000	0.906	0.009	0.000	0.065
happy	0.006	0.000	0.000	0.878	0.003	0.000	0.113
happy	0.012	0.000	0.000	0.899	0.005	0.000	0.083
happy	0.019	0.000	0.000	0.826	0.012	0.001	0.142
happy	0.015	0.000	0.000	0.831	0.013	0.001	0.140
happy	0.013	0.000	0.000	0.859	0.009	0.000	0.118
happy	0.012	0.000	0.000	0.915	0.005	0.001	0.068
happy	0.019	0.000	0.000	0.822	0.011	0.000	0.148
happy	0.008	0.000	0.000	0.947	0.001	0.000	0.043
happy	0.011	0.000	0.000	0.948	0.002	0.000	0.038
happy	0.016	0.000	0.000	0.933	0.005	0.001	0.045
happy	0.020	0.000	0.000	0.734	0.022	0.001	0.223
happy	0.037	0.000	0.000	0.580	0.032	0.000	0.350
neutral	0.034	0.000	0.000	0.453	0.050	0.000	0.463
happy	0.010	0.000	0.000	0.799	0.013	0.000	0.177
happy	0.008	0.000	0.000	0.897	0.004	0.000	0.091
happy	0.012	0.000	0.000	0.920	0.006	0.001	0.061
happy	0.027	0.000	0.000	0.552	0.026	0.000	0.394
happy	0.028	0.000	0.000	0.574	0.026	0.000	0.371
happy	0.042	0.000	0.000	0.554	0.057	0.000	0.346
happy	0.058	0.000	0.000	0.597	0.039	0.000	0.305
happy	0.011	0.000	0.000	0.892	0.006	0.000	0.090
happy	0.022	0.000	0.000	0.811	0.020	0.001	0.146
happy	0.037	0.000	0.000	0.560	0.064	0.000	0.338
happy	0.039	0.000	0.000	0.621	0.047	0.001	0.292
happy	0.032	0.000	0.000	0.732	0.039	0.001	0.196
happy	0.020	0.000	0.000	0.589	0.048	0.000	0.342
happy	0.016	0.000	0.000	0.736	0.028	0.000	0.220
happy	0.019	0.000	0.000	0.815	0.011	0.000	0.155
happy	0.019	0.000	0.000	0.829	0.008	0.000	0.144
happy	0.058	0.000	0.000	0.599	0.067	0.001	0.275
happy	0.016	0.000	0.000	0.891	0.008	0.000	0.085
happy	0.028	0.000	0.000	0.675	0.025	0.000	0.271
happy	0.044	0.000	0.000	0.701	0.030	0.001	0.223
happy	0.028	0.000	0.000	0.701	0.032	0.000	0.239
happy	0.019	0.000	0.000	0.895	0.009	0.000	0.076
happy	0.029	0.000	0.000	0.723	0.018	0.000	0.230
happy	0.034	0.000	0.000	0.757	0.028	0.001	0.180
happy	0.022	0.000	0.000	0.702	0.025	0.000	0.251
happy	0.028	0.000	0.000	0.658	0.030	0.000	0.283
happy	0.032	0.000	0.000	0.702	0.047	0.001	0.218
happy	0.028	0.000	0.000	0.733	0.024	0.001	0.214
happy	0.027	0.000	0.000	0.715	0.025	0.000	0.232
happy	0.027	0.000	0.000	0.787	0.026	0.001	0.159
happy	0.027	0.000	0.000	0.864	0.012	0.001	0.097
happy	0.038	0.000	0.000	0.772	0.039	0.002	0.149
happy	0.016	0.000	0.000	0.909	0.004	0.000	0.070
happy	0.029	0.000	0.000	0.886	0.016	0.001	0.067
happy	0.020	0.000	0.000	0.685	0.033	0.001	0.262
happy	0.026	0.000	0.000	0.818	0.021	0.001	0.134
happy	0.014	0.000	0.000	0.743	0.016	0.001	0.225
happy	0.034	0.000	0.000	0.665	0.046	0.001	0.254
happy	0.007	0.000	0.000	0.900	0.006	0.000	0.087
happy	0.014	0.000	0.000	0.773	0.015	0.001	0.196
happy	0.006	0.000	0.000	0.881	0.007	0.000	0.106
happy	0.008	0.000	0.000	0.710	0.019	0.000	0.262
neutral	0.010	0.000	0.000	0.415	0.033	0.000	0.541
happy	0.008	0.000	0.000	0.639	0.018	0.000	0.333
neutral	0.020	0.000	0.001	0.164	0.055	0.000	0.761
neutral	0.014	0.000	0.001	0.206	0.063	0.000	0.716
happy	0.015	0.000	0.001	0.608	0.057	0.000	0.319
happy	0.037	0.000	0.002	0.509	0.100	0.000	0.352
neutral	0.059	0.000	0.002	0.296	0.132	0.001	0.510
neutral	0.024	0.000	0.001	0.315	0.031	0.000	0.629
neutral	0.091	0.000	0.004	0.325	0.024	0.001	0.555
angry	0.789	0.000	0.030	0.007	0.078	0.032	0.063
happy	0.074	0.000	0.005	0.772	0.018	0.005	0.126
happy	0.039	0.000	0.026	0.568	0.076	0.005	0.285
neutral	0.073	0.000	0.003	0.379	0.027	0.002	0.517
happy	0.032	0.000	0.007	0.585	0.062	0.007	0.307
neutral	0.035	0.000	0.003	0.439	0.030	0.002	0.491
neutral	0.025	0.000	0.002	0.257	0.039	0.004	0.673
neutral	0.018	0.000	0.001	0.121	0.012	0.002	0.846
neutral	0.010	0.000	0.001	0.464	0.008	0.002	0.516
neutral	0.030	0.000	0.001	0.315	0.017	0.008	0.628
happy	0.024	0.000	0.002	0.565	0.015	0.006	0.388
happy	0.021	0.000	0.001	0.524	0.009	0.004	0.442
happy	0.013	0.000	0.000	0.839	0.004	0.001	0.143
happy	0.022	0.000	0.001	0.759	0.014	0.003	0.201
happy	0.020	0.000	0.001	0.846	0.007	0.002	0.124
happy	0.042	0.000	0.002	0.657	0.013	0.003	0.284
happy	0.047	0.000	0.002	0.709	0.010	0.003	0.230
happy	0.042	0.000	0.003	0.622	0.028	0.011	0.294
happy	0.008	0.000	0.001	0.873	0.004	0.002	0.112
happy	0.021	0.000	0.004	0.651	0.018	0.003	0.304
neutral	0.062	0.000	0.005	0.281	0.130	0.003	0.518
neutral	0.079	0.000	0.002	0.358	0.068	0.001	0.492
neutral	0.090	0.000	0.005	0.207	0.175	0.001	0.522
neutral	0.027	0.000	0.003	0.218	0.200	0.001	0.551
neutral	0.020	0.000	0.003	0.089	0.131	0.001	0.756
neutral	0.049	0.000	0.002	0.060	0.228	0.001	0.660
neutral	0.066	0.000	0.003	0.077	0.224	0.000	0.630
neutral	0.061	0.000	0.003	0.091	0.339	0.000	0.505
neutral	0.058	0.000	0.003	0.161	0.183	0.001	0.594
neutral	0.096	0.000	0.008	0.146	0.224	0.001	0.525
happy	0.088	0.000	0.001	0.497	0.074	0.000	0.340
neutral	0.130	0.000	0.008	0.191	0.283	0.001	0.387
neutral	0.113	0.000	0.006	0.195	0.155	0.001	0.530
neutral	0.069	0.000	0.001	0.064	0.080	0.000	0.787
neutral	0.029	0.000	0.000	0.117	0.043	0.000	0.811
neutral	0.050	0.000	0.001	0.162	0.043	0.000	0.743
neutral	0.038	0.000	0.001	0.306	0.029	0.000	0.627
neutral	0.023	0.000	0.000	0.379	0.013	0.000	0.585
neutral	0.032	0.000	0.000	0.240	0.024	0.000	0.703
happy	0.024	0.000	0.000	0.491	0.018	0.000	0.467
happy	0.030	0.000	0.000	0.491	0.019	0.000	0.461
neutral	0.028	0.000	0.001	0.228	0.042	0.000	0.700
neutral	0.027	0.000	0.001	0.328	0.019	0.000	0.625
neutral	0.033	0.000	0.000	0.386	0.024	0.000	0.556
happy	0.008	0.000	0.000	0.627	0.006	0.000	0.360
neutral	0.030	0.000	0.000	0.232	0.021	0.000	0.717
neutral	0.042	0.000	0.000	0.254	0.024	0.000	0.679
neutral	0.042	0.000	0.000	0.302	0.027	0.000	0.629
happy	0.020	0.000	0.001	0.481	0.034	0.000	0.464
neutral	0.025	0.000	0.000	0.347	0.023	0.000	0.605
neutral	0.036	0.000	0.000	0.244	0.040	0.000	0.679
neutral	0.017	0.000	0.000	0.295	0.027	0.000	0.660
neutral	0.034	0.000	0.000	0.427	0.028	0.000	0.511
happy	0.022	0.000	0.000	0.487	0.012	0.000	0.478
neutral	0.020	0.000	0.000	0.298	0.013	0.000	0.669
neutral	0.012	0.000	0.000	0.269	0.013	0.000	0.706
neutral	0.014	0.000	0.000	0.185	0.017	0.000	0.784
neutral	0.021	0.000	0.000	0.361	0.016	0.000	0.602
neutral	0.017	0.000	0.000	0.395	0.014	0.000	0.573
neutral	0.059	0.000	0.000	0.222	0.018	0.000	0.700
neutral	0.025	0.000	0.000	0.315	0.020	0.000	0.639
happy	0.018	0.000	0.000	0.594	0.014	0.000	0.373
happy	0.017	0.000	0.000	0.691	0.012	0.000	0.280
neutral	0.015	0.000	0.000	0.395	0.015	0.000	0.574
neutral	0.026	0.000	0.000	0.437	0.012	0.000	0.524
neutral	0.031	0.000	0.000	0.237	0.018	0.000	0.714
happy	0.011	0.000	0.000	0.792	0.002	0.000	0.195
neutral	0.092	0.000	0.001	0.197	0.075	0.000	0.636
happy	0.026	0.000	0.000	0.935	0.001	0.000	0.038
happy	0.014	0.000	0.000	0.954	0.001	0.000	0.032
happy	0.007	0.000	0.000	0.947	0.000	0.000	0.045
happy	0.007	0.000	0.000	0.921	0.001	0.000	0.071
happy	0.005	0.000	0.000	0.959	0.000	0.000	0.035
happy	0.007	0.000	0.000	0.955	0.001	0.000	0.037
happy	0.004	0.000	0.000	0.974	0.001	0.000	0.020
happy	0.007	0.000	0.000	0.976	0.001	0.000	0.015
happy	0.015	0.000	0.000	0.959	0.002	0.000	0.023
happy	0.023	0.000	0.000	0.920	0.012	0.000	0.045
happy	0.030	0.000	0.001	0.950	0.005	0.000	0.014
sad	0.056	0.000	0.048	0.033	0.478	0.039	0.345
sad	0.082	0.000	0.126	0.025	0.573	0.031	0.163
sad	0.264	0.000	0.248	0.013	0.314	0.022	0.138
sad	0.102	0.000	0.054	0.046	0.394	0.039	0.364
neutral	0.053	0.000	0.171	0.222	0.250	0.017	0.287
happy	0.135	0.000	0.003	0.719	0.070	0.002	0.071
happy	0.063	0.000	0.000	0.845	0.014	0.000	0.077
happy	0.245	0.000	0.003	0.418	0.059	0.001	0.275
happy	0.077	0.000	0.000	0.682	0.023	0.000	0.217
happy	0.054	0.000	0.000	0.710	0.026	0.000	0.209
happy	0.090	0.000	0.001	0.600	0.015	0.001	0.295
happy	0.054	0.000	0.000	0.686	0.014	0.000	0.245
happy	0.059	0.000	0.000	0.739	0.012	0.000	0.189
happy	0.045	0.000	0.000	0.774	0.014	0.000	0.167
happy	0.048	0.000	0.000	0.812	0.011	0.000	0.128
happy	0.121	0.000	0.000	0.642	0.033	0.000	0.204
happy	0.033	0.000	0.001	0.840	0.026	0.001	0.099
happy	0.019	0.000	0.001	0.919	0.005	0.001	0.056
happy	0.059	0.000	0.001	0.804	0.017	0.000	0.118
happy	0.184	0.000	0.003	0.619	0.047	0.001	0.145
happy	0.076	0.000	0.001	0.868	0.016	0.001	0.038
happy	0.022	0.000	0.000	0.934	0.008	0.000	0.036
happy	0.045	0.000	0.001	0.807	0.026	0.000	0.120
happy	0.071	0.000	0.002	0.776	0.026	0.002	0.124
happy	0.028	0.000	0.000	0.858	0.007	0.001	0.106
happy	0.021	0.000	0.000	0.863	0.008	0.000	0.108
happy	0.009	0.000	0.000	0.932	0.002	0.000	0.057
happy	0.007	0.000	0.000	0.943	0.001	0.000	0.050
happy	0.013	0.000	0.000	0.895	0.001	0.000	0.090
happy	0.005	0.000	0.000	0.895	0.001	0.000	0.099
happy	0.003	0.000	0.000	0.943	0.001	0.000	0.053
happy	0.020	0.000	0.000	0.866	0.002	0.000	0.113
happy	0.008	0.000	0.000	0.936	0.001	0.000	0.055
happy	0.005	0.000	0.000	0.981	0.001	0.000	0.014
happy	0.001	0.000	0.000	0.989	0.000	0.000	0.010
happy	0.013	0.000	0.000	0.868	0.000	0.000	0.119
happy	0.002	0.000	0.000	0.969	0.000	0.000	0.029
happy	0.002	0.000	0.000	0.983	0.001	0.000	0.014
happy	0.004	0.000	0.000	0.960	0.001	0.000	0.035
happy	0.011	0.000	0.000	0.930	0.001	0.000	0.057
happy	0.003	0.000	0.000	0.980	0.000	0.000	0.016
happy	0.003	0.000	0.000	0.972	0.001	0.000	0.024
happy	0.003	0.000	0.000	0.982	0.001	0.000	0.014
happy	0.002	0.000	0.000	0.992	0.000	0.000	0.007
happy	0.001	0.000	0.000	0.981	0.000	0.000	0.018
happy	0.001	0.000	0.000	0.992	0.000	0.000	0.007
happy	0.001	0.000	0.000	0.993	0.000	0.000	0.006
happy	0.000	0.000	0.000	0.997	0.000	0.000	0.003
happy	0.000	0.000	0.000	0.997	0.000	0.000	0.002
happy	0.000	0.000	0.000	0.996	0.000	0.000	0.003
happy	0.001	0.000	0.000	0.992	0.000	0.000	0.007
happy	0.001	0.000	0.000	0.995	0.000	0.000	0.004
happy	0.003	0.000	0.000	0.964	0.000	0.000	0.033
happy	0.003	0.000	0.000	0.967	0.000	0.000	0.030
happy	0.003	0.000	0.000	0.926	0.000	0.000	0.071
happy	0.005	0.000	0.000	0.963	0.000	0.000	0.031
happy	0.003	0.000	0.000	0.976	0.000	0.000	0.021
happy	0.002	0.000	0.000	0.972	0.000	0.000	0.025
happy	0.002	0.000	0.000	0.980	0.000	0.000	0.019
happy	0.001	0.000	0.000	0.985	0.000	0.000	0.014
happy	0.002	0.000	0.000	0.983	0.000	0.000	0.015
happy	0.005	0.000	0.000	0.973	0.000	0.000	0.022
happy	0.002	0.000	0.000	0.986	0.000	0.000	0.012
happy	0.002	0.000	0.000	0.988	0.000	0.000	0.011
happy	0.002	0.000	0.000	0.987	0.000	0.000	0.012
happy	0.008	0.000	0.000	0.936	0.003	0.000	0.053
happy	0.010	0.000	0.000	0.942	0.004	0.000	0.044
happy	0.035	0.000	0.000	0.843	0.037	0.000	0.084
happy	0.056	0.000	0.002	0.817	0.070	0.000	0.054
happy	0.017	0.000	0.001	0.941	0.014	0.000	0.027
happy	0.022	0.000	0.001	0.902	0.036	0.000	0.039
happy	0.014	0.000	0.000	0.965	0.006	0.000	0.014
happy	0.015	0.000	0.000	0.975	0.003	0.000	0.007
happy	0.016	0.000	0.000	0.927	0.006	0.000	0.051
happy	0.003	0.000	0.000	0.983	0.000	0.000	0.014
happy	0.010	0.000	0.000	0.972	0.001	0.000	0.017
happy	0.009	0.000	0.000	0.949	0.004	0.000	0.036
happy	0.008	0.000	0.000	0.958	0.003	0.000	0.031
happy	0.015	0.000	0.000	0.970	0.003	0.000	0.012
happy	0.013	0.000	0.000	0.959	0.007	0.000	0.021
happy	0.022	0.000	0.000	0.954	0.002	0.000	0.021
happy	0.039	0.000	0.000	0.894	0.003	0.000	0.064
happy	0.014	0.000	0.000	0.901	0.003	0.000	0.082
happy	0.019	0.000	0.000	0.861	0.005	0.000	0.115
happy	0.010	0.000	0.000	0.874	0.004	0.000	0.111
happy	0.024	0.000	0.000	0.873	0.003	0.000	0.099
happy	0.016	0.000	0.000	0.893	0.002	0.000	0.088
happy	0.025	0.000	0.000	0.858	0.002	0.000	0.115
happy	0.001	0.000	0.000	0.986	0.000	0.000	0.012
happy	0.023	0.000	0.000	0.907	0.002	0.000	0.067
happy	0.003	0.000	0.000	0.981	0.000	0.000	0.016
happy	0.003	0.000	0.000	0.978	0.001	0.000	0.018
happy	0.008	0.000	0.000	0.965	0.000	0.000	0.027
happy	0.005	0.000	0.000	0.974	0.000	0.000	0.021
happy	0.005	0.000	0.000	0.970	0.000	0.000	0.024
happy	0.002	0.000	0.000	0.985	0.000	0.000	0.013
happy	0.005	0.000	0.000	0.969	0.000	0.000	0.026
happy	0.007	0.000	0.000	0.958	0.000	0.000	0.034
happy	0.002	0.000	0.000	0.978	0.000	0.000	0.019
happy	0.005	0.000	0.000	0.957	0.001	0.000	0.037
happy	0.004	0.000	0.000	0.959	0.001	0.000	0.036
happy	0.008	0.000	0.000	0.954	0.001	0.000	0.037
happy	0.012	0.000	0.000	0.958	0.001	0.000	0.029
happy	0.029	0.000	0.000	0.920	0.002	0.000	0.049
happy	0.010	0.000	0.000	0.957	0.001	0.000	0.033
happy	0.019	0.000	0.000	0.913	0.002	0.000	0.066
happy	0.003	0.000	0.000	0.973	0.000	0.000	0.024
happy	0.010	0.000	0.000	0.938	0.001	0.000	0.051
happy	0.012	0.000	0.000	0.911	0.001	0.000	0.075
happy	0.006	0.000	0.000	0.953	0.001	0.000	0.040
happy	0.008	0.000	0.000	0.936	0.001	0.000	0.055
happy	0.009	0.000	0.000	0.923	0.001	0.000	0.067
happy	0.008	0.000	0.000	0.951	0.001	0.000	0.040
happy	0.004	0.000	0.000	0.972	0.001	0.000	0.023
happy	0.020	0.000	0.000	0.860	0.002	0.000	0.117
happy	0.009	0.000	0.000	0.941	0.002	0.000	0.048
happy	0.009	0.000	0.000	0.913	0.000	0.000	0.078
happy	0.006	0.000	0.000	0.931	0.000	0.000	0.062
happy	0.015	0.000	0.000	0.905	0.001	0.000	0.079
happy	0.030	0.000	0.000	0.894	0.001	0.000	0.075
happy	0.006	0.000	0.000	0.972	0.000	0.000	0.022
happy	0.020	0.000	0.000	0.912	0.001	0.000	0.068
happy	0.014	0.000	0.000	0.899	0.001	0.000	0.086
happy	0.005	0.000	0.000	0.969	0.000	0.000	0.026
happy	0.033	0.000	0.000	0.825	0.002	0.000	0.140
happy	0.023	0.000	0.000	0.888	0.002	0.000	0.087
happy	0.017	0.000	0.000	0.901	0.001	0.000	0.081
happy	0.018	0.000	0.000	0.870	0.002	0.000	0.111
happy	0.014	0.000	0.000	0.898	0.002	0.000	0.086
happy	0.007	0.000	0.000	0.937	0.001	0.000	0.055
happy	0.010	0.000	0.000	0.825	0.004	0.000	0.162
happy	0.025	0.000	0.000	0.827	0.002	0.000	0.146
happy	0.017	0.000	0.000	0.776	0.005	0.000	0.201
happy	0.014	0.000	0.000	0.904	0.003	0.000	0.079
happy	0.008	0.000	0.000	0.934	0.002	0.000	0.056
happy	0.033	0.000	0.000	0.771	0.006	0.000	0.190
happy	0.006	0.000	0.000	0.953	0.001	0.000	0.040
happy	0.010	0.000	0.000	0.942	0.001	0.000	0.047
happy	0.017	0.000	0.000	0.812	0.005	0.000	0.165
happy	0.007	0.000	0.000	0.942	0.001	0.000	0.049
happy	0.017	0.000	0.000	0.891	0.002	0.000	0.090
happy	0.042	0.000	0.000	0.830	0.007	0.000	0.121
happy	0.048	0.000	0.000	0.707	0.010	0.000	0.236
happy	0.023	0.000	0.000	0.867	0.003	0.000	0.107
happy	0.008	0.000	0.000	0.944	0.002	0.000	0.046
happy	0.017	0.000	0.000	0.930	0.001	0.000	0.051
happy	0.030	0.000	0.000	0.837	0.002	0.000	0.130
happy	0.049	0.000	0.000	0.796	0.003	0.000	0.152
happy	0.009	0.000	0.000	0.921	0.003	0.000	0.068
happy	0.035	0.000	0.000	0.836	0.002	0.000	0.127
happy	0.027	0.000	0.000	0.812	0.002	0.000	0.159
happy	0.006	0.000	0.000	0.875	0.002	0.000	0.118
happy	0.022	0.000	0.000	0.839	0.003	0.000	0.136
happy	0.013	0.000	0.000	0.850	0.004	0.000	0.133
happy	0.013	0.000	0.000	0.877	0.001	0.000	0.108
happy	0.015	0.000	0.000	0.918	0.001	0.000	0.066
happy	0.004	0.000	0.000	0.943	0.001	0.000	0.052
happy	0.003	0.000	0.000	0.957	0.000	0.000	0.040
happy	0.003	0.000	0.000	0.955	0.001	0.000	0.042
happy	0.010	0.000	0.000	0.859	0.002	0.000	0.129
happy	0.006	0.000	0.000	0.933	0.001	0.000	0.059
happy	0.003	0.000	0.000	0.934	0.001	0.000	0.063
happy	0.006	0.000	0.000	0.951	0.001	0.000	0.042
happy	0.003	0.000	0.000	0.964	0.000	0.000	0.033
happy	0.005	0.000	0.000	0.963	0.000	0.000	0.032
happy	0.002	0.000	0.000	0.965	0.000	0.000	0.032
happy	0.004	0.000	0.000	0.909	0.001	0.000	0.086
happy	0.003	0.000	0.000	0.944	0.001	0.000	0.052
happy	0.004	0.000	0.000	0.919	0.001	0.000	0.075
happy	0.007	0.000	0.000	0.826	0.002	0.000	0.164
happy	0.009	0.000	0.000	0.767	0.001	0.000	0.222
happy	0.011	0.000	0.000	0.808	0.001	0.000	0.180
happy	0.007	0.000	0.000	0.939	0.000	0.000	0.054
happy	0.005	0.000	0.000	0.958	0.000	0.000	0.037
happy	0.003	0.000	0.000	0.967	0.001	0.000	0.029
happy	0.004	0.000	0.000	0.915	0.001	0.000	0.081
happy	0.005	0.000	0.000	0.909	0.001	0.000	0.085
happy	0.002	0.000	0.000	0.970	0.001	0.000	0.028
happy	0.007	0.000	0.000	0.904	0.001	0.000	0.087
happy	0.002	0.000	0.000	0.975	0.000	0.000	0.022
happy	0.003	0.000	0.000	0.942	0.001	0.000	0.055
happy	0.004	0.000	0.000	0.971	0.000	0.000	0.025
happy	0.006	0.000	0.000	0.931	0.000	0.000	0.063
happy	0.005	0.000	0.000	0.933	0.000	0.000	0.062
happy	0.005	0.000	0.000	0.934	0.000	0.000	0.060
happy	0.006	0.000	0.000	0.898	0.000	0.000	0.095
happy	0.009	0.000	0.000	0.912	0.001	0.000	0.079
happy	0.009	0.000	0.000	0.863	0.002	0.000	0.127
happy	0.005	0.000	0.000	0.868	0.001	0.000	0.126
happy	0.007	0.000	0.000	0.860	0.001	0.000	0.132
happy	0.007	0.000	0.000	0.861	0.001	0.000	0.131
happy	0.006	0.000	0.000	0.914	0.001	0.000	0.080
happy	0.005	0.000	0.000	0.911	0.000	0.000	0.083
happy	0.015	0.000	0.000	0.857	0.001	0.000	0.128
happy	0.009	0.000	0.000	0.838	0.001	0.000	0.151
happy	0.006	0.000	0.000	0.942	0.000	0.000	0.052
happy	0.009	0.000	0.000	0.859	0.001	0.000	0.131
happy	0.008	0.000	0.000	0.873	0.001	0.000	0.117
happy	0.007	0.000	0.000	0.894	0.001	0.000	0.099
happy	0.004	0.000	0.000	0.935	0.001	0.000	0.059
happy	0.010	0.000	0.000	0.850	0.001	0.000	0.138
happy	0.018	0.000	0.000	0.825	0.001	0.000	0.156
happy	0.006	0.000	0.000	0.922	0.000	0.000	0.072
happy	0.021	0.000	0.000	0.781	0.002	0.000	0.196
happy	0.010	0.000	0.000	0.932	0.002	0.000	0.056
happy	0.004	0.000	0.000	0.952	0.001	0.000	0.043
happy	0.005	0.000	0.000	0.948	0.001	0.000	0.047
happy	0.004	0.000	0.000	0.962	0.001	0.000	0.033
happy	0.010	0.000	0.000	0.894	0.001	0.000	0.094
happy	0.002	0.000	0.000	0.915	0.000	0.000	0.082
happy	0.006	0.000	0.000	0.885	0.001	0.000	0.108
happy	0.007	0.000	0.000	0.920	0.001	0.000	0.073
happy	0.009	0.000	0.000	0.909	0.000	0.000	0.081
happy	0.005	0.000	0.000	0.924	0.000	0.000	0.070
happy	0.004	0.000	0.000	0.952	0.000	0.000	0.044
happy	0.005	0.000	0.000	0.929	0.001	0.000	0.065
happy	0.006	0.000	0.000	0.919	0.000	0.000	0.075
happy	0.005	0.000	0.000	0.941	0.001	0.000	0.053
happy	0.006	0.000	0.000	0.934	0.000	0.000	0.059
happy	0.012	0.000	0.000	0.915	0.001	0.000	0.073
happy	0.002	0.000	0.000	0.980	0.000	0.000	0.018
happy	0.005	0.000	0.000	0.951	0.000	0.000	0.044
happy	0.004	0.000	0.000	0.975	0.000	0.000	0.020
happy	0.004	0.000	0.000	0.986	0.000	0.000	0.010
happy	0.005	0.000	0.000	0.967	0.000	0.000	0.027
happy	0.011	0.000	0.000	0.925	0.001	0.000	0.064
happy	0.005	0.000	0.000	0.960	0.000	0.000	0.035
happy	0.006	0.000	0.000	0.936	0.001	0.000	0.057
happy	0.004	0.000	0.000	0.969	0.000	0.000	0.026
happy	0.005	0.000	0.000	0.981	0.000	0.000	0.013
happy	0.009	0.000	0.000	0.906	0.001	0.000	0.084
happy	0.004	0.000	0.000	0.964	0.001	0.000	0.031
happy	0.006	0.000	0.000	0.933	0.001	0.000	0.060
happy	0.006	0.000	0.000	0.935	0.001	0.000	0.058
happy	0.010	0.000	0.000	0.927	0.001	0.000	0.062
happy	0.010	0.000	0.000	0.929	0.002	0.000	0.059
happy	0.005	0.000	0.000	0.948	0.001	0.000	0.046
happy	0.013	0.000	0.000	0.912	0.001	0.000	0.074
happy	0.006	0.000	0.000	0.931	0.001	0.000	0.062
happy	0.006	0.000	0.000	0.932	0.001	0.000	0.061
happy	0.008	0.000	0.000	0.900	0.002	0.000	0.089
happy	0.010	0.000	0.000	0.902	0.002	0.000	0.086
happy	0.012	0.000	0.000	0.882	0.007	0.000	0.099
happy	0.013	0.000	0.000	0.867	0.002	0.000	0.117
happy	0.007	0.000	0.000	0.906	0.001	0.000	0.086
happy	0.011	0.000	0.000	0.839	0.003	0.000	0.146
happy	0.008	0.000	0.000	0.929	0.001	0.000	0.062
happy	0.004	0.000	0.000	0.946	0.001	0.000	0.049
happy	0.006	0.000	0.000	0.929	0.001	0.000	0.064
happy	0.006	0.000	0.000	0.967	0.001	0.000	0.026
happy	0.005	0.000	0.000	0.967	0.000	0.000	0.028
happy	0.003	0.000	0.000	0.953	0.001	0.000	0.043
happy	0.007	0.000	0.000	0.943	0.001	0.000	0.049
happy	0.004	0.000	0.000	0.948	0.001	0.000	0.046
happy	0.004	0.000	0.000	0.961	0.001	0.000	0.035
happy	0.003	0.000	0.000	0.954	0.001	0.000	0.043
happy	0.011	0.000	0.000	0.891	0.002	0.000	0.095
happy	0.003	0.000	0.000	0.967	0.001	0.000	0.029
happy	0.006	0.000	0.000	0.937	0.001	0.000	0.055
