prediction	angry	disgust	fear	happy	sad	surprise	neutral
neutral	0.029	0.000	0.004	0.132	0.033	0.013	0.788
happy	0.012	0.000	0.002	0.873	0.017	0.008	0.089
happy	0.010	0.000	0.001	0.808	0.009	0.005	0.167
happy	0.014	0.001	0.001	0.692	0.016	0.007	0.270
happy	0.011	0.001	0.002	0.759	0.015	0.005	0.208
happy	0.012	0.000	0.001	0.746	0.012	0.012	0.217
happy	0.015	0.001	0.001	0.667	0.009	0.009	0.299
happy	0.010	0.001	0.001	0.802	0.006	0.004	0.177
happy	0.024	0.001	0.001	0.699	0.014	0.010	0.251
happy	0.022	0.001	0.001	0.705	0.024	0.008	0.241
happy	0.013	0.001	0.001	0.767	0.014	0.008	0.195
happy	0.018	0.001	0.001	0.837	0.013	0.004	0.127
happy	0.021	0.001	0.001	0.765	0.019	0.006	0.188
happy	0.025	0.000	0.001	0.804	0.014	0.003	0.153
happy	0.016	0.000	0.001	0.772	0.013	0.006	0.193
happy	0.011	0.000	0.001	0.749	0.007	0.005	0.227
happy	0.022	0.000	0.001	0.777	0.010	0.005	0.183
happy	0.015	0.001	0.001	0.886	0.006	0.008	0.083
happy	0.016	0.001	0.002	0.877	0.007	0.006	0.091
happy	0.038	0.001	0.002	0.723	0.015	0.005	0.217
happy	0.017	0.001	0.001	0.827	0.005	0.006	0.143
happy	0.020	0.001	0.002	0.810	0.008	0.011	0.147
happy	0.014	0.000	0.001	0.856	0.010	0.003	0.116
happy	0.009	0.001	0.003	0.806	0.047	0.016	0.118
happy	0.016	0.001	0.004	0.717	0.059	0.019	0.183
happy	0.007	0.001	0.002	0.837	0.020	0.015	0.118
happy	0.017	0.001	0.005	0.604	0.052	0.024	0.298
happy	0.034	0.007	0.003	0.631	0.060	0.025	0.240
happy	0.022	0.001	0.003	0.672	0.040	0.022	0.240
happy	0.021	0.002	0.006	0.801	0.041	0.026	0.102
happy	0.030	0.001	0.006	0.670	0.041	0.026	0.226
happy	0.028	0.001	0.002	0.652	0.014	0.024	0.279
happy	0.044	0.002	0.003	0.610	0.019	0.010	0.312
happy	0.042	0.003	0.001	0.649	0.018	0.020	0.267
happy	0.049	0.003	0.002	0.649	0.022	0.024	0.252
happy	0.053	0.002	0.001	0.515	0.024	0.022	0.381
happy	0.044	0.001	0.002	0.522	0.045	0.014	0.372
happy	0.021	0.001	0.003	0.620	0.039	0.022	0.294
happy	0.035	0.001	0.005	0.484	0.059	0.024	0.392
happy	0.037	0.001	0.006	0.550	0.048	0.034	0.324
happy	0.025	0.001	0.005	0.644	0.049	0.019	0.258
happy	0.043	0.002	0.005	0.493	0.047	0.021	0.388
neutral	0.047	0.002	0.002	0.409	0.027	0.014	0.500
happy	0.035	0.001	0.001	0.560	0.014	0.018	0.371
neutral	0.028	0.002	0.002	0.389	0.020	0.018	0.542
neutral	0.037	0.003	0.001	0.383	0.022	0.021	0.532
happy	0.041	0.002	0.001	0.553	0.010	0.014	0.379
happy	0.049	0.003	0.001	0.528	0.013	0.016	0.391
neutral	0.085	0.003	0.002	0.424	0.026	0.011	0.450
happy	0.034	0.003	0.005	0.608	0.049	0.031	0.270
happy	0.053	0.001	0.009	0.604	0.072	0.026	0.235
happy	0.046	0.009	0.008	0.542	0.140	0.014	0.240
happy	0.042	0.008	0.009	0.508	0.172	0.012	0.249
happy	0.033	0.004	0.007	0.615	0.096	0.015	0.230
happy	0.033	0.007	0.006	0.620	0.091	0.015	0.227
happy	0.064	0.023	0.007	0.503	0.170	0.014	0.220
happy	0.045	0.005	0.010	0.565	0.131	0.019	0.225
happy	0.074	0.028	0.010	0.484	0.191	0.016	0.197
happy	0.062	0.010	0.012	0.427	0.200	0.020	0.269
happy	0.037	0.012	0.005	0.630	0.105	0.011	0.200
happy	0.062	0.011	0.010	0.488	0.184	0.014	0.230
happy	0.065	0.013	0.006	0.567	0.154	0.013	0.182
happy	0.060	0.004	0.010	0.574	0.138	0.015	0.198
happy	0.060	0.013	0.005	0.541	0.103	0.013	0.266
happy	0.065	0.008	0.009	0.453	0.171	0.017	0.277
happy	0.058	0.002	0.013	0.465	0.110	0.013	0.338
happy	0.056	0.018	0.006	0.550	0.158	0.013	0.200
happy	0.052	0.015	0.006	0.530	0.152	0.010	0.235
happy	0.070	0.006	0.009	0.446	0.153	0.013	0.302
happy	0.055	0.003	0.012	0.428	0.129	0.014	0.359
happy	0.039	0.005	0.010	0.429	0.134	0.019	0.364
happy	0.045	0.000	0.003	0.472	0.038	0.025	0.416
happy	0.033	0.000	0.002	0.466	0.024	0.027	0.448
happy	0.041	0.001	0.002	0.478	0.030	0.028	0.420
happy	0.059	0.001	0.003	0.474	0.044	0.021	0.398
neutral	0.087	0.002	0.004	0.356	0.032	0.019	0.500
happy	0.031	0.002	0.001	0.711	0.018	0.014	0.223
happy	0.026	0.001	0.013	0.530	0.215	0.017	0.198
happy	0.071	0.010	0.010	0.381	0.273	0.014	0.241
happy	0.069	0.003	0.018	0.492	0.183	0.009	0.227
happy	0.069	0.006	0.011	0.458	0.176	0.014	0.267
neutral	0.047	0.008	0.004	0.359	0.083	0.014	0.485
neutral	0.065	0.028	0.004	0.349	0.094	0.009	0.450
neutral	0.143	0.005	0.002	0.391	0.027	0.019	0.412
neutral	0.086	0.003	0.002	0.383	0.043	0.019	0.464
happy	0.062	0.007	0.008	0.496	0.126	0.022	0.279
happy	0.105	0.014	0.012	0.320	0.236	0.014	0.299
neutral	0.071	0.005	0.009	0.325	0.161	0.008	0.421
neutral	0.069	0.003	0.011	0.252	0.193	0.011	0.461
happy	0.092	0.004	0.016	0.347	0.190	0.012	0.339
neutral	0.116	0.015	0.012	0.265	0.210	0.007	0.374
happy	0.102	0.013	0.011	0.361	0.177	0.010	0.325
neutral	0.087	0.004	0.012	0.260	0.182	0.008	0.446
neutral	0.072	0.004	0.014	0.261	0.180	0.012	0.458
neutral	0.091	0.004	0.013	0.251	0.135	0.015	0.492
neutral	0.088	0.004	0.011	0.281	0.163	0.011	0.443
neutral	0.076	0.003	0.009	0.366	0.081	0.020	0.445
neutral	0.051	0.003	0.009	0.272	0.112	0.015	0.539
neutral	0.093	0.002	0.006	0.367	0.089	0.011	0.433
neutral	0.090	0.002	0.014	0.282	0.137	0.011	0.464
neutral	0.142	0.004	0.014	0.232	0.290	0.009	0.311
neutral	0.111	0.003	0.013	0.288	0.134	0.011	0.441
neutral	0.164	0.002	0.018	0.177	0.221	0.015	0.402
neutral	0.130	0.003	0.007	0.185	0.200	0.004	0.471
neutral	0.229	0.008	0.009	0.121	0.150	0.005	0.480
neutral	0.155	0.002	0.008	0.181	0.168	0.009	0.476
happy	0.118	0.004	0.011	0.368	0.165	0.015	0.319
neutral	0.107	0.001	0.010	0.336	0.131	0.013	0.402
neutral	0.098	0.001	0.010	0.318	0.131	0.013	0.428
neutral	0.087	0.001	0.014	0.246	0.134	0.009	0.508
neutral	0.084	0.003	0.010	0.312	0.168	0.013	0.410
neutral	0.121	0.003	0.005	0.276	0.082	0.014	0.500
neutral	0.180	0.003	0.006	0.185	0.086	0.014	0.526
neutral	0.191	0.008	0.005	0.261	0.048	0.016	0.471
neutral	0.181	0.004	0.006	0.213	0.099	0.014	0.483
happy	0.127	0.005	0.010	0.391	0.157	0.015	0.295
neutral	0.096	0.003	0.013	0.291	0.154	0.010	0.435
neutral	0.123	0.003	0.007	0.269	0.128	0.010	0.460
neutral	0.108	0.003	0.006	0.219	0.061	0.013	0.589
neutral	0.190	0.007	0.006	0.288	0.075	0.012	0.423
neutral	0.120	0.003	0.011	0.338	0.171	0.011	0.345
neutral	0.104	0.004	0.012	0.295	0.187	0.012	0.385
neutral	0.121	0.005	0.009	0.297	0.131	0.009	0.427
happy	0.126	0.004	0.010	0.359	0.150	0.013	0.339
neutral	0.129	0.005	0.010	0.352	0.112	0.012	0.381
neutral	0.129	0.006	0.008	0.369	0.096	0.010	0.381
neutral	0.183	0.010	0.004	0.322	0.044	0.015	0.421
neutral	0.187	0.007	0.004	0.257	0.053	0.018	0.474
neutral	0.206	0.009	0.004	0.296	0.044	0.015	0.427
neutral	0.167	0.005	0.004	0.326	0.048	0.026	0.422
neutral	0.146	0.005	0.004	0.335	0.040	0.025	0.446
neutral	0.155	0.002	0.004	0.322	0.073	0.013	0.431
neutral	0.100	0.004	0.003	0.390	0.033	0.023	0.448
neutral	0.175	0.008	0.003	0.297	0.041	0.020	0.455
neutral	0.123	0.003	0.004	0.356	0.068	0.014	0.433
neutral	0.098	0.003	0.003	0.384	0.054	0.014	0.445
neutral	0.068	0.003	0.008	0.397	0.065	0.027	0.433
neutral	0.127	0.008	0.017	0.305	0.181	0.010	0.351
neutral	0.091	0.005	0.014	0.271	0.161	0.008	0.450
happy	0.067	0.006	0.009	0.408	0.125	0.010	0.376
happy	0.096	0.008	0.008	0.403	0.131	0.008	0.345
neutral	0.119	0.010	0.014	0.324	0.166	0.013	0.354
neutral	0.079	0.005	0.010	0.314	0.103	0.010	0.478
sad	0.101	0.005	0.023	0.160	0.357	0.009	0.344
neutral	0.132	0.029	0.019	0.253	0.226	0.010	0.331
happy	0.094	0.010	0.011	0.410	0.151	0.008	0.317
sad	0.048	0.001	0.031	0.136	0.567	0.003	0.214
neutral	0.087	0.002	0.018	0.321	0.183	0.010	0.379
neutral	0.159	0.010	0.015	0.272	0.172	0.014	0.358
neutral	0.155	0.009	0.017	0.278	0.194	0.010	0.336
happy	0.105	0.007	0.008	0.396	0.078	0.023	0.384
neutral	0.104	0.003	0.005	0.279	0.057	0.019	0.534
neutral	0.178	0.006	0.004	0.241	0.061	0.017	0.493
neutral	0.143	0.012	0.010	0.334	0.146	0.011	0.343
neutral	0.093	0.005	0.014	0.312	0.119	0.012	0.445
neutral	0.088	0.005	0.010	0.372	0.141	0.009	0.375
neutral	0.188	0.018	0.015	0.192	0.210	0.015	0.361
neutral	0.133	0.008	0.011	0.258	0.139	0.013	0.438
neutral	0.102	0.004	0.009	0.280	0.067	0.019	0.519
neutral	0.156	0.007	0.012	0.227	0.106	0.020	0.472
neutral	0.113	0.004	0.003	0.285	0.048	0.013	0.534
neutral	0.121	0.003	0.004	0.254	0.046	0.014	0.558
neutral	0.090	0.003	0.003	0.284	0.047	0.013	0.560
neutral	0.099	0.002	0.004	0.242	0.065	0.010	0.578
neutral	0.103	0.002	0.003	0.261	0.049	0.013	0.569
neutral	0.056	0.003	0.004	0.334	0.060	0.018	0.525
neutral	0.120	0.007	0.009	0.316	0.108	0.015	0.425
neutral	0.124	0.006	0.014	0.250	0.106	0.015	0.485
neutral	0.072	0.002	0.015	0.176	0.067	0.017	0.651
neutral	0.091	0.009	0.007	0.358	0.079	0.018	0.438
neutral	0.090	0.009	0.003	0.374	0.035	0.016	0.473
neutral	0.110	0.005	0.013	0.235	0.090	0.015	0.531
neutral	0.094	0.006	0.012	0.327	0.090	0.017	0.455
happy	0.134	0.019	0.007	0.503	0.083	0.013	0.240
happy	0.158	0.017	0.014	0.356	0.095	0.028	0.332
happy	0.094	0.013	0.010	0.479	0.100	0.010	0.294
happy	0.089	0.009	0.012	0.409	0.087	0.018	0.375
happy	0.081	0.014	0.008	0.514	0.061	0.019	0.303
happy	0.128	0.011	0.009	0.430	0.064	0.020	0.338
neutral	0.150	0.017	0.012	0.329	0.075	0.045	0.372
happy	0.119	0.010	0.011	0.413	0.110	0.011	0.325
happy	0.108	0.019	0.010	0.426	0.083	0.013	0.342
neutral	0.087	0.008	0.016	0.349	0.081	0.023	0.436
neutral	0.112	0.008	0.011	0.313	0.079	0.030	0.447
neutral	0.091	0.009	0.014	0.361	0.092	0.018	0.415
neutral	0.108	0.007	0.015	0.264	0.086	0.040	0.481
neutral	0.086	0.007	0.009	0.404	0.071	0.016	0.407
neutral	0.171	0.011	0.013	0.245	0.171	0.009	0.379
happy	0.083	0.008	0.008	0.435	0.074	0.017	0.376
neutral	0.079	0.012	0.008	0.402	0.074	0.011	0.415
happy	0.086	0.018	0.007	0.458	0.080	0.015	0.337
happy	0.073	0.021	0.005	0.513	0.081	0.013	0.295
happy	0.076	0.016	0.006	0.448	0.068	0.014	0.372
sad	0.077	0.013	0.019	0.253	0.339	0.007	0.291
neutral	0.066	0.017	0.006	0.212	0.100	0.011	0.588
neutral	0.058	0.011	0.004	0.220	0.078	0.013	0.616
neutral	0.086	0.007	0.004	0.186	0.068	0.014	0.636
happy	0.104	0.026	0.007	0.418	0.112	0.014	0.319
neutral	0.134	0.012	0.015	0.258	0.163	0.009	0.410
neutral	0.118	0.013	0.013	0.254	0.108	0.020	0.474
neutral	0.105	0.007	0.015	0.272	0.107	0.018	0.476
neutral	0.100	0.006	0.003	0.361	0.041	0.018	0.471
neutral	0.102	0.010	0.005	0.207	0.076	0.010	0.589
neutral	0.087	0.007	0.003	0.377	0.040	0.016	0.471
neutral	0.099	0.011	0.008	0.215	0.106	0.012	0.549
neutral	0.074	0.006	0.003	0.336	0.033	0.013	0.536
happy	0.080	0.008	0.002	0.454	0.027	0.013	0.416
neutral	0.128	0.009	0.004	0.258	0.049	0.013	0.539
happy	0.085	0.009	0.003	0.458	0.031	0.021	0.394
neutral	0.138	0.007	0.010	0.323	0.109	0.011	0.401
neutral	0.162	0.011	0.013	0.255	0.169	0.007	0.382
neutral	0.148	0.012	0.012	0.286	0.172	0.006	0.363
neutral	0.156	0.010	0.012	0.238	0.183	0.006	0.394
neutral	0.106	0.007	0.011	0.283	0.080	0.021	0.491
happy	0.101	0.008	0.002	0.475	0.026	0.012	0.377
neutral	0.135	0.009	0.003	0.228	0.043	0.013	0.568
neutral	0.131	0.015	0.003	0.377	0.028	0.027	0.419
neutral	0.157	0.008	0.003	0.321	0.051	0.015	0.445
happy	0.133	0.016	0.014	0.360	0.209	0.006	0.261
happy	0.077	0.007	0.007	0.512	0.070	0.011	0.316
sad	0.066	0.002	0.024	0.107	0.540	0.006	0.255
neutral	0.157	0.007	0.010	0.302	0.147	0.007	0.369
neutral	0.125	0.009	0.014	0.287	0.104	0.013	0.448
neutral	0.142	0.011	0.012	0.318	0.088	0.012	0.417
neutral	0.137	0.007	0.010	0.303	0.114	0.007	0.423
neutral	0.146	0.006	0.013	0.311	0.130	0.011	0.383
happy	0.119	0.005	0.009	0.415	0.102	0.006	0.344
happy	0.117	0.006	0.010	0.390	0.122	0.010	0.345
neutral	0.134	0.007	0.005	0.297	0.076	0.011	0.469
neutral	0.150	0.004	0.002	0.350	0.039	0.013	0.443
neutral	0.149	0.004	0.002	0.347	0.039	0.011	0.448
happy	0.128	0.010	0.001	0.479	0.020	0.014	0.347
happy	0.114	0.006	0.001	0.547	0.023	0.015	0.293
happy	0.082	0.017	0.007	0.561	0.058	0.014	0.261
happy	0.057	0.016	0.009	0.716	0.036	0.021	0.145
happy	0.020	0.008	0.004	0.887	0.012	0.017	0.052
happy	0.020	0.008	0.003	0.907	0.011	0.015	0.035
happy	0.055	0.026	0.008	0.787	0.025	0.026	0.074
happy	0.031	0.006	0.005	0.845	0.021	0.016	0.077
happy	0.041	0.011	0.007	0.846	0.019	0.023	0.053
happy	0.049	0.018	0.010	0.821	0.027	0.028	0.048
happy	0.014	0.005	0.002	0.914	0.007	0.014	0.043
happy	0.008	0.003	0.001	0.940	0.002	0.014	0.033
happy	0.003	0.001	0.000	0.965	0.001	0.016	0.013
happy	0.003	0.001	0.000	0.965	0.001	0.012	0.018
happy	0.002	0.001	0.000	0.977	0.000	0.011	0.008
happy	0.013	0.004	0.003	0.950	0.005	0.012	0.014
happy	0.010	0.004	0.003	0.963	0.004	0.007	0.009
happy	0.007	0.004	0.002	0.962	0.002	0.015	0.008
happy	0.010	0.006	0.002	0.959	0.002	0.012	0.009
happy	0.003	0.001	0.001	0.976	0.001	0.009	0.008
happy	0.000	0.000	0.000	0.995	0.000	0.004	0.001
happy	0.000	0.000	0.000	0.995	0.000	0.005	0.000
happy	0.000	0.000	0.000	0.997	0.000	0.003	0.000
happy	0.000	0.000	0.000	0.998	0.000	0.002	0.000
happy	0.000	0.000	0.000	0.997	0.000	0.002	0.000
happy	0.000	0.000	0.000	0.997	0.000	0.003	0.000
happy	0.000	0.000	0.000	0.997	0.000	0.003	0.000
happy	0.001	0.000	0.000	0.993	0.000	0.005	0.000
happy	0.001	0.000	0.000	0.995	0.000	0.003	0.000
happy	0.001	0.000	0.000	0.992	0.000	0.006	0.001
happy	0.000	0.000	0.000	0.998	0.000	0.002	0.000
happy	0.001	0.000	0.000	0.996	0.000	0.003	0.000
happy	0.001	0.000	0.000	0.996	0.000	0.003	0.000
happy	0.001	0.000	0.000	0.994	0.000	0.005	0.000
happy	0.000	0.000	0.000	0.999	0.000	0.001	0.000
happy	0.000	0.000	0.000	0.997	0.000	0.002	0.000
happy	0.000	0.000	0.000	0.998	0.000	0.002	0.000
happy	0.000	0.000	0.000	0.997	0.000	0.002	0.000
happy	0.000	0.000	0.000	0.998	0.000	0.002	0.000
happy	0.000	0.000	0.000	0.997	0.000	0.002	0.000
happy	0.002	0.000	0.000	0.993	0.000	0.005	0.000
happy	0.001	0.000	0.000	0.990	0.000	0.009	0.000
happy	0.000	0.000	0.000	0.997	0.000	0.003	0.000
happy	0.000	0.000	0.000	0.995	0.000	0.004	0.000
happy	0.000	0.000	0.000	0.998	0.000	0.002	0.000
happy	0.000	0.000	0.000	0.996	0.000	0.004	0.000
happy	0.001	0.000	0.000	0.992	0.000	0.007	0.000
happy	0.000	0.000	0.000	0.999	0.000	0.001	0.000
happy	0.000	0.000	0.000	0.999	0.000	0.001	0.000
happy	0.000	0.000	0.000	0.998	0.000	0.002	0.000
happy	0.000	0.000	0.000	0.998	0.000	0.002	0.000
happy	0.000	0.000	0.000	0.999	0.000	0.001	0.000
happy	0.000	0.000	0.000	0.999	0.000	0.001	0.000
happy	0.000	0.000	0.000	0.999	0.000	0.001	0.000
happy	0.000	0.000	0.000	0.997	0.000	0.002	0.000
happy	0.000	0.000	0.000	0.996	0.000	0.004	0.000
happy	0.000	0.000	0.000	0.999	0.000	0.000	0.000
happy	0.000	0.000	0.000	0.997	0.000	0.002	0.000
happy	0.000	0.000	0.000	0.996	0.000	0.004	0.000
happy	0.000	0.000	0.000	0.997	0.000	0.003	0.000
happy	0.001	0.000	0.000	0.993	0.000	0.006	0.000
happy	0.001	0.000	0.000	0.994	0.000	0.005	0.000
happy	0.004	0.000	0.002	0.969	0.002	0.022	0.001
happy	0.003	0.000	0.001	0.987	0.001	0.006	0.002
happy	0.003	0.000	0.001	0.986	0.001	0.007	0.002
happy	0.002	0.000	0.001	0.984	0.001	0.011	0.001
happy	0.001	0.000	0.001	0.990	0.000	0.008	0.000
happy	0.001	0.000	0.000	0.997	0.000	0.002	0.000
happy	0.000	0.000	0.000	0.998	0.000	0.002	0.000
happy	0.000	0.000	0.000	0.999	0.000	0.001	0.000
happy	0.000	0.000	0.000	0.997	0.000	0.003	0.000
happy	0.000	0.000	0.000	0.999	0.000	0.001	0.000
happy	0.000	0.000	0.000	0.999	0.000	0.001	0.000
happy	0.000	0.000	0.000	0.999	0.000	0.001	0.000
happy	0.001	0.000	0.000	0.996	0.000	0.003	0.000
happy	0.000	0.000	0.000	0.999	0.000	0.001	0.000
happy	0.000	0.000	0.000	0.999	0.000	0.001	0.000
happy	0.000	0.000	0.000	0.999	0.000	0.000	0.000
happy	0.000	0.000	0.000	0.999	0.000	0.001	0.000
happy	0.000	0.000	0.000	1.000	0.000	0.000	0.000
happy	0.000	0.000	0.000	1.000	0.000	0.000	0.000
happy	0.000	0.000	0.000	1.000	0.000	0.000	0.000
happy	0.000	0.000	0.000	0.999	0.000	0.001	0.000
happy	0.000	0.000	0.000	0.999	0.000	0.000	0.000
happy	0.000	0.000	0.000	0.999	0.000	0.001	0.000
happy	0.000	0.000	0.000	0.999	0.000	0.001	0.000
happy	0.000	0.000	0.000	0.999	0.000	0.001	0.000
happy	0.000	0.000	0.000	0.997	0.000	0.002	0.000
happy	0.000	0.000	0.000	0.999	0.000	0.001	0.000
happy	0.000	0.000	0.000	0.999	0.000	0.000	0.000
happy	0.000	0.000	0.000	0.999	0.000	0.001	0.000
happy	0.000	0.000	0.000	0.996	0.000	0.003	0.000
happy	0.000	0.000	0.000	0.999	0.000	0.001	0.000
happy	0.000	0.000	0.000	0.998	0.000	0.001	0.000
happy	0.001	0.000	0.000	0.998	0.000	0.001	0.000
happy	0.001	0.000	0.000	0.998	0.000	0.001	0.000
happy	0.000	0.000	0.000	0.994	0.000	0.005	0.001
happy	0.001	0.000	0.000	0.993	0.000	0.006	0.000
happy	0.001	0.000	0.000	0.992	0.000	0.006	0.001
happy	0.001	0.000	0.000	0.998	0.000	0.001	0.000
happy	0.000	0.000	0.000	0.998	0.000	0.001	0.000
happy	0.001	0.000	0.000	0.996	0.000	0.003	0.000
happy	0.001	0.000	0.000	0.996	0.000	0.001	0.001
happy	0.001	0.000	0.000	0.995	0.001	0.002	0.001
happy	0.001	0.000	0.000	0.994	0.000	0.004	0.001
happy	0.000	0.000	0.000	0.997	0.000	0.001	0.000
happy	0.001	0.000	0.000	0.995	0.000	0.003	0.001
happy	0.002	0.001	0.001	0.991	0.001	0.003	0.002
happy	0.001	0.001	0.001	0.992	0.001	0.002	0.003
happy	0.001	0.001	0.001	0.990	0.001	0.003	0.003
happy	0.002	0.002	0.001	0.986	0.000	0.005	0.004
neutral	0.109	0.000	0.035	0.141	0.339	0.020	0.356
happy	0.001	0.001	0.000	0.989	0.000	0.007	0.001
happy	0.001	0.000	0.000	0.996	0.000	0.002	0.000
sad	0.085	0.000	0.043	0.145	0.430	0.015	0.282
happy	0.001	0.000	0.000	0.994	0.000	0.003	0.001
happy	0.000	0.000	0.000	0.995	0.000	0.004	0.000
happy	0.001	0.000	0.000	0.995	0.000	0.004	0.001
happy	0.001	0.001	0.001	0.979	0.000	0.016	0.002
happy	0.032	0.018	0.009	0.820	0.020	0.021	0.080
happy	0.042	0.042	0.006	0.812	0.017	0.013	0.068
happy	0.103	0.136	0.014	0.437	0.076	0.010	0.224
happy	0.111	0.058	0.011	0.462	0.062	0.014	0.282
happy	0.141	0.065	0.012	0.368	0.112	0.006	0.297
happy	0.103	0.060	0.012	0.357	0.162	0.005	0.301
neutral	0.185	0.049	0.017	0.209	0.259	0.007	0.276
happy	0.103	0.122	0.012	0.297	0.165	0.005	0.297
happy	0.096	0.206	0.016	0.403	0.109	0.011	0.160
happy	0.100	0.114	0.010	0.472	0.077	0.025	0.203
happy	0.080	0.068	0.007	0.487	0.042	0.025	0.291
happy	0.097	0.057	0.006	0.471	0.040	0.028	0.301
happy	0.064	0.058	0.016	0.532	0.108	0.020	0.200
happy	0.101	0.031	0.018	0.496	0.158	0.008	0.189
happy	0.136	0.102	0.023	0.429	0.123	0.010	0.177
happy	0.122	0.106	0.018	0.367	0.122	0.009	0.256
happy	0.108	0.124	0.015	0.450	0.101	0.014	0.188
happy	0.040	0.043	0.007	0.708	0.025	0.043	0.134
happy	0.041	0.025	0.005	0.732	0.020	0.037	0.140
happy	0.048	0.035	0.004	0.707	0.018	0.028	0.159
happy	0.083	0.039	0.004	0.648	0.029	0.027	0.171
happy	0.061	0.012	0.004	0.707	0.022	0.031	0.164
happy	0.114	0.061	0.025	0.515	0.129	0.013	0.143
happy	0.117	0.109	0.021	0.492	0.120	0.013	0.128
happy	0.108	0.026	0.022	0.491	0.139	0.012	0.202
happy	0.090	0.058	0.016	0.527	0.138	0.009	0.163
happy	0.108	0.098	0.016	0.446	0.129	0.013	0.190
happy	0.088	0.086	0.016	0.500	0.113	0.026	0.171
happy	0.085	0.111	0.012	0.552	0.071	0.027	0.142
happy	0.115	0.040	0.017	0.363	0.191	0.017	0.257
happy	0.121	0.049	0.015	0.412	0.176	0.009	0.218
happy	0.113	0.025	0.011	0.476	0.135	0.011	0.230
happy	0.127	0.046	0.015	0.428	0.175	0.007	0.201
happy	0.083	0.013	0.005	0.664	0.063	0.012	0.159
happy	0.086	0.039	0.008	0.594	0.089	0.008	0.177
happy	0.132	0.028	0.009	0.499	0.149	0.008	0.175
happy	0.105	0.031	0.007	0.653	0.072	0.013	0.119
happy	0.045	0.004	0.004	0.729	0.038	0.013	0.166
happy	0.073	0.015	0.006	0.691	0.065	0.013	0.136
happy	0.056	0.010	0.006	0.634	0.046	0.016	0.232
happy	0.047	0.002	0.001	0.711	0.013	0.033	0.192
happy	0.071	0.005	0.002	0.616	0.020	0.025	0.261
happy	0.146	0.011	0.003	0.434	0.035	0.024	0.347
happy	0.144	0.010	0.003	0.456	0.036	0.019	0.332
happy	0.128	0.007	0.003	0.554	0.033	0.026	0.251
happy	0.085	0.005	0.002	0.617	0.026	0.036	0.228
happy	0.056	0.002	0.001	0.671	0.014	0.035	0.221
happy	0.040	0.002	0.002	0.679	0.013	0.021	0.243
happy	0.025	0.003	0.002	0.743	0.011	0.028	0.189
happy	0.090	0.014	0.004	0.557	0.034	0.040	0.262
happy	0.043	0.007	0.004	0.734	0.052	0.009	0.152
happy	0.038	0.007	0.005	0.665	0.049	0.011	0.225
happy	0.055	0.006	0.004	0.677	0.060	0.008	0.191
happy	0.061	0.009	0.006	0.636	0.058	0.009	0.221
happy	0.057	0.007	0.007	0.595	0.054	0.011	0.269
happy	0.054	0.008	0.003	0.599	0.029	0.047	0.259
happy	0.100	0.004	0.003	0.505	0.031	0.043	0.314
neutral	0.098	0.018	0.003	0.402	0.041	0.035	0.403
happy	0.050	0.008	0.002	0.625	0.021	0.054	0.240
neutral	0.065	0.024	0.004	0.416	0.033	0.035	0.424
happy	0.065	0.007	0.003	0.551	0.025	0.047	0.301
neutral	0.125	0.017	0.003	0.318	0.046	0.045	0.447
neutral	0.113	0.014	0.004	0.347	0.040	0.076	0.405
happy	0.025	0.003	0.004	0.583	0.043	0.013	0.328
happy	0.052	0.016	0.005	0.569	0.073	0.011	0.274
happy	0.083	0.011	0.008	0.545	0.103	0.009	0.241
happy	0.045	0.004	0.003	0.551	0.029	0.035	0.332
neutral	0.091	0.007	0.003	0.394	0.042	0.028	0.434
neutral	0.087	0.007	0.002	0.401	0.048	0.040	0.414
happy	0.110	0.009	0.003	0.450	0.037	0.024	0.367
happy	0.068	0.003	0.003	0.513	0.031	0.051	0.331
happy	0.094	0.006	0.003	0.489	0.039	0.017	0.351
happy	0.067	0.003	0.002	0.545	0.027	0.020	0.336
happy	0.086	0.006	0.003	0.542	0.031	0.019	0.314
happy	0.050	0.003	0.002	0.636	0.019	0.043	0.247
happy	0.012	0.002	0.000	0.893	0.004	0.024	0.065
happy	0.002	0.000	0.000	0.968	0.001	0.017	0.011
happy	0.003	0.000	0.001	0.986	0.003	0.003	0.004
happy	0.000	0.000	0.000	0.998	0.000	0.001	0.001
happy	0.000	0.000	0.000	0.999	0.000	0.001	0.000
happy	0.000	0.000	0.000	0.999	0.000	0.001	0.000
happy	0.000	0.000	0.000	0.998	0.000	0.002	0.000
happy	0.000	0.000	0.000	0.997	0.000	0.002	0.000
happy	0.000	0.000	0.000	0.993	0.000	0.005	0.001
happy	0.000	0.000	0.000	0.994	0.000	0.005	0.000
happy	0.000	0.000	0.000	0.994	0.000	0.005	0.000
happy	0.000	0.000	0.000	0.994	0.000	0.005	0.000
happy	0.000	0.000	0.000	0.998	0.000	0.002	0.000
happy	0.000	0.000	0.000	0.997	0.000	0.003	0.000
happy	0.000	0.000	0.000	0.996	0.000	0.003	0.000
happy	0.000	0.000	0.000	0.997	0.000	0.003	0.000
happy	0.000	0.000	0.000	0.999	0.000	0.001	0.000
happy	0.000	0.000	0.000	0.998	0.000	0.002	0.000
happy	0.000	0.000	0.000	0.998	0.000	0.002	0.000
happy	0.000	0.000	0.000	0.998	0.000	0.002	0.000
happy	0.000	0.000	0.000	0.997	0.000	0.003	0.000
happy	0.000	0.000	0.000	0.998	0.000	0.002	0.000
happy	0.000	0.000	0.000	0.997	0.000	0.002	0.000
happy	0.000	0.000	0.000	0.995	0.000	0.004	0.001
happy	0.000	0.000	0.000	0.996	0.000	0.003	0.000
happy	0.000	0.000	0.000	0.984	0.000	0.015	0.001
happy	0.000	0.000	0.000	0.984	0.000	0.015	0.001
happy	0.000	0.000	0.000	0.986	0.000	0.013	0.000
happy	0.000	0.000	0.000	0.991	0.000	0.008	0.000
happy	0.000	0.000	0.000	0.988	0.000	0.012	0.000
happy	0.000	0.000	0.000	0.987	0.000	0.012	0.000
happy	0.000	0.000	0.000	0.980	0.000	0.019	0.000
happy	0.000	0.000	0.000	0.997	0.000	0.002	0.000
happy	0.000	0.000	0.000	0.997	0.000	0.002	0.001
happy	0.001	0.000	0.000	0.993	0.000	0.005	0.002
happy	0.000	0.000	0.000	0.993	0.000	0.005	0.001
happy	0.000	0.000	0.000	0.996	0.000	0.003	0.001
happy	0.000	0.000	0.000	0.996	0.000	0.002	0.001
happy	0.001	0.001	0.000	0.988	0.000	0.008	0.002
happy	0.000	0.000	0.000	0.984	0.000	0.014	0.001
happy	0.000	0.000	0.000	0.995	0.000	0.004	0.001
happy	0.000	0.000	0.000	0.983	0.000	0.016	0.000
happy	0.000	0.000	0.000	0.990	0.000	0.009	0.001
happy	0.000	0.000	0.000	0.970	0.000	0.028	0.001
happy	0.000	0.000	0.000	0.986	0.000	0.013	0.001
happy	0.000	0.000	0.000	0.979	0.000	0.020	0.001
happy	0.000	0.000	0.000	0.979	0.000	0.020	0.001
happy	0.000	0.000	0.000	0.988	0.000	0.011	0.001
happy	0.001	0.000	0.000	0.984	0.000	0.015	0.001
happy	0.000	0.000	0.000	0.995	0.000	0.003	0.001
happy	0.001	0.000	0.000	0.990	0.000	0.007	0.002
happy	0.000	0.000	0.000	0.997	0.000	0.002	0.001
happy	0.001	0.001	0.000	0.989	0.000	0.007	0.002
happy	0.000	0.000	0.000	0.991	0.000	0.006	0.002
happy	0.001	0.000	0.000	0.979	0.000	0.019	0.001
happy	0.001	0.000	0.000	0.982	0.000	0.017	0.000
happy	0.000	0.000	0.000	0.987	0.000	0.011	0.001
happy	0.000	0.000	0.000	0.995	0.000	0.004	0.000
happy	0.001	0.000	0.000	0.976	0.000	0.023	0.001
happy	0.000	0.000	0.000	0.987	0.000	0.012	0.000
happy	0.001	0.000	0.000	0.987	0.000	0.011	0.000
happy	0.000	0.000	0.000	0.992	0.000	0.007	0.001
happy	0.000	0.000	0.000	0.988	0.000	0.011	0.001
happy	0.001	0.001	0.000	0.985	0.000	0.011	0.002
happy	0.001	0.000	0.000	0.991	0.000	0.006	0.002
happy	0.000	0.000	0.000	0.992	0.000	0.007	0.001
happy	0.000	0.000	0.000	0.986	0.000	0.013	0.000
happy	0.000	0.000	0.000	0.988	0.000	0.011	0.000
happy	0.000	0.000	0.000	0.984	0.000	0.015	0.001
happy	0.000	0.000	0.000	0.981	0.000	0.018	0.001
happy	0.000	0.000	0.000	0.975	0.000	0.023	0.001
happy	0.000	0.000	0.000	0.983	0.000	0.016	0.001
happy	0.000	0.000	0.000	0.982	0.000	0.017	0.001
happy	0.000	0.000	0.000	0.994	0.000	0.005	0.001
happy	0.000	0.000	0.000	0.979	0.000	0.020	0.001
happy	0.001	0.001	0.000	0.980	0.000	0.016	0.002
happy	0.000	0.000	0.000	0.984	0.000	0.015	0.001
happy	0.000	0.000	0.000	0.985	0.000	0.014	0.001
happy	0.000	0.000	0.000	0.972	0.000	0.027	0.001
happy	0.000	0.000	0.000	0.982	0.000	0.016	0.001
happy	0.000	0.000	0.000	0.981	0.000	0.018	0.001
happy	0.000	0.000	0.000	0.986	0.000	0.013	0.000
happy	0.000	0.000	0.000	0.971	0.000	0.028	0.001
happy	0.001	0.000	0.000	0.982	0.000	0.016	0.001
happy	0.001	0.000	0.000	0.979	0.000	0.019	0.001
happy	0.000	0.000	0.000	0.980	0.000	0.018	0.001
happy	0.000	0.000	0.000	0.979	0.000	0.020	0.001
happy	0.001	0.000	0.000	0.983	0.000	0.014	0.001
happy	0.000	0.000	0.000	0.978	0.000	0.019	0.001
happy	0.002	0.001	0.000	0.951	0.000	0.045	0.001
happy	0.000	0.000	0.000	0.983	0.000	0.015	0.002
happy	0.001	0.000	0.000	0.980	0.000	0.017	0.002
happy	0.001	0.001	0.000	0.978	0.000	0.018	0.002
happy	0.001	0.001	0.000	0.981	0.000	0.016	0.001
happy	0.000	0.000	0.000	0.977	0.000	0.021	0.001
happy	0.002	0.001	0.001	0.975	0.001	0.016	0.004
happy	0.004	0.004	0.004	0.970	0.003	0.007	0.007
happy	0.001	0.000	0.000	0.980	0.000	0.015	0.004
happy	0.003	0.001	0.001	0.981	0.001	0.008	0.003
happy	0.005	0.002	0.002	0.972	0.002	0.013	0.005
happy	0.008	0.004	0.003	0.959	0.002	0.020	0.004
happy	0.016	0.013	0.003	0.946	0.002	0.013	0.006
happy	0.020	0.023	0.006	0.917	0.004	0.019	0.010
happy	0.010	0.010	0.003	0.938	0.003	0.026	0.010
happy	0.015	0.022	0.004	0.932	0.004	0.014	0.010
happy	0.030	0.062	0.009	0.816	0.011	0.028	0.045
happy	0.030	0.152	0.008	0.741	0.013	0.018	0.038
happy	0.058	0.133	0.007	0.666	0.031	0.021	0.083
happy	0.048	0.011	0.003	0.694	0.022	0.042	0.179
happy	0.044	0.012	0.003	0.720	0.017	0.047	0.157
happy	0.014	0.010	0.002	0.841	0.009	0.033	0.091
happy	0.029	0.011	0.003	0.786	0.014	0.025	0.131
happy	0.017	0.007	0.002	0.814	0.011	0.021	0.127
happy	0.030	0.016	0.003	0.791	0.016	0.040	0.103
happy	0.030	0.018	0.004	0.766	0.021	0.034	0.126
happy	0.029	0.022	0.006	0.708	0.032	0.025	0.177
happy	0.041	0.045	0.009	0.723	0.065	0.010	0.106
happy	0.052	0.034	0.011	0.654	0.094	0.012	0.144
happy	0.050	0.059	0.009	0.699	0.047	0.013	0.124
happy	0.066	0.050	0.010	0.628	0.063	0.015	0.167
happy	0.043	0.018	0.010	0.736	0.064	0.008	0.121
happy	0.064	0.023	0.011	0.653	0.085	0.011	0.153
happy	0.063	0.007	0.004	0.673	0.026	0.036	0.191
happy	0.063	0.009	0.004	0.614	0.031	0.034	0.246
happy	0.039	0.005	0.004	0.712	0.023	0.028	0.188
happy	0.072	0.006	0.004	0.669	0.034	0.023	0.192
happy	0.086	0.003	0.004	0.598	0.039	0.034	0.235
happy	0.038	0.006	0.003	0.694	0.020	0.034	0.206
happy	0.061	0.005	0.003	0.655	0.026	0.031	0.219
happy	0.047	0.006	0.003	0.679	0.021	0.026	0.217
happy	0.062	0.005	0.003	0.629	0.025	0.034	0.243
happy	0.043	0.004	0.002	0.718	0.019	0.029	0.185
happy	0.094	0.009	0.002	0.628	0.025	0.028	0.213
happy	0.018	0.007	0.002	0.793	0.009	0.034	0.137
happy	0.041	0.016	0.005	0.684	0.045	0.020	0.190
happy	0.032	0.004	0.005	0.825	0.033	0.006	0.096
happy	0.019	0.005	0.003	0.883	0.018	0.006	0.065
happy	0.017	0.003	0.003	0.850	0.014	0.009	0.105
happy	0.022	0.006	0.004	0.829	0.019	0.011	0.109
happy	0.018	0.003	0.003	0.878	0.016	0.006	0.076
happy	0.016	0.002	0.003	0.880	0.015	0.005	0.079
happy	0.021	0.003	0.003	0.849	0.018	0.006	0.100
happy	0.042	0.018	0.004	0.634	0.041	0.017	0.245
happy	0.039	0.002	0.002	0.699	0.019	0.032	0.208
happy	0.052	0.005	0.002	0.664	0.028	0.034	0.214
happy	0.052	0.011	0.005	0.731	0.074	0.007	0.120
happy	0.085	0.023	0.008	0.621	0.104	0.011	0.147
happy	0.055	0.013	0.006	0.745	0.046	0.013	0.123
happy	0.045	0.012	0.004	0.765	0.035	0.011	0.127
happy	0.066	0.021	0.008	0.651	0.066	0.015	0.174
happy	0.060	0.010	0.005	0.663	0.053	0.022	0.186
happy	0.052	0.002	0.002	0.729	0.018	0.034	0.162
happy	0.063	0.002	0.002	0.634	0.025	0.035	0.239
happy	0.030	0.004	0.002	0.653	0.018	0.034	0.259
happy	0.056	0.002	0.002	0.673	0.021	0.038	0.208
happy	0.029	0.002	0.001	0.826	0.008	0.013	0.122
happy	0.026	0.001	0.001	0.769	0.012	0.014	0.178
happy	0.045	0.002	0.002	0.627	0.015	0.028	0.282
happy	0.046	0.001	0.001	0.682	0.020	0.015	0.235
happy	0.055	0.001	0.002	0.647	0.020	0.017	0.258
happy	0.033	0.000	0.004	0.552	0.026	0.039	0.346
happy	0.036	0.002	0.003	0.664	0.022	0.025	0.247
happy	0.029	0.002	0.004	0.749	0.035	0.015	0.166
happy	0.026	0.003	0.002	0.824	0.017	0.010	0.118
happy	0.048	0.006	0.005	0.743	0.037	0.008	0.155
happy	0.031	0.004	0.004	0.791	0.032	0.008	0.130
happy	0.037	0.007	0.003	0.775	0.024	0.010	0.144
happy	0.064	0.030	0.006	0.623	0.066	0.011	0.201
happy	0.043	0.010	0.004	0.697	0.052	0.012	0.181
happy	0.032	0.006	0.004	0.760	0.027	0.015	0.158
happy	0.084	0.067	0.005	0.449	0.099	0.010	0.286
happy	0.053	0.020	0.006	0.667	0.057	0.008	0.189
happy	0.026	0.004	0.003	0.767	0.020	0.011	0.167
happy	0.025	0.003	0.003	0.772	0.020	0.011	0.166
happy	0.032	0.001	0.001	0.730	0.015	0.017	0.204
happy	0.022	0.001	0.001	0.766	0.012	0.020	0.177
happy	0.044	0.011	0.002	0.594	0.024	0.032	0.294
happy	0.025	0.003	0.001	0.752	0.011	0.023	0.184
happy	0.032	0.001	0.001	0.741	0.016	0.012	0.198
happy	0.035	0.001	0.001	0.724	0.016	0.014	0.209
happy	0.028	0.003	0.002	0.700	0.013	0.028	0.226
happy	0.036	0.004	0.002	0.695	0.016	0.026	0.222
happy	0.020	0.005	0.001	0.744	0.007	0.021	0.201
happy	0.024	0.004	0.001	0.707	0.010	0.022	0.231
happy	0.076	0.022	0.003	0.532	0.052	0.010	0.305
happy	0.024	0.001	0.001	0.755	0.012	0.024	0.184
happy	0.042	0.012	0.003	0.681	0.034	0.021	0.208
happy	0.049	0.022	0.006	0.639	0.070	0.011	0.202
happy	0.028	0.004	0.004	0.779	0.026	0.011	0.149
happy	0.047	0.006	0.005	0.705	0.047	0.011	0.180
happy	0.031	0.007	0.005	0.702	0.042	0.018	0.194
happy	0.018	0.001	0.003	0.732	0.028	0.023	0.195
happy	0.032	0.005	0.004	0.744	0.029	0.009	0.178
happy	0.016	0.001	0.002	0.818	0.014	0.024	0.126
happy	0.026	0.001	0.001	0.710	0.013	0.025	0.225
happy	0.049	0.002	0.001	0.633	0.020	0.024	0.271
happy	0.018	0.001	0.001	0.743	0.009	0.019	0.210
happy	0.073	0.022	0.003	0.500	0.048	0.015	0.339
happy	0.050	0.011	0.005	0.705	0.068	0.007	0.154
happy	0.047	0.012	0.004	0.714	0.063	0.008	0.151
happy	0.040	0.007	0.006	0.622	0.050	0.011	0.264
happy	0.032	0.006	0.003	0.615	0.020	0.033	0.291
happy	0.029	0.001	0.002	0.620	0.031	0.031	0.287
happy	0.037	0.003	0.004	0.665	0.033	0.022	0.236
happy	0.037	0.009	0.005	0.655	0.083	0.010	0.201
happy	0.066	0.031	0.006	0.534	0.124	0.008	0.231
happy	0.051	0.018	0.005	0.625	0.109	0.008	0.183
happy	0.066	0.017	0.006	0.498	0.152	0.009	0.252
sad	0.047	0.003	0.017	0.192	0.555	0.003	0.183
sad	0.039	0.001	0.014	0.283	0.495	0.004	0.165
happy	0.048	0.013	0.004	0.520	0.058	0.015	0.342
happy	0.124	0.013	0.006	0.426	0.075	0.047	0.308
happy	0.074	0.012	0.008	0.609	0.121	0.006	0.170
happy	0.057	0.005	0.006	0.659	0.045	0.010	0.218
happy	0.186	0.028	0.013	0.287	0.212	0.009	0.264
neutral	0.129	0.044	0.013	0.246	0.184	0.006	0.379
neutral	0.133	0.011	0.014	0.112	0.334	0.003	0.393
sad	0.099	0.008	0.013	0.113	0.467	0.002	0.297
neutral	0.110	0.025	0.008	0.096	0.349	0.001	0.411
sad	0.155	0.012	0.013	0.125	0.359	0.003	0.333
neutral	0.162	0.020	0.013	0.132	0.330	0.007	0.335
neutral	0.184	0.013	0.015	0.079	0.307	0.007	0.395
neutral	0.043	0.011	0.002	0.344	0.040	0.027	0.533
happy	0.022	0.003	0.001	0.629	0.024	0.023	0.298
happy	0.024	0.001	0.001	0.720	0.014	0.026	0.213
happy	0.003	0.000	0.000	0.928	0.002	0.019	0.047
happy	0.002	0.001	0.000	0.948	0.002	0.015	0.033
happy	0.014	0.000	0.001	0.760	0.008	0.013	0.204
happy	0.008	0.000	0.000	0.785	0.004	0.020	0.183
happy	0.008	0.001	0.001	0.638	0.029	0.007	0.316
happy	0.007	0.000	0.001	0.866	0.015	0.004	0.108
happy	0.010	0.001	0.001	0.871	0.016	0.004	0.099
happy	0.017	0.001	0.001	0.808	0.018	0.007	0.148
happy	0.018	0.001	0.001	0.812	0.017	0.005	0.146
happy	0.015	0.001	0.001	0.780	0.018	0.005	0.180
happy	0.025	0.009	0.003	0.548	0.047	0.007	0.362
happy	0.027	0.005	0.011	0.585	0.092	0.009	0.271
happy	0.039	0.006	0.003	0.587	0.023	0.031	0.311
happy	0.033	0.003	0.002	0.528	0.019	0.027	0.388
happy	0.021	0.014	0.006	0.521	0.057	0.021	0.361
neutral	0.060	0.016	0.005	0.341	0.108	0.012	0.457
neutral	0.057	0.030	0.006	0.320	0.154	0.013	0.420
neutral	0.054	0.019	0.006	0.312	0.193	0.014	0.402
neutral	0.055	0.020	0.005	0.337	0.159	0.009	0.415
neutral	0.095	0.005	0.001	0.175	0.048	0.007	0.669
neutral	0.024	0.000	0.006	0.254	0.108	0.009	0.599
neutral	0.181	0.017	0.003	0.153	0.081	0.005	0.560
neutral	0.090	0.002	0.002	0.323	0.052	0.014	0.517
neutral	0.116	0.006	0.002	0.245	0.048	0.007	0.577
happy	0.091	0.005	0.002	0.468	0.041	0.022	0.372
neutral	0.089	0.005	0.002	0.342	0.038	0.013	0.512
neutral	0.079	0.005	0.002	0.414	0.039	0.023	0.437
neutral	0.058	0.005	0.001	0.427	0.024	0.022	0.462
happy	0.031	0.076	0.001	0.539	0.017	0.023	0.312
happy	0.074	0.005	0.005	0.444	0.083	0.039	0.350
happy	0.014	0.004	0.002	0.859	0.021	0.019	0.080
happy	0.046	0.020	0.001	0.497	0.028	0.030	0.376
happy	0.021	0.003	0.001	0.657	0.014	0.054	0.250
happy	0.028	0.004	0.001	0.648	0.015	0.061	0.243
happy	0.030	0.042	0.002	0.590	0.021	0.039	0.276
happy	0.033	0.003	0.001	0.646	0.018	0.049	0.251
happy	0.037	0.011	0.004	0.813	0.044	0.019	0.073
happy	0.024	0.008	0.003	0.834	0.037	0.018	0.076
happy	0.029	0.002	0.002	0.755	0.025	0.039	0.149
happy	0.060	0.003	0.001	0.716	0.028	0.033	0.158
happy	0.048	0.024	0.001	0.555	0.028	0.046	0.298
happy	0.039	0.006	0.002	0.618	0.017	0.076	0.242
happy	0.050	0.007	0.002	0.649	0.022	0.062	0.209
happy	0.041	0.005	0.001	0.616	0.025	0.051	0.261
happy	0.059	0.006	0.001	0.607	0.026	0.020	0.282
happy	0.045	0.003	0.001	0.713	0.018	0.030	0.191
happy	0.024	0.003	0.001	0.687	0.014	0.047	0.225
happy	0.032	0.002	0.001	0.706	0.018	0.042	0.199
happy	0.040	0.009	0.001	0.612	0.021	0.051	0.265
happy	0.029	0.002	0.001	0.696	0.015	0.068	0.189
happy	0.034	0.003	0.001	0.691	0.016	0.039	0.216
happy	0.029	0.002	0.001	0.754	0.015	0.045	0.152
happy	0.030	0.004	0.002	0.765	0.018	0.037	0.145
happy	0.064	0.015	0.004	0.578	0.091	0.017	0.231
happy	0.066	0.015	0.004	0.597	0.090	0.019	0.209
happy	0.040	0.004	0.003	0.654	0.038	0.031	0.230
happy	0.060	0.004	0.002	0.546	0.036	0.060	0.292
happy	0.030	0.009	0.002	0.555	0.019	0.028	0.357
happy	0.018	0.004	0.001	0.630	0.012	0.042	0.292
happy	0.032	0.004	0.001	0.664	0.017	0.058	0.225
happy	0.024	0.004	0.001	0.625	0.015	0.033	0.296
happy	0.029	0.002	0.001	0.652	0.017	0.041	0.258
happy	0.057	0.005	0.002	0.535	0.027	0.036	0.337
happy	0.077	0.009	0.002	0.615	0.037	0.025	0.235
happy	0.094	0.011	0.002	0.585	0.043	0.022	0.242
happy	0.061	0.007	0.002	0.564	0.025	0.029	0.313
happy	0.054	0.007	0.003	0.692	0.032	0.043	0.169
happy	0.036	0.009	0.004	0.767	0.058	0.013	0.114
happy	0.057	0.019	0.006	0.678	0.086	0.017	0.137
neutral	0.028	0.010	0.004	0.317	0.046	0.023	0.572
neutral	0.022	0.006	0.002	0.459	0.017	0.032	0.461
happy	0.049	0.009	0.006	0.656	0.071	0.022	0.187
happy	0.050	0.014	0.006	0.678	0.084	0.013	0.156
happy	0.035	0.011	0.004	0.787	0.042	0.013	0.107
happy	0.031	0.014	0.004	0.819	0.046	0.013	0.073
happy	0.027	0.008	0.004	0.767	0.041	0.027	0.126
happy	0.033	0.010	0.003	0.772	0.040	0.015	0.127
happy	0.029	0.009	0.002	0.522	0.023	0.031	0.384
happy	0.027	0.013	0.001	0.606	0.016	0.025	0.311
happy	0.045	0.003	0.001	0.595	0.021	0.041	0.295
happy	0.028	0.002	0.001	0.514	0.017	0.038	0.399
happy	0.047	0.004	0.001	0.775	0.020	0.024	0.128
happy	0.035	0.003	0.001	0.762	0.021	0.047	0.131
happy	0.050	0.003	0.001	0.767	0.017	0.026	0.137
happy	0.041	0.003	0.001	0.687	0.021	0.031	0.215
happy	0.051	0.004	0.001	0.773	0.018	0.025	0.128
happy	0.032	0.003	0.001	0.716	0.019	0.051	0.177
happy	0.018	0.003	0.001	0.652	0.008	0.065	0.252
happy	0.039	0.012	0.002	0.565	0.020	0.046	0.317
happy	0.038	0.002	0.002	0.696	0.022	0.044	0.197
happy	0.036	0.002	0.002	0.649	0.022	0.049	0.241
happy	0.027	0.002	0.002	0.704	0.016	0.048	0.201
happy	0.021	0.001	0.001	0.702	0.011	0.070	0.193
happy	0.033	0.011	0.004	0.764	0.056	0.016	0.115
happy	0.020	0.010	0.002	0.821	0.029	0.019	0.098
happy	0.035	0.013	0.005	0.710	0.059	0.016	0.163
happy	0.024	0.008	0.004	0.754	0.031	0.034	0.145
happy	0.033	0.008	0.005	0.762	0.073	0.011	0.108
happy	0.034	0.011	0.005	0.769	0.052	0.017	0.113
happy	0.031	0.004	0.002	0.610	0.021	0.045	0.288
happy	0.044	0.003	0.002	0.695	0.022	0.028	0.207
happy	0.031	0.001	0.001	0.504	0.019	0.054	0.390
happy	0.035	0.002	0.001	0.513	0.019	0.046	0.385
happy	0.023	0.004	0.001	0.583	0.011	0.063	0.314
happy	0.020	0.002	0.001	0.585	0.010	0.035	0.345
happy	0.067	0.001	0.002	0.500	0.033	0.034	0.362
happy	0.021	0.003	0.001	0.627	0.011	0.028	0.309
happy	0.062	0.001	0.002	0.539	0.027	0.051	0.318
happy	0.034	0.004	0.001	0.592	0.018	0.054	0.297
happy	0.056	0.017	0.003	0.702	0.042	0.055	0.124
happy	0.050	0.011	0.005	0.508	0.076	0.020	0.330
happy	0.045	0.016	0.005	0.750	0.059	0.019	0.106
happy	0.067	0.008	0.007	0.539	0.078	0.019	0.282
happy	0.044	0.015	0.006	0.734	0.073	0.018	0.111
happy	0.032	0.008	0.003	0.680	0.059	0.018	0.199
happy	0.029	0.002	0.001	0.640	0.021	0.052	0.254
happy	0.030	0.003	0.001	0.630	0.019	0.054	0.263
happy	0.036	0.003	0.001	0.608	0.015	0.055	0.283
happy	0.019	0.006	0.001	0.559	0.016	0.018	0.381
happy	0.031	0.005	0.002	0.494	0.021	0.022	0.426
happy	0.016	0.005	0.001	0.579	0.012	0.021	0.366
happy	0.032	0.001	0.001	0.669	0.019	0.040	0.237
happy	0.038	0.008	0.001	0.589	0.026	0.049	0.288
happy	0.022	0.006	0.001	0.580	0.017	0.019	0.356
neutral	0.044	0.042	0.002	0.358	0.023	0.023	0.508
happy	0.050	0.023	0.002	0.477	0.024	0.033	0.391
happy	0.031	0.003	0.001	0.676	0.017	0.048	0.224
happy	0.047	0.005	0.001	0.547	0.022	0.028	0.350
happy	0.025	0.003	0.001	0.672	0.015	0.042	0.242
happy	0.021	0.001	0.001	0.650	0.013	0.050	0.263
happy	0.036	0.003	0.001	0.609	0.020	0.029	0.303
happy	0.053	0.004	0.003	0.602	0.034	0.052	0.253
happy	0.041	0.006	0.003	0.589	0.030	0.066	0.266
happy	0.025	0.002	0.001	0.644	0.018	0.026	0.285
happy	0.022	0.002	0.001	0.701	0.012	0.043	0.219
happy	0.021	0.002	0.001	0.718	0.010	0.043	0.204
happy	0.021	0.001	0.001	0.729	0.010	0.046	0.192
happy	0.022	0.002	0.002	0.814	0.017	0.034	0.110
happy	0.028	0.004	0.002	0.690	0.015	0.055	0.206
happy	0.023	0.002	0.001	0.845	0.011	0.022	0.097
happy	0.017	0.001	0.001	0.873	0.009	0.018	0.080
happy	0.028	0.002	0.002	0.709	0.016	0.048	0.195
happy	0.032	0.003	0.002	0.644	0.019	0.055	0.245
happy	0.025	0.002	0.001	0.696	0.012	0.064	0.201
happy	0.025	0.002	0.001	0.719	0.011	0.034	0.207
happy	0.027	0.001	0.001	0.627	0.014	0.033	0.296
happy	0.040	0.001	0.001	0.678	0.014	0.028	0.238
happy	0.035	0.001	0.002	0.630	0.013	0.034	0.286
happy	0.042	0.007	0.002	0.694	0.015	0.028	0.212
happy	0.035	0.003	0.001	0.679	0.013	0.065	0.203
happy	0.022	0.003	0.001	0.700	0.009	0.046	0.219
happy	0.023	0.003	0.001	0.851	0.008	0.012	0.103
happy	0.029	0.003	0.002	0.649	0.022	0.039	0.257
happy	0.020	0.003	0.001	0.740	0.012	0.063	0.161
happy	0.016	0.002	0.001	0.766	0.012	0.040	0.164
happy	0.018	0.004	0.001	0.734	0.011	0.063	0.169
happy	0.016	0.001	0.001	0.781	0.009	0.048	0.143
happy	0.016	0.004	0.001	0.754	0.013	0.045	0.167
happy	0.021	0.006	0.001	0.789	0.008	0.036	0.139
happy	0.018	0.003	0.001	0.777	0.013	0.040	0.149
happy	0.021	0.004	0.002	0.689	0.016	0.050	0.218
happy	0.012	0.002	0.001	0.801	0.006	0.029	0.150
happy	0.020	0.003	0.001	0.768	0.010	0.032	0.166
happy	0.024	0.005	0.001	0.717	0.015	0.055	0.183
happy	0.028	0.002	0.001	0.715	0.013	0.034	0.206
happy	0.030	0.004	0.001	0.705	0.015	0.029	0.216
happy	0.027	0.003	0.001	0.720	0.012	0.032	0.205
happy	0.025	0.003	0.002	0.712	0.013	0.053	0.192
happy	0.020	0.002	0.001	0.812	0.009	0.028	0.129
happy	0.031	0.005	0.001	0.740	0.016	0.043	0.164
happy	0.027	0.008	0.001	0.778	0.009	0.025	0.152
happy	0.043	0.004	0.002	0.642	0.030	0.055	0.224
happy	0.036	0.004	0.002	0.702	0.020	0.049	0.185
happy	0.033	0.003	0.001	0.683	0.017	0.061	0.201
happy	0.044	0.009	0.003	0.660	0.025	0.066	0.193
happy	0.034	0.011	0.002	0.694	0.024	0.050	0.185
