prediction	angry	disgust	fear	happy	sad	surprise	neutral
angry	0.398	0.000	0.015	0.001	0.356	0.001	0.229
neutral	0.235	0.000	0.006	0.002	0.276	0.001	0.480
neutral	0.186	0.000	0.004	0.002	0.095	0.000	0.714
neutral	0.315	0.000	0.013	0.004	0.280	0.001	0.387
sad	0.352	0.000	0.013	0.006	0.357	0.002	0.270
sad	0.241	0.000	0.025	0.007	0.420	0.002	0.306
sad	0.313	0.000	0.013	0.000	0.360	0.000	0.313
sad	0.211	0.000	0.013	0.002	0.526	0.000	0.248
sad	0.337	0.000	0.030	0.001	0.492	0.000	0.139
sad	0.118	0.000	0.033	0.001	0.636	0.000	0.212
sad	0.056	0.000	0.038	0.000	0.855	0.000	0.050
sad	0.182	0.001	0.029	0.001	0.728	0.000	0.060
sad	0.211	0.000	0.033	0.001	0.601	0.000	0.154
sad	0.205	0.000	0.018	0.001	0.616	0.000	0.159
sad	0.185	0.000	0.026	0.001	0.506	0.000	0.281
sad	0.314	0.000	0.015	0.000	0.552	0.000	0.118
sad	0.314	0.000	0.021	0.000	0.562	0.000	0.103
sad	0.102	0.000	0.024	0.000	0.531	0.000	0.343
sad	0.221	0.000	0.026	0.000	0.463	0.000	0.290
sad	0.354	0.000	0.009	0.000	0.397	0.000	0.240
angry	0.402	0.000	0.005	0.000	0.273	0.001	0.319
neutral	0.326	0.000	0.007	0.000	0.231	0.000	0.436
angry	0.425	0.000	0.011	0.000	0.198	0.000	0.366
angry	0.380	0.000	0.016	0.002	0.230	0.000	0.372
angry	0.419	0.000	0.013	0.003	0.189	0.000	0.377
angry	0.582	0.000	0.006	0.001	0.126	0.003	0.282
angry	0.581	0.000	0.012	0.001	0.160	0.005	0.241
angry	0.475	0.000	0.010	0.001	0.227	0.000	0.288
angry	0.492	0.000	0.004	0.000	0.128	0.001	0.374
angry	0.500	0.000	0.006	0.000	0.178	0.000	0.316
neutral	0.336	0.000	0.007	0.000	0.143	0.000	0.514
angry	0.456	0.000	0.005	0.000	0.120	0.000	0.420
neutral	0.356	0.000	0.004	0.000	0.157	0.000	0.483
angry	0.462	0.000	0.007	0.000	0.168	0.000	0.363
neutral	0.404	0.000	0.004	0.000	0.166	0.000	0.425
neutral	0.357	0.000	0.005	0.000	0.202	0.000	0.435
neutral	0.302	0.000	0.006	0.000	0.244	0.000	0.448
neutral	0.376	0.000	0.009	0.000	0.228	0.000	0.387
neutral	0.347	0.000	0.005	0.001	0.236	0.000	0.412
angry	0.393	0.000	0.012	0.000	0.261	0.000	0.334
neutral	0.287	0.000	0.012	0.000	0.289	0.000	0.411
angry	0.433	0.000	0.006	0.000	0.213	0.000	0.348
angry	0.373	0.000	0.011	0.000	0.243	0.000	0.372
neutral	0.360	0.000	0.013	0.000	0.222	0.000	0.405
angry	0.410	0.000	0.008	0.000	0.231	0.000	0.351
neutral	0.299	0.000	0.004	0.000	0.192	0.000	0.504
sad	0.268	0.000	0.010	0.000	0.471	0.000	0.251
neutral	0.294	0.000	0.007	0.001	0.230	0.000	0.468
angry	0.463	0.000	0.005	0.000	0.237	0.000	0.294
angry	0.535	0.000	0.005	0.000	0.199	0.000	0.261
angry	0.483	0.000	0.004	0.000	0.246	0.000	0.267
sad	0.228	0.000	0.009	0.000	0.500	0.000	0.262
sad	0.260	0.000	0.010	0.000	0.445	0.000	0.285
sad	0.142	0.000	0.011	0.000	0.550	0.000	0.296
sad	0.170	0.000	0.011	0.000	0.623	0.000	0.195
sad	0.252	0.000	0.015	0.000	0.472	0.000	0.260
sad	0.237	0.000	0.012	0.000	0.499	0.000	0.251
sad	0.285	0.000	0.009	0.000	0.465	0.000	0.239
neutral	0.175	0.000	0.004	0.001	0.300	0.000	0.520
neutral	0.265	0.000	0.006	0.001	0.258	0.000	0.470
sad	0.331	0.000	0.009	0.000	0.379	0.000	0.281
neutral	0.265	0.000	0.010	0.002	0.231	0.001	0.492
neutral	0.273	0.000	0.010	0.000	0.279	0.000	0.437
angry	0.347	0.000	0.010	0.001	0.312	0.000	0.330
angry	0.373	0.000	0.008	0.001	0.293	0.001	0.325
neutral	0.343	0.000	0.008	0.001	0.273	0.001	0.373
neutral	0.149	0.000	0.006	0.002	0.280	0.000	0.563
sad	0.143	0.000	0.013	0.001	0.572	0.000	0.272
sad	0.289	0.000	0.016	0.001	0.516	0.000	0.178
sad	0.200	0.000	0.011	0.000	0.512	0.000	0.275
sad	0.247	0.000	0.018	0.000	0.584	0.000	0.151
sad	0.187	0.000	0.018	0.001	0.569	0.000	0.225
sad	0.318	0.000	0.018	0.000	0.517	0.000	0.147
sad	0.169	0.000	0.012	0.000	0.571	0.000	0.248
neutral	0.232	0.000	0.006	0.001	0.342	0.000	0.418
neutral	0.144	0.000	0.007	0.001	0.294	0.000	0.553
neutral	0.298	0.000	0.005	0.001	0.309	0.000	0.388
neutral	0.335	0.000	0.007	0.001	0.300	0.000	0.357
sad	0.323	0.000	0.010	0.001	0.335	0.001	0.330
sad	0.279	0.000	0.006	0.001	0.380	0.000	0.334
sad	0.219	0.000	0.013	0.001	0.415	0.000	0.352
neutral	0.167	0.000	0.008	0.001	0.395	0.000	0.428
sad	0.302	0.000	0.013	0.001	0.355	0.000	0.329
neutral	0.295	0.000	0.010	0.001	0.223	0.000	0.470
neutral	0.182	0.000	0.009	0.001	0.391	0.000	0.417
neutral	0.165	0.000	0.008	0.000	0.290	0.000	0.536
sad	0.216	0.000	0.012	0.000	0.642	0.000	0.130
sad	0.225	0.000	0.009	0.001	0.491	0.000	0.273
sad	0.194	0.000	0.022	0.001	0.425	0.000	0.359
sad	0.132	0.000	0.018	0.001	0.513	0.000	0.335
sad	0.159	0.000	0.017	0.001	0.559	0.000	0.265
sad	0.174	0.000	0.023	0.000	0.599	0.000	0.204
sad	0.196	0.000	0.019	0.000	0.582	0.000	0.203
sad	0.194	0.000	0.019	0.001	0.524	0.000	0.263
sad	0.276	0.000	0.013	0.001	0.516	0.000	0.194
sad	0.235	0.000	0.018	0.001	0.551	0.000	0.194
sad	0.213	0.000	0.012	0.001	0.568	0.001	0.207
sad	0.326	0.000	0.011	0.000	0.530	0.000	0.133
sad	0.322	0.000	0.011	0.001	0.511	0.000	0.154
sad	0.221	0.000	0.010	0.001	0.450	0.001	0.317
sad	0.179	0.000	0.010	0.001	0.536	0.001	0.274
sad	0.168	0.000	0.008	0.001	0.643	0.000	0.180
sad	0.311	0.000	0.011	0.000	0.557	0.000	0.121
sad	0.162	0.000	0.014	0.000	0.577	0.000	0.247
sad	0.154	0.000	0.017	0.001	0.651	0.000	0.177
sad	0.190	0.000	0.014	0.001	0.494	0.000	0.301
sad	0.181	0.000	0.014	0.000	0.565	0.000	0.239
sad	0.159	0.000	0.014	0.000	0.604	0.000	0.222
sad	0.253	0.000	0.020	0.001	0.402	0.000	0.323
sad	0.262	0.000	0.013	0.000	0.510	0.000	0.214
sad	0.207	0.000	0.012	0.002	0.399	0.001	0.378
sad	0.132	0.000	0.007	0.000	0.469	0.000	0.392
sad	0.348	0.000	0.008	0.000	0.515	0.000	0.129
sad	0.349	0.000	0.017	0.000	0.468	0.000	0.166
angry	0.432	0.000	0.018	0.000	0.396	0.000	0.154
sad	0.246	0.000	0.030	0.000	0.563	0.000	0.160
sad	0.149	0.000	0.012	0.000	0.686	0.000	0.152
sad	0.184	0.000	0.025	0.000	0.545	0.000	0.246
sad	0.335	0.000	0.015	0.000	0.544	0.000	0.106
sad	0.386	0.000	0.023	0.000	0.469	0.000	0.122
angry	0.373	0.000	0.011	0.000	0.331	0.000	0.285
sad	0.381	0.000	0.011	0.000	0.481	0.000	0.126
sad	0.264	0.000	0.012	0.000	0.496	0.000	0.228
sad	0.248	0.000	0.008	0.000	0.410	0.000	0.334
sad	0.257	0.000	0.011	0.001	0.460	0.000	0.270
sad	0.220	0.000	0.026	0.000	0.572	0.000	0.182
sad	0.257	0.000	0.027	0.001	0.508	0.000	0.206
angry	0.355	0.000	0.016	0.001	0.333	0.000	0.295
sad	0.238	0.000	0.025	0.002	0.440	0.000	0.296
sad	0.174	0.000	0.015	0.001	0.604	0.000	0.206
sad	0.349	0.000	0.016	0.001	0.462	0.001	0.171
sad	0.206	0.000	0.013	0.002	0.543	0.000	0.236
sad	0.214	0.000	0.011	0.001	0.558	0.000	0.216
sad	0.269	0.000	0.028	0.002	0.486	0.001	0.214
sad	0.260	0.000	0.021	0.004	0.384	0.001	0.330
sad	0.259	0.000	0.020	0.001	0.507	0.000	0.212
sad	0.251	0.000	0.015	0.002	0.407	0.001	0.324
sad	0.385	0.000	0.018	0.000	0.511	0.000	0.085
sad	0.207	0.000	0.017	0.000	0.649	0.000	0.128
sad	0.254	0.000	0.014	0.000	0.621	0.000	0.110
sad	0.322	0.000	0.020	0.002	0.436	0.001	0.218
sad	0.236	0.000	0.042	0.002	0.555	0.001	0.165
sad	0.209	0.000	0.013	0.001	0.587	0.000	0.189
angry	0.430	0.000	0.018	0.000	0.410	0.000	0.141
sad	0.350	0.000	0.018	0.000	0.508	0.000	0.123
sad	0.289	0.000	0.052	0.002	0.542	0.001	0.114
sad	0.274	0.000	0.031	0.002	0.558	0.001	0.134
sad	0.361	0.000	0.018	0.000	0.564	0.000	0.056
sad	0.216	0.000	0.012	0.001	0.614	0.000	0.157
sad	0.188	0.000	0.015	0.000	0.645	0.000	0.151
sad	0.230	0.000	0.022	0.001	0.519	0.000	0.229
sad	0.255	0.000	0.010	0.001	0.427	0.000	0.308
angry	0.430	0.000	0.011	0.001	0.277	0.000	0.281
angry	0.357	0.000	0.008	0.001	0.355	0.000	0.280
angry	0.549	0.000	0.010	0.001	0.195	0.000	0.244
angry	0.414	0.000	0.011	0.001	0.327	0.000	0.246
neutral	0.245	0.000	0.010	0.001	0.367	0.000	0.377
sad	0.333	0.000	0.013	0.001	0.430	0.000	0.222
angry	0.425	0.000	0.008	0.002	0.307	0.000	0.258
sad	0.234	0.000	0.020	0.001	0.419	0.000	0.326
sad	0.209	0.000	0.035	0.001	0.613	0.000	0.142
sad	0.273	0.000	0.054	0.001	0.518	0.000	0.153
sad	0.271	0.000	0.024	0.002	0.502	0.001	0.201
sad	0.237	0.000	0.014	0.001	0.516	0.000	0.231
sad	0.236	0.000	0.025	0.001	0.497	0.000	0.241
sad	0.331	0.000	0.017	0.001	0.433	0.000	0.217
sad	0.350	0.000	0.024	0.000	0.561	0.000	0.065
sad	0.285	0.000	0.031	0.001	0.504	0.000	0.179
neutral	0.261	0.000	0.014	0.002	0.356	0.000	0.368
sad	0.292	0.000	0.023	0.000	0.425	0.000	0.259
neutral	0.259	0.000	0.008	0.001	0.365	0.000	0.368
sad	0.333	0.000	0.028	0.000	0.424	0.000	0.214
angry	0.355	0.000	0.017	0.001	0.324	0.000	0.304
sad	0.266	0.000	0.016	0.000	0.410	0.000	0.307
sad	0.264	0.000	0.009	0.000	0.543	0.000	0.183
sad	0.307	0.000	0.014	0.000	0.495	0.000	0.183
sad	0.265	0.000	0.013	0.001	0.391	0.000	0.330
sad	0.242	0.000	0.024	0.001	0.527	0.000	0.207
sad	0.261	0.000	0.014	0.000	0.552	0.000	0.173
sad	0.315	0.000	0.017	0.001	0.435	0.000	0.232
sad	0.296	0.000	0.019	0.002	0.434	0.000	0.248
sad	0.272	0.000	0.017	0.001	0.431	0.001	0.278
sad	0.232	0.000	0.043	0.001	0.573	0.001	0.150
sad	0.235	0.000	0.043	0.001	0.588	0.000	0.133
sad	0.213	0.000	0.039	0.000	0.653	0.000	0.095
sad	0.382	0.000	0.013	0.000	0.494	0.000	0.110
sad	0.344	0.000	0.021	0.001	0.369	0.000	0.264
sad	0.242	0.000	0.020	0.000	0.518	0.000	0.220
sad	0.320	0.000	0.018	0.001	0.376	0.000	0.284
sad	0.281	0.000	0.024	0.000	0.455	0.000	0.240
sad	0.254	0.000	0.014	0.000	0.565	0.000	0.166
sad	0.241	0.000	0.019	0.000	0.488	0.000	0.252
sad	0.279	0.000	0.014	0.000	0.551	0.001	0.154
sad	0.254	0.000	0.017	0.000	0.580	0.001	0.148
sad	0.196	0.000	0.012	0.000	0.611	0.000	0.180
sad	0.288	0.000	0.015	0.002	0.421	0.000	0.275
sad	0.261	0.000	0.017	0.001	0.400	0.000	0.321
sad	0.283	0.000	0.024	0.001	0.500	0.000	0.192
sad	0.283	0.000	0.011	0.002	0.480	0.001	0.224
sad	0.299	0.000	0.012	0.000	0.442	0.000	0.245
sad	0.225	0.000	0.020	0.001	0.515	0.000	0.240
sad	0.197	0.000	0.015	0.000	0.534	0.000	0.254
sad	0.203	0.000	0.012	0.001	0.476	0.000	0.308
neutral	0.324	0.000	0.015	0.003	0.329	0.000	0.329
sad	0.201	0.000	0.008	0.000	0.512	0.000	0.278
sad	0.320	0.000	0.022	0.001	0.472	0.000	0.185
sad	0.241	0.000	0.009	0.001	0.426	0.000	0.322
sad	0.235	0.000	0.016	0.001	0.489	0.000	0.259
sad	0.123	0.000	0.042	0.000	0.780	0.000	0.055
sad	0.038	0.000	0.023	0.000	0.869	0.000	0.069
sad	0.177	0.000	0.026	0.000	0.739	0.000	0.057
sad	0.267	0.000	0.011	0.001	0.474	0.000	0.248
sad	0.322	0.000	0.026	0.002	0.446	0.000	0.204
sad	0.302	0.000	0.021	0.000	0.473	0.000	0.203
sad	0.264	0.000	0.010	0.001	0.407	0.000	0.319
sad	0.235	0.000	0.013	0.001	0.421	0.000	0.330
sad	0.383	0.000	0.018	0.001	0.410	0.000	0.188
sad	0.331	0.000	0.016	0.001	0.449	0.000	0.202
angry	0.441	0.000	0.016	0.001	0.332	0.000	0.210
sad	0.342	0.000	0.020	0.001	0.382	0.000	0.255
angry	0.438	0.000	0.016	0.001	0.386	0.000	0.159
sad	0.409	0.000	0.017	0.001	0.410	0.000	0.164
sad	0.359	0.000	0.010	0.001	0.366	0.000	0.264
angry	0.368	0.000	0.011	0.001	0.343	0.000	0.278
angry	0.571	0.000	0.018	0.002	0.268	0.000	0.141
sad	0.372	0.000	0.010	0.001	0.432	0.000	0.186
sad	0.302	0.000	0.011	0.001	0.380	0.000	0.305
sad	0.324	0.000	0.009	0.002	0.388	0.000	0.277
sad	0.228	0.000	0.008	0.004	0.412	0.000	0.347
sad	0.236	0.000	0.010	0.002	0.391	0.000	0.361
sad	0.270	0.000	0.009	0.002	0.398	0.000	0.320
angry	0.416	0.000	0.012	0.001	0.304	0.000	0.268
angry	0.425	0.000	0.021	0.001	0.418	0.000	0.135
sad	0.351	0.000	0.015	0.001	0.420	0.000	0.213
sad	0.387	0.000	0.016	0.001	0.394	0.000	0.202
angry	0.403	0.000	0.011	0.001	0.387	0.000	0.197
sad	0.312	0.000	0.011	0.001	0.364	0.000	0.311
sad	0.307	0.000	0.017	0.001	0.428	0.000	0.248
angry	0.414	0.000	0.012	0.001	0.347	0.000	0.226
sad	0.374	0.000	0.018	0.000	0.471	0.000	0.137
sad	0.355	0.000	0.027	0.001	0.449	0.000	0.168
angry	0.485	0.000	0.018	0.001	0.322	0.000	0.174
angry	0.442	0.000	0.017	0.000	0.380	0.000	0.161
sad	0.057	0.000	0.034	0.000	0.861	0.000	0.048
sad	0.190	0.000	0.033	0.000	0.655	0.000	0.122
sad	0.333	0.000	0.026	0.001	0.467	0.000	0.173
sad	0.319	0.000	0.024	0.001	0.497	0.000	0.159
sad	0.352	0.000	0.020	0.001	0.421	0.000	0.206
sad	0.335	0.000	0.024	0.001	0.470	0.000	0.170
angry	0.416	0.000	0.016	0.001	0.350	0.000	0.217
angry	0.423	0.000	0.017	0.001	0.354	0.000	0.205
sad	0.312	0.000	0.012	0.000	0.350	0.000	0.325
sad	0.212	0.000	0.021	0.001	0.521	0.000	0.245
sad	0.296	0.000	0.014	0.001	0.387	0.000	0.303
sad	0.288	0.000	0.015	0.000	0.457	0.000	0.239
sad	0.196	0.000	0.021	0.001	0.552	0.000	0.230
sad	0.339	0.000	0.020	0.001	0.471	0.000	0.170
sad	0.296	0.000	0.013	0.000	0.422	0.000	0.269
sad	0.204	0.000	0.030	0.000	0.633	0.000	0.132
sad	0.243	0.000	0.015	0.002	0.475	0.000	0.264
sad	0.215	0.000	0.021	0.003	0.436	0.000	0.325
sad	0.278	0.000	0.026	0.002	0.473	0.000	0.221
sad	0.292	0.000	0.029	0.001	0.459	0.000	0.218
sad	0.234	0.000	0.035	0.000	0.643	0.000	0.086
sad	0.327	0.000	0.023	0.001	0.433	0.000	0.215
sad	0.192	0.000	0.035	0.001	0.665	0.000	0.106
sad	0.177	0.000	0.037	0.001	0.639	0.000	0.146
sad	0.217	0.000	0.031	0.001	0.599	0.000	0.152
sad	0.146	0.000	0.026	0.000	0.707	0.000	0.120
sad	0.188	0.000	0.029	0.000	0.647	0.000	0.135
sad	0.235	0.000	0.024	0.001	0.540	0.000	0.200
sad	0.195	0.000	0.030	0.000	0.677	0.000	0.098
sad	0.220	0.000	0.028	0.003	0.540	0.001	0.209
sad	0.232	0.000	0.040	0.001	0.602	0.000	0.124
sad	0.203	0.000	0.035	0.001	0.604	0.000	0.157
sad	0.223	0.000	0.045	0.001	0.607	0.000	0.123
sad	0.214	0.000	0.035	0.001	0.624	0.000	0.126
sad	0.240	0.000	0.034	0.001	0.609	0.000	0.116
sad	0.184	0.000	0.040	0.001	0.666	0.000	0.109
sad	0.274	0.000	0.031	0.002	0.481	0.001	0.211
sad	0.211	0.000	0.034	0.001	0.612	0.000	0.142
sad	0.270	0.000	0.036	0.001	0.506	0.000	0.186
neutral	0.299	0.000	0.010	0.001	0.334	0.000	0.356
angry	0.536	0.000	0.012	0.000	0.213	0.000	0.239
angry	0.484	0.000	0.013	0.002	0.281	0.000	0.220
sad	0.262	0.000	0.016	0.002	0.402	0.000	0.318
angry	0.376	0.000	0.013	0.002	0.314	0.000	0.295
angry	0.538	0.000	0.009	0.001	0.237	0.000	0.216
neutral	0.322	0.000	0.006	0.001	0.292	0.000	0.378
angry	0.463	0.000	0.010	0.000	0.258	0.000	0.269
angry	0.497	0.000	0.007	0.000	0.201	0.000	0.294
angry	0.352	0.000	0.007	0.000	0.316	0.000	0.325
sad	0.035	0.000	0.027	0.000	0.901	0.000	0.037
sad	0.070	0.000	0.048	0.000	0.843	0.000	0.039
sad	0.295	0.000	0.031	0.000	0.577	0.000	0.096
sad	0.326	0.000	0.014	0.001	0.381	0.000	0.279
sad	0.233	0.000	0.010	0.001	0.408	0.000	0.348
sad	0.317	0.000	0.017	0.000	0.456	0.000	0.209
sad	0.278	0.000	0.029	0.003	0.468	0.001	0.221
sad	0.358	0.000	0.020	0.003	0.369	0.001	0.249
sad	0.313	0.000	0.019	0.001	0.455	0.000	0.213
sad	0.268	0.000	0.012	0.001	0.392	0.000	0.326
sad	0.258	0.000	0.019	0.001	0.436	0.000	0.286
sad	0.235	0.000	0.018	0.002	0.439	0.000	0.306
sad	0.307	0.000	0.031	0.001	0.483	0.000	0.178
sad	0.312	0.000	0.025	0.001	0.473	0.000	0.188
sad	0.325	0.000	0.018	0.000	0.367	0.000	0.290
sad	0.276	0.000	0.016	0.000	0.428	0.000	0.280
sad	0.328	0.000	0.031	0.002	0.477	0.000	0.161
sad	0.310	0.000	0.027	0.002	0.495	0.000	0.166
sad	0.239	0.000	0.014	0.001	0.447	0.000	0.300
sad	0.305	0.000	0.019	0.000	0.417	0.000	0.259
sad	0.322	0.000	0.033	0.001	0.519	0.000	0.124
sad	0.241	0.000	0.034	0.001	0.589	0.000	0.135
sad	0.320	0.000	0.023	0.000	0.556	0.000	0.099
sad	0.237	0.000	0.021	0.001	0.551	0.000	0.190
sad	0.255	0.000	0.041	0.001	0.584	0.000	0.118
sad	0.279	0.000	0.027	0.000	0.587	0.000	0.106
neutral	0.255	0.000	0.010	0.002	0.343	0.001	0.389
sad	0.339	0.000	0.028	0.002	0.371	0.000	0.260
sad	0.380	0.000	0.037	0.001	0.426	0.000	0.155
angry	0.387	0.000	0.035	0.002	0.386	0.001	0.189
sad	0.344	0.000	0.016	0.000	0.441	0.000	0.199
sad	0.377	0.000	0.014	0.001	0.409	0.000	0.198
sad	0.279	0.000	0.031	0.002	0.495	0.000	0.193
sad	0.336	0.000	0.018	0.001	0.373	0.000	0.272
sad	0.332	0.000	0.044	0.003	0.397	0.000	0.224
sad	0.218	0.000	0.022	0.001	0.554	0.000	0.205
sad	0.301	0.000	0.019	0.001	0.506	0.000	0.173
sad	0.290	0.000	0.023	0.001	0.396	0.000	0.289
sad	0.245	0.000	0.021	0.001	0.442	0.000	0.291
sad	0.277	0.000	0.032	0.001	0.492	0.000	0.197
sad	0.294	0.000	0.018	0.001	0.420	0.000	0.268
sad	0.289	0.000	0.028	0.001	0.447	0.000	0.235
neutral	0.220	0.000	0.015	0.001	0.370	0.000	0.394
sad	0.210	0.000	0.011	0.000	0.486	0.000	0.293
neutral	0.311	0.000	0.010	0.003	0.317	0.000	0.358
sad	0.191	0.000	0.016	0.001	0.516	0.000	0.277
neutral	0.205	0.000	0.010	0.001	0.351	0.000	0.432
neutral	0.196	0.000	0.011	0.002	0.367	0.000	0.424
sad	0.235	0.000	0.009	0.001	0.403	0.000	0.352
angry	0.354	0.000	0.006	0.002	0.299	0.000	0.339
sad	0.281	0.000	0.008	0.000	0.492	0.000	0.220
sad	0.237	0.000	0.006	0.000	0.447	0.000	0.309
sad	0.248	0.000	0.007	0.000	0.468	0.000	0.276
sad	0.206	0.000	0.007	0.000	0.407	0.000	0.379
sad	0.246	0.000	0.006	0.000	0.471	0.000	0.276
sad	0.247	0.000	0.009	0.001	0.470	0.000	0.273
sad	0.320	0.000	0.011	0.000	0.455	0.000	0.213
sad	0.271	0.000	0.008	0.001	0.363	0.000	0.357
sad	0.243	0.000	0.009	0.000	0.521	0.000	0.225
sad	0.185	0.000	0.009	0.001	0.418	0.000	0.387
sad	0.246	0.000	0.014	0.000	0.453	0.000	0.287
sad	0.182	0.000	0.015	0.001	0.456	0.000	0.346
neutral	0.202	0.000	0.012	0.001	0.369	0.000	0.416
sad	0.243	0.000	0.016	0.001	0.470	0.000	0.271
neutral	0.203	0.000	0.012	0.001	0.357	0.000	0.426
neutral	0.209	0.000	0.010	0.001	0.364	0.000	0.416
sad	0.276	0.000	0.018	0.001	0.485	0.000	0.220
sad	0.232	0.000	0.021	0.001	0.449	0.000	0.296
sad	0.338	0.000	0.023	0.001	0.402	0.000	0.235
sad	0.279	0.000	0.012	0.001	0.409	0.000	0.298
sad	0.287	0.000	0.014	0.003	0.365	0.001	0.331
angry	0.419	0.000	0.016	0.001	0.304	0.000	0.259
sad	0.208	0.000	0.015	0.001	0.431	0.000	0.345
sad	0.196	0.000	0.023	0.001	0.540	0.000	0.240
sad	0.220	0.000	0.016	0.002	0.440	0.000	0.321
sad	0.226	0.000	0.018	0.002	0.463	0.001	0.290
neutral	0.276	0.000	0.011	0.002	0.318	0.000	0.393
sad	0.350	0.000	0.020	0.001	0.465	0.000	0.164
sad	0.269	0.000	0.015	0.001	0.388	0.000	0.328
sad	0.241	0.000	0.018	0.002	0.388	0.000	0.351
sad	0.304	0.000	0.016	0.000	0.503	0.000	0.177
sad	0.274	0.000	0.021	0.002	0.407	0.001	0.297
sad	0.288	0.000	0.023	0.000	0.559	0.000	0.128
sad	0.263	0.000	0.018	0.002	0.407	0.001	0.310
neutral	0.310	0.000	0.009	0.001	0.337	0.000	0.343
sad	0.196	0.000	0.018	0.000	0.624	0.000	0.162
sad	0.181	0.000	0.017	0.001	0.583	0.000	0.219
sad	0.263	0.000	0.017	0.001	0.428	0.000	0.291
sad	0.212	0.000	0.014	0.000	0.589	0.000	0.185
sad	0.190	0.000	0.015	0.000	0.461	0.000	0.333
sad	0.282	0.000	0.016	0.000	0.526	0.000	0.176
sad	0.279	0.000	0.011	0.001	0.463	0.000	0.245
sad	0.188	0.000	0.011	0.000	0.488	0.000	0.314
sad	0.193	0.000	0.016	0.000	0.619	0.000	0.171
sad	0.302	0.000	0.026	0.000	0.470	0.000	0.202
sad	0.191	0.000	0.015	0.001	0.499	0.000	0.293
sad	0.180	0.000	0.013	0.001	0.551	0.000	0.256
sad	0.133	0.000	0.013	0.001	0.427	0.000	0.426
neutral	0.325	0.000	0.012	0.001	0.315	0.000	0.348
sad	0.349	0.000	0.012	0.000	0.470	0.000	0.168
neutral	0.223	0.000	0.008	0.002	0.315	0.000	0.453
sad	0.227	0.000	0.014	0.001	0.498	0.000	0.260
sad	0.298	0.000	0.009	0.001	0.386	0.000	0.305
sad	0.306	0.000	0.007	0.002	0.373	0.000	0.313
sad	0.283	0.000	0.022	0.001	0.471	0.000	0.222
sad	0.058	0.000	0.036	0.000	0.854	0.000	0.052
sad	0.291	0.000	0.011	0.001	0.506	0.000	0.190
sad	0.303	0.000	0.007	0.002	0.458	0.000	0.228
sad	0.282	0.000	0.010	0.001	0.400	0.000	0.306
sad	0.272	0.000	0.009	0.003	0.510	0.000	0.206
sad	0.354	0.000	0.014	0.002	0.478	0.001	0.152
sad	0.311	0.000	0.015	0.001	0.469	0.000	0.204
sad	0.206	0.000	0.014	0.000	0.509	0.000	0.270
sad	0.328	0.000	0.015	0.001	0.398	0.000	0.259
sad	0.305	0.000	0.008	0.001	0.419	0.000	0.266
sad	0.346	0.000	0.012	0.001	0.476	0.000	0.165
sad	0.265	0.000	0.007	0.001	0.429	0.000	0.298
angry	0.370	0.000	0.011	0.001	0.336	0.000	0.282
sad	0.349	0.000	0.009	0.001	0.350	0.000	0.291
sad	0.319	0.000	0.010	0.000	0.444	0.000	0.227
angry	0.415	0.000	0.008	0.000	0.386	0.000	0.191
angry	0.386	0.000	0.012	0.001	0.361	0.000	0.241
sad	0.417	0.000	0.009	0.000	0.420	0.000	0.154
angry	0.454	0.000	0.008	0.001	0.315	0.000	0.223
sad	0.370	0.000	0.012	0.000	0.434	0.000	0.183
sad	0.374	0.000	0.008	0.000	0.429	0.000	0.188
sad	0.415	0.000	0.015	0.000	0.419	0.000	0.151
neutral	0.337	0.000	0.007	0.001	0.310	0.000	0.345
sad	0.294	0.000	0.021	0.001	0.443	0.000	0.241
angry	0.440	0.000	0.017	0.001	0.396	0.000	0.147
sad	0.368	0.000	0.010	0.001	0.406	0.000	0.215
sad	0.400	0.000	0.016	0.001	0.413	0.000	0.170
sad	0.220	0.000	0.018	0.001	0.473	0.000	0.287
sad	0.288	0.000	0.012	0.000	0.426	0.000	0.274
sad	0.335	0.000	0.015	0.001	0.418	0.000	0.230
sad	0.321	0.000	0.010	0.000	0.387	0.000	0.282
sad	0.287	0.000	0.009	0.000	0.397	0.000	0.306
sad	0.332	0.000	0.010	0.000	0.406	0.000	0.252
sad	0.405	0.000	0.012	0.000	0.453	0.000	0.130
sad	0.365	0.000	0.014	0.000	0.424	0.000	0.197
sad	0.340	0.000	0.011	0.000	0.451	0.000	0.198
sad	0.370	0.000	0.015	0.000	0.475	0.000	0.139
angry	0.515	0.000	0.010	0.000	0.334	0.000	0.141
angry	0.432	0.000	0.012	0.001	0.378	0.000	0.177
angry	0.371	0.000	0.011	0.001	0.368	0.000	0.249
sad	0.303	0.000	0.013	0.001	0.406	0.000	0.277
sad	0.384	0.000	0.013	0.000	0.435	0.000	0.167
sad	0.313	0.000	0.017	0.000	0.492	0.000	0.178
sad	0.399	0.000	0.010	0.001	0.416	0.000	0.174
sad	0.039	0.000	0.032	0.000	0.879	0.000	0.050
sad	0.306	0.000	0.021	0.000	0.548	0.000	0.125
angry	0.397	0.000	0.012	0.001	0.385	0.000	0.205
sad	0.309	0.000	0.010	0.001	0.470	0.000	0.210
sad	0.351	0.000	0.012	0.000	0.389	0.000	0.246
sad	0.368	0.000	0.017	0.001	0.460	0.000	0.154
sad	0.329	0.000	0.018	0.001	0.439	0.000	0.212
sad	0.233	0.000	0.026	0.001	0.537	0.000	0.203
sad	0.366	0.000	0.019	0.001	0.383	0.000	0.231
sad	0.278	0.000	0.017	0.001	0.428	0.000	0.275
sad	0.264	0.000	0.014	0.001	0.439	0.000	0.281
sad	0.333	0.000	0.018	0.001	0.486	0.000	0.163
sad	0.345	0.000	0.016	0.001	0.431	0.000	0.208
angry	0.413	0.000	0.026	0.001	0.369	0.000	0.190
sad	0.392	0.000	0.016	0.000	0.451	0.000	0.141
sad	0.291	0.000	0.013	0.000	0.439	0.000	0.257
sad	0.370	0.000	0.015	0.002	0.415	0.001	0.197
sad	0.326	0.000	0.014	0.001	0.484	0.000	0.175
sad	0.313	0.000	0.017	0.001	0.435	0.000	0.233
sad	0.287	0.000	0.014	0.001	0.428	0.000	0.270
sad	0.374	0.000	0.015	0.001	0.406	0.000	0.204
sad	0.300	0.000	0.012	0.000	0.492	0.000	0.195
sad	0.271	0.000	0.018	0.000	0.549	0.000	0.161
sad	0.269	0.000	0.020	0.001	0.496	0.000	0.214
sad	0.225	0.000	0.019	0.001	0.491	0.000	0.264
sad	0.336	0.000	0.015	0.001	0.458	0.000	0.191
sad	0.313	0.000	0.011	0.001	0.382	0.000	0.292
neutral	0.100	0.000	0.010	0.001	0.408	0.000	0.481
sad	0.239	0.000	0.015	0.001	0.387	0.000	0.358
sad	0.262	0.000	0.015	0.002	0.383	0.000	0.337
neutral	0.329	0.000	0.014	0.004	0.300	0.000	0.353
neutral	0.301	0.000	0.013	0.005	0.267	0.000	0.414
angry	0.388	0.000	0.012	0.004	0.241	0.000	0.355
neutral	0.220	0.000	0.013	0.002	0.360	0.000	0.405
angry	0.411	0.000	0.014	0.003	0.308	0.000	0.264
neutral	0.324	0.000	0.014	0.003	0.299	0.000	0.360
angry	0.385	0.000	0.012	0.001	0.259	0.000	0.343
angry	0.416	0.000	0.018	0.001	0.199	0.000	0.365
angry	0.453	0.000	0.013	0.001	0.255	0.000	0.278
angry	0.560	0.000	0.014	0.002	0.178	0.000	0.246
angry	0.489	0.000	0.017	0.007	0.135	0.000	0.352
angry	0.528	0.000	0.013	0.004	0.147	0.000	0.308
angry	0.475	0.000	0.011	0.004	0.131	0.000	0.379
angry	0.614	0.000	0.012	0.000	0.215	0.000	0.158
neutral	0.130	0.000	0.014	0.004	0.166	0.001	0.686
neutral	0.237	0.000	0.015	0.002	0.164	0.001	0.581
neutral	0.238	0.000	0.009	0.002	0.185	0.001	0.564
neutral	0.282	0.000	0.010	0.001	0.197	0.000	0.510
sad	0.134	0.000	0.033	0.000	0.652	0.000	0.181
sad	0.272	0.000	0.027	0.000	0.512	0.000	0.188
neutral	0.143	0.000	0.012	0.001	0.317	0.000	0.526
neutral	0.257	0.000	0.006	0.001	0.222	0.002	0.512
sad	0.265	0.000	0.012	0.001	0.477	0.000	0.244
sad	0.245	0.000	0.012	0.000	0.473	0.000	0.269
sad	0.211	0.000	0.011	0.000	0.532	0.000	0.245
sad	0.302	0.000	0.015	0.000	0.563	0.000	0.120
sad	0.178	0.000	0.011	0.000	0.616	0.000	0.196
sad	0.179	0.000	0.012	0.000	0.645	0.000	0.163
sad	0.240	0.000	0.025	0.000	0.569	0.000	0.165
sad	0.303	0.000	0.022	0.000	0.537	0.000	0.138
sad	0.343	0.000	0.021	0.000	0.534	0.000	0.102
sad	0.291	0.000	0.014	0.000	0.512	0.000	0.182
sad	0.288	0.000	0.010	0.001	0.488	0.001	0.212
sad	0.247	0.000	0.011	0.001	0.377	0.001	0.364
sad	0.209	0.000	0.025	0.000	0.633	0.000	0.133
angry	0.434	0.000	0.033	0.001	0.419	0.000	0.112
angry	0.435	0.000	0.018	0.000	0.428	0.000	0.119
sad	0.387	0.000	0.021	0.000	0.452	0.000	0.140
sad	0.178	0.000	0.023	0.000	0.680	0.000	0.119
sad	0.363	0.000	0.023	0.000	0.476	0.000	0.138
sad	0.223	0.000	0.021	0.001	0.503	0.000	0.251
sad	0.283	0.000	0.021	0.001	0.534	0.000	0.161
sad	0.282	0.000	0.015	0.001	0.541	0.001	0.161
sad	0.256	0.000	0.019	0.000	0.632	0.000	0.092
sad	0.255	0.000	0.013	0.001	0.583	0.001	0.148
sad	0.335	0.000	0.023	0.000	0.489	0.000	0.152
sad	0.236	0.000	0.017	0.000	0.647	0.000	0.099
sad	0.282	0.000	0.011	0.002	0.497	0.001	0.207
sad	0.222	0.000	0.010	0.001	0.616	0.001	0.150
sad	0.280	0.000	0.014	0.002	0.442	0.001	0.262
sad	0.332	0.000	0.018	0.001	0.470	0.000	0.179
sad	0.295	0.000	0.024	0.001	0.499	0.000	0.182
sad	0.273	0.000	0.014	0.000	0.610	0.000	0.102
sad	0.387	0.000	0.017	0.001	0.484	0.001	0.111
sad	0.306	0.000	0.013	0.002	0.444	0.001	0.234
sad	0.218	0.000	0.017	0.001	0.413	0.000	0.351
sad	0.301	0.000	0.030	0.000	0.525	0.000	0.144
sad	0.287	0.000	0.018	0.001	0.455	0.000	0.239
sad	0.265	0.000	0.023	0.000	0.512	0.000	0.200
sad	0.281	0.000	0.029	0.001	0.503	0.000	0.185
sad	0.379	0.000	0.025	0.000	0.465	0.000	0.130
sad	0.357	0.000	0.013	0.000	0.477	0.000	0.152
sad	0.359	0.000	0.013	0.001	0.467	0.001	0.159
sad	0.315	0.000	0.019	0.000	0.508	0.000	0.158
sad	0.354	0.000	0.018	0.000	0.459	0.000	0.168
sad	0.359	0.000	0.019	0.000	0.491	0.000	0.130
sad	0.332	0.000	0.015	0.001	0.454	0.000	0.198
sad	0.252	0.000	0.015	0.000	0.545	0.000	0.188
sad	0.252	0.000	0.024	0.000	0.595	0.000	0.129
sad	0.310	0.000	0.023	0.000	0.456	0.000	0.211
sad	0.274	0.000	0.021	0.000	0.535	0.000	0.169
sad	0.220	0.000	0.022	0.000	0.560	0.000	0.197
sad	0.067	0.000	0.030	0.000	0.840	0.000	0.063
sad	0.037	0.000	0.033	0.000	0.896	0.000	0.035
sad	0.159	0.000	0.026	0.000	0.752	0.000	0.062
sad	0.287	0.000	0.024	0.000	0.581	0.000	0.107
sad	0.349	0.000	0.018	0.001	0.425	0.001	0.207
sad	0.207	0.000	0.031	0.000	0.649	0.000	0.113
sad	0.111	0.000	0.028	0.000	0.735	0.000	0.126
sad	0.282	0.000	0.024	0.000	0.572	0.000	0.123
sad	0.221	0.000	0.035	0.000	0.649	0.000	0.095
sad	0.310	0.000	0.025	0.000	0.560	0.000	0.104
sad	0.288	0.000	0.024	0.000	0.572	0.000	0.116
sad	0.066	0.000	0.054	0.000	0.829	0.000	0.051
sad	0.047	0.000	0.027	0.000	0.870	0.000	0.056
sad	0.082	0.000	0.036	0.000	0.791	0.000	0.091
sad	0.178	0.000	0.023	0.000	0.614	0.000	0.185
sad	0.217	0.000	0.016	0.002	0.427	0.000	0.338
sad	0.187	0.000	0.009	0.002	0.443	0.000	0.359
sad	0.125	0.000	0.015	0.000	0.555	0.000	0.305
sad	0.214	0.000	0.012	0.000	0.599	0.000	0.174
sad	0.278	0.000	0.012	0.000	0.525	0.000	0.185
sad	0.293	0.000	0.017	0.000	0.545	0.000	0.145
sad	0.291	0.000	0.019	0.000	0.564	0.000	0.125
sad	0.211	0.000	0.025	0.000	0.644	0.000	0.120
sad	0.273	0.000	0.025	0.000	0.566	0.000	0.136
sad	0.259	0.000	0.020	0.000	0.637	0.000	0.084
sad	0.276	0.000	0.020	0.000	0.602	0.000	0.102
sad	0.272	0.000	0.025	0.000	0.613	0.000	0.089
sad	0.239	0.000	0.028	0.000	0.561	0.000	0.171
sad	0.366	0.000	0.025	0.000	0.536	0.000	0.073
sad	0.275	0.000	0.032	0.000	0.556	0.000	0.136
sad	0.226	0.000	0.028	0.000	0.588	0.000	0.157
sad	0.266	0.000	0.032	0.000	0.534	0.000	0.168
sad	0.256	0.000	0.030	0.000	0.585	0.000	0.129
sad	0.260	0.000	0.025	0.000	0.530	0.000	0.184
sad	0.393	0.000	0.027	0.000	0.411	0.000	0.168
sad	0.333	0.000	0.016	0.000	0.503	0.000	0.148
sad	0.296	0.000	0.023	0.000	0.546	0.000	0.135
sad	0.269	0.000	0.024	0.000	0.557	0.000	0.149
sad	0.045	0.000	0.031	0.000	0.872	0.000	0.052
sad	0.254	0.000	0.028	0.000	0.669	0.000	0.048
sad	0.276	0.000	0.030	0.000	0.571	0.000	0.122
sad	0.217	0.000	0.023	0.000	0.562	0.000	0.197
sad	0.239	0.000	0.027	0.000	0.623	0.000	0.110
sad	0.202	0.000	0.012	0.000	0.562	0.000	0.224
sad	0.376	0.000	0.020	0.000	0.471	0.000	0.132
sad	0.204	0.000	0.022	0.000	0.546	0.000	0.227
angry	0.451	0.000	0.018	0.000	0.449	0.000	0.082
sad	0.253	0.000	0.023	0.000	0.640	0.001	0.083
sad	0.234	0.000	0.020	0.000	0.643	0.000	0.102
sad	0.255	0.000	0.017	0.001	0.629	0.001	0.098
sad	0.128	0.000	0.015	0.000	0.754	0.000	0.102
sad	0.335	0.000	0.025	0.000	0.547	0.000	0.092
sad	0.203	0.000	0.017	0.000	0.696	0.000	0.085
sad	0.230	0.000	0.027	0.000	0.626	0.000	0.117
sad	0.275	0.000	0.015	0.000	0.664	0.000	0.046
sad	0.237	0.000	0.014	0.001	0.644	0.000	0.105
sad	0.196	0.000	0.016	0.000	0.717	0.000	0.070
sad	0.256	0.000	0.010	0.000	0.640	0.000	0.093
sad	0.297	0.000	0.012	0.000	0.624	0.000	0.067
sad	0.255	0.000	0.012	0.000	0.631	0.000	0.102
sad	0.193	0.000	0.018	0.000	0.695	0.000	0.094
sad	0.276	0.000	0.019	0.000	0.659	0.000	0.046
sad	0.189	0.000	0.014	0.001	0.673	0.000	0.122
sad	0.295	0.001	0.028	0.000	0.526	0.000	0.150
sad	0.214	0.000	0.018	0.000	0.550	0.000	0.217
sad	0.287	0.000	0.019	0.000	0.545	0.000	0.148
sad	0.220	0.000	0.024	0.000	0.607	0.000	0.148
sad	0.252	0.000	0.029	0.002	0.436	0.000	0.280
sad	0.255	0.000	0.024	0.001	0.532	0.000	0.187
sad	0.291	0.000	0.019	0.000	0.552	0.000	0.137
sad	0.204	0.000	0.031	0.001	0.590	0.000	0.174
sad	0.244	0.000	0.028	0.001	0.643	0.000	0.084
sad	0.354	0.000	0.022	0.000	0.483	0.000	0.141
sad	0.241	0.000	0.024	0.000	0.582	0.000	0.152
sad	0.281	0.000	0.023	0.001	0.548	0.000	0.147
sad	0.381	0.000	0.022	0.000	0.500	0.000	0.097
sad	0.372	0.000	0.031	0.000	0.483	0.000	0.113
sad	0.193	0.000	0.024	0.001	0.576	0.000	0.206
sad	0.345	0.000	0.021	0.000	0.511	0.000	0.123
sad	0.379	0.000	0.020	0.000	0.502	0.000	0.099
sad	0.201	0.000	0.016	0.001	0.650	0.000	0.132
sad	0.248	0.000	0.023	0.000	0.612	0.000	0.116
angry	0.443	0.000	0.011	0.001	0.388	0.000	0.157
sad	0.330	0.000	0.014	0.001	0.511	0.001	0.143
sad	0.350	0.000	0.019	0.001	0.491	0.000	0.139
sad	0.311	0.000	0.010	0.002	0.425	0.001	0.251
sad	0.401	0.000	0.034	0.000	0.487	0.000	0.078
sad	0.338	0.000	0.013	0.001	0.486	0.000	0.162
sad	0.185	0.000	0.044	0.000	0.709	0.000	0.062
sad	0.081	0.000	0.040	0.000	0.846	0.000	0.033
sad	0.233	0.000	0.020	0.000	0.639	0.000	0.108
sad	0.160	0.000	0.014	0.002	0.539	0.000	0.285
sad	0.162	0.000	0.017	0.000	0.662	0.000	0.159
sad	0.208	0.000	0.019	0.001	0.640	0.000	0.132
sad	0.227	0.000	0.024	0.000	0.629	0.000	0.120
sad	0.216	0.000	0.048	0.000	0.634	0.000	0.101
sad	0.190	0.000	0.042	0.000	0.711	0.000	0.056
sad	0.197	0.000	0.029	0.000	0.591	0.000	0.183
sad	0.247	0.000	0.018	0.000	0.612	0.000	0.123
sad	0.273	0.000	0.031	0.000	0.602	0.000	0.094
sad	0.289	0.000	0.026	0.000	0.614	0.000	0.071
sad	0.205	0.000	0.014	0.000	0.624	0.000	0.156
sad	0.125	0.000	0.040	0.000	0.785	0.000	0.050
sad	0.035	0.000	0.030	0.000	0.877	0.000	0.059
sad	0.095	0.000	0.058	0.000	0.780	0.000	0.066
sad	0.164	0.000	0.029	0.001	0.571	0.000	0.234
sad	0.244	0.000	0.022	0.001	0.562	0.000	0.171
sad	0.095	0.000	0.020	0.001	0.483	0.000	0.401
sad	0.189	0.000	0.024	0.000	0.650	0.000	0.137
sad	0.152	0.000	0.021	0.001	0.427	0.000	0.400
sad	0.161	0.000	0.022	0.002	0.461	0.000	0.354
sad	0.164	0.000	0.023	0.002	0.410	0.000	0.400
sad	0.146	0.000	0.024	0.002	0.448	0.000	0.380
sad	0.175	0.000	0.025	0.002	0.615	0.000	0.183
sad	0.226	0.000	0.029	0.001	0.579	0.000	0.165
sad	0.119	0.000	0.030	0.001	0.662	0.000	0.188
sad	0.128	0.000	0.029	0.001	0.663	0.000	0.179
sad	0.183	0.000	0.017	0.001	0.571	0.000	0.227
sad	0.187	0.000	0.022	0.000	0.618	0.000	0.172
sad	0.273	0.000	0.022	0.000	0.519	0.000	0.186
sad	0.220	0.000	0.033	0.001	0.637	0.000	0.109
sad	0.222	0.000	0.018	0.001	0.499	0.000	0.259
neutral	0.298	0.000	0.013	0.001	0.343	0.001	0.344
angry	0.370	0.000	0.009	0.001	0.329	0.001	0.290
sad	0.299	0.000	0.011	0.001	0.368	0.000	0.321
sad	0.327	0.000	0.021	0.001	0.372	0.000	0.278
sad	0.278	0.000	0.022	0.001	0.402	0.000	0.296
sad	0.097	0.000	0.034	0.000	0.782	0.000	0.086
sad	0.040	0.000	0.023	0.000	0.855	0.000	0.082
sad	0.157	0.000	0.028	0.000	0.658	0.000	0.157
sad	0.180	0.000	0.026	0.000	0.594	0.000	0.199
sad	0.221	0.000	0.022	0.000	0.435	0.000	0.321
sad	0.219	0.000	0.024	0.001	0.507	0.000	0.249
sad	0.263	0.000	0.015	0.000	0.502	0.000	0.219
angry	0.421	0.000	0.008	0.001	0.369	0.000	0.201
angry	0.479	0.000	0.008	0.000	0.322	0.000	0.190
sad	0.138	0.000	0.017	0.001	0.467	0.000	0.377
sad	0.364	0.000	0.015	0.001	0.413	0.000	0.207
sad	0.133	0.000	0.020	0.001	0.424	0.000	0.421
sad	0.247	0.000	0.009	0.001	0.454	0.000	0.290
sad	0.353	0.000	0.008	0.003	0.392	0.000	0.244
neutral	0.261	0.000	0.008	0.002	0.272	0.000	0.457
angry	0.394	0.000	0.007	0.006	0.270	0.000	0.322
neutral	0.247	0.000	0.007	0.011	0.260	0.000	0.475
sad	0.086	0.000	0.016	0.001	0.727	0.000	0.170
sad	0.204	0.000	0.030	0.002	0.634	0.000	0.130
angry	0.431	0.000	0.011	0.001	0.245	0.000	0.312
angry	0.373	0.000	0.006	0.003	0.280	0.000	0.338
angry	0.495	0.000	0.009	0.002	0.272	0.000	0.223
angry	0.571	0.000	0.016	0.000	0.294	0.000	0.118
sad	0.217	0.000	0.013	0.001	0.527	0.000	0.242
sad	0.247	0.000	0.036	0.000	0.588	0.000	0.129
angry	0.532	0.000	0.006	0.001	0.199	0.000	0.263
angry	0.555	0.000	0.007	0.001	0.204	0.000	0.233
neutral	0.311	0.000	0.008	0.001	0.235	0.000	0.445
sad	0.056	0.000	0.017	0.000	0.879	0.000	0.049
sad	0.110	0.000	0.038	0.000	0.733	0.000	0.119
sad	0.248	0.000	0.019	0.000	0.547	0.000	0.186
neutral	0.240	0.000	0.015	0.001	0.328	0.000	0.416
neutral	0.254	0.000	0.011	0.000	0.311	0.000	0.424
neutral	0.212	0.000	0.013	0.001	0.313	0.000	0.461
sad	0.295	0.000	0.014	0.000	0.381	0.000	0.310
sad	0.218	0.001	0.034	0.000	0.629	0.000	0.119
sad	0.247	0.000	0.031	0.001	0.611	0.000	0.110
sad	0.225	0.000	0.029	0.001	0.595	0.000	0.149
sad	0.124	0.000	0.028	0.001	0.652	0.000	0.194
sad	0.312	0.000	0.027	0.001	0.458	0.001	0.201
sad	0.278	0.000	0.023	0.001	0.490	0.000	0.208
sad	0.200	0.000	0.018	0.001	0.514	0.000	0.267
sad	0.166	0.000	0.009	0.001	0.441	0.000	0.383
angry	0.356	0.000	0.008	0.001	0.335	0.000	0.300
sad	0.238	0.000	0.017	0.001	0.526	0.000	0.218
angry	0.398	0.000	0.013	0.001	0.353	0.000	0.235
sad	0.273	0.000	0.013	0.001	0.482	0.000	0.231
sad	0.265	0.000	0.014	0.001	0.396	0.000	0.324
sad	0.291	0.000	0.010	0.001	0.367	0.000	0.331
neutral	0.150	0.000	0.013	0.001	0.354	0.000	0.482
neutral	0.196	0.000	0.014	0.001	0.324	0.000	0.465
angry	0.388	0.000	0.014	0.001	0.361	0.000	0.236
sad	0.352	0.000	0.016	0.001	0.385	0.000	0.245
sad	0.268	0.000	0.014	0.001	0.478	0.000	0.239
angry	0.342	0.000	0.011	0.001	0.338	0.000	0.308
angry	0.368	0.000	0.026	0.000	0.331	0.000	0.274
sad	0.311	0.000	0.013	0.001	0.426	0.000	0.249
neutral	0.326	0.000	0.015	0.000	0.314	0.000	0.344
angry	0.412	0.000	0.010	0.000	0.377	0.000	0.201
angry	0.385	0.000	0.008	0.001	0.333	0.000	0.273
sad	0.268	0.000	0.012	0.001	0.399	0.000	0.321
sad	0.372	0.000	0.011	0.001	0.414	0.000	0.202
sad	0.303	0.000	0.012	0.001	0.382	0.000	0.303
sad	0.256	0.000	0.021	0.000	0.383	0.000	0.340
sad	0.219	0.000	0.018	0.000	0.388	0.000	0.375
angry	0.339	0.000	0.011	0.001	0.318	0.000	0.331
sad	0.322	0.000	0.014	0.000	0.393	0.000	0.269
sad	0.209	0.000	0.019	0.000	0.516	0.000	0.255
sad	0.046	0.000	0.032	0.000	0.814	0.000	0.108
sad	0.173	0.000	0.027	0.000	0.588	0.000	0.211
sad	0.342	0.000	0.010	0.001	0.432	0.000	0.216
sad	0.242	0.000	0.014	0.000	0.432	0.000	0.312
sad	0.184	0.000	0.009	0.000	0.422	0.000	0.384
sad	0.222	0.000	0.016	0.000	0.521	0.000	0.241
angry	0.429	0.000	0.019	0.000	0.395	0.000	0.156
neutral	0.143	0.000	0.021	0.000	0.394	0.000	0.441
sad	0.300	0.000	0.024	0.000	0.445	0.000	0.231
sad	0.335	0.000	0.014	0.000	0.426	0.000	0.224
sad	0.161	0.000	0.010	0.001	0.455	0.000	0.372
sad	0.336	0.000	0.015	0.000	0.458	0.000	0.191
sad	0.333	0.000	0.012	0.000	0.392	0.000	0.263
sad	0.264	0.000	0.013	0.000	0.461	0.000	0.262
sad	0.195	0.000	0.015	0.001	0.409	0.000	0.380
sad	0.282	0.000	0.019	0.001	0.440	0.000	0.258
sad	0.307	0.000	0.015	0.000	0.532	0.000	0.146
sad	0.314	0.000	0.015	0.000	0.446	0.000	0.225
sad	0.232	0.000	0.012	0.001	0.379	0.000	0.376
sad	0.380	0.000	0.012	0.000	0.419	0.000	0.188
sad	0.198	0.000	0.011	0.000	0.512	0.000	0.278
sad	0.292	0.000	0.012	0.000	0.425	0.000	0.271
sad	0.328	0.000	0.015	0.000	0.509	0.000	0.147
sad	0.302	0.000	0.013	0.000	0.518	0.000	0.167
angry	0.411	0.000	0.024	0.000	0.393	0.000	0.172
sad	0.277	0.000	0.018	0.000	0.561	0.000	0.144
sad	0.161	0.000	0.014	0.000	0.513	0.000	0.312
sad	0.314	0.000	0.013	0.001	0.376	0.000	0.294
sad	0.225	0.000	0.017	0.000	0.499	0.000	0.258
sad	0.304	0.000	0.020	0.001	0.410	0.000	0.264
sad	0.337	0.000	0.016	0.001	0.365	0.000	0.280
sad	0.055	0.000	0.048	0.000	0.843	0.000	0.054
sad	0.108	0.000	0.046	0.000	0.781	0.000	0.066
sad	0.139	0.000	0.017	0.000	0.583	0.000	0.260
sad	0.339	0.000	0.017	0.000	0.477	0.000	0.166
sad	0.413	0.000	0.026	0.000	0.431	0.000	0.130
sad	0.326	0.000	0.022	0.001	0.459	0.000	0.192
sad	0.307	0.000	0.016	0.000	0.475	0.000	0.201
angry	0.420	0.000	0.016	0.000	0.391	0.000	0.174
sad	0.043	0.000	0.033	0.000	0.869	0.000	0.055
sad	0.057	0.000	0.039	0.000	0.855	0.000	0.049
sad	0.214	0.000	0.030	0.001	0.575	0.000	0.180
sad	0.262	0.000	0.013	0.001	0.481	0.000	0.242
angry	0.437	0.000	0.026	0.000	0.393	0.000	0.143
sad	0.349	0.000	0.023	0.001	0.415	0.000	0.211
neutral	0.158	0.000	0.016	0.001	0.312	0.000	0.513
sad	0.199	0.000	0.023	0.001	0.445	0.000	0.332
sad	0.233	0.000	0.023	0.001	0.472	0.000	0.272
sad	0.285	0.000	0.013	0.001	0.404	0.000	0.296
sad	0.219	0.000	0.028	0.001	0.411	0.000	0.342
neutral	0.213	0.000	0.012	0.001	0.332	0.000	0.442
sad	0.231	0.000	0.013	0.000	0.386	0.000	0.369
neutral	0.167	0.000	0.008	0.000	0.358	0.000	0.466
sad	0.221	0.000	0.011	0.000	0.459	0.000	0.308
sad	0.214	0.000	0.022	0.001	0.435	0.000	0.329
sad	0.139	0.000	0.013	0.000	0.452	0.000	0.395
sad	0.080	0.000	0.037	0.000	0.816	0.000	0.067
sad	0.172	0.000	0.035	0.001	0.662	0.000	0.130
sad	0.128	0.000	0.024	0.000	0.556	0.000	0.292
sad	0.185	0.000	0.021	0.000	0.406	0.000	0.387
neutral	0.110	0.000	0.014	0.000	0.423	0.000	0.453
sad	0.117	0.000	0.015	0.000	0.438	0.000	0.429
neutral	0.153	0.000	0.012	0.000	0.414	0.000	0.421
sad	0.222	0.000	0.008	0.000	0.402	0.000	0.368
sad	0.183	0.000	0.022	0.000	0.473	0.000	0.321
sad	0.150	0.000	0.013	0.000	0.522	0.000	0.315
sad	0.136	0.000	0.024	0.000	0.486	0.000	0.354
sad	0.199	0.000	0.019	0.000	0.441	0.000	0.341
sad	0.210	0.000	0.021	0.000	0.441	0.000	0.327
sad	0.206	0.000	0.022	0.000	0.450	0.000	0.321
sad	0.186	0.000	0.018	0.000	0.447	0.000	0.349
sad	0.177	0.000	0.026	0.001	0.487	0.000	0.309
sad	0.289	0.000	0.015	0.001	0.393	0.000	0.302
sad	0.205	0.000	0.022	0.000	0.436	0.000	0.336
sad	0.281	0.000	0.024	0.001	0.387	0.000	0.308
sad	0.244	0.000	0.014	0.000	0.452	0.000	0.290
sad	0.207	0.000	0.020	0.000	0.492	0.000	0.281
angry	0.369	0.000	0.016	0.001	0.342	0.000	0.272
sad	0.199	0.000	0.021	0.001	0.466	0.000	0.313
sad	0.265	0.000	0.021	0.000	0.443	0.000	0.271
sad	0.150	0.000	0.015	0.000	0.496	0.000	0.339
sad	0.203	0.000	0.017	0.002	0.397	0.000	0.381
sad	0.289	0.000	0.017	0.000	0.428	0.000	0.265
sad	0.270	0.000	0.020	0.000	0.426	0.000	0.284
sad	0.327	0.000	0.018	0.001	0.489	0.000	0.166
sad	0.261	0.000	0.017	0.001	0.388	0.000	0.333
neutral	0.186	0.000	0.014	0.000	0.362	0.000	0.438
neutral	0.089	0.000	0.012	0.000	0.447	0.000	0.451
sad	0.219	0.000	0.016	0.001	0.453	0.000	0.311
sad	0.197	0.000	0.020	0.000	0.453	0.000	0.329
sad	0.149	0.000	0.020	0.000	0.470	0.000	0.361
sad	0.227	0.000	0.033	0.000	0.468	0.000	0.272
neutral	0.199	0.000	0.012	0.001	0.350	0.000	0.437
neutral	0.160	0.000	0.008	0.000	0.379	0.000	0.452
sad	0.162	0.000	0.027	0.001	0.508	0.000	0.301
sad	0.185	0.000	0.024	0.001	0.509	0.000	0.282
sad	0.197	0.000	0.012	0.001	0.471	0.000	0.320
sad	0.207	0.000	0.021	0.001	0.553	0.000	0.218
sad	0.059	0.000	0.023	0.000	0.861	0.000	0.057
sad	0.132	0.000	0.052	0.000	0.749	0.000	0.066
sad	0.167	0.000	0.019	0.000	0.567	0.000	0.247
sad	0.285	0.000	0.009	0.001	0.410	0.000	0.295
sad	0.332	0.000	0.012	0.001	0.420	0.000	0.235
angry	0.406	0.000	0.016	0.001	0.364	0.000	0.213
sad	0.364	0.000	0.013	0.000	0.445	0.000	0.178
sad	0.273	0.000	0.018	0.001	0.419	0.000	0.288
sad	0.201	0.000	0.015	0.001	0.394	0.000	0.389
angry	0.428	0.000	0.015	0.000	0.419	0.000	0.137
sad	0.229	0.000	0.020	0.001	0.479	0.000	0.271
sad	0.380	0.000	0.013	0.000	0.450	0.000	0.156
sad	0.235	0.000	0.017	0.000	0.433	0.000	0.315
sad	0.155	0.000	0.024	0.001	0.499	0.000	0.322
sad	0.279	0.000	0.024	0.001	0.507	0.000	0.189
neutral	0.137	0.000	0.020	0.001	0.419	0.000	0.423
neutral	0.204	0.000	0.017	0.000	0.350	0.000	0.428
angry	0.332	0.000	0.022	0.002	0.319	0.000	0.324
neutral	0.326	0.000	0.010	0.002	0.323	0.000	0.338
sad	0.343	0.000	0.022	0.000	0.425	0.000	0.210
