prediction	angry	disgust	fear	happy	sad	surprise	neutral
sad	0.063	0.000	0.011	0.005	0.569	0.001	0.352
sad	0.107	0.000	0.005	0.001	0.523	0.001	0.364
sad	0.123	0.000	0.006	0.006	0.546	0.000	0.318
sad	0.121	0.000	0.010	0.006	0.456	0.002	0.404
sad	0.114	0.000	0.017	0.005	0.475	0.002	0.387
sad	0.057	0.000	0.012	0.003	0.473	0.000	0.455
neutral	0.051	0.000	0.010	0.001	0.434	0.000	0.504
neutral	0.108	0.000	0.009	0.004	0.381	0.000	0.498
sad	0.077	0.000	0.015	0.004	0.462	0.000	0.441
sad	0.100	0.000	0.018	0.003	0.467	0.002	0.409
neutral	0.106	0.000	0.013	0.003	0.417	0.004	0.458
neutral	0.106	0.000	0.008	0.004	0.198	0.005	0.678
neutral	0.125	0.000	0.010	0.001	0.242	0.010	0.612
neutral	0.125	0.000	0.021	0.003	0.227	0.020	0.604
neutral	0.156	0.000	0.018	0.007	0.185	0.024	0.610
neutral	0.103	0.000	0.014	0.006	0.162	0.020	0.695
neutral	0.105	0.000	0.011	0.005	0.241	0.015	0.623
neutral	0.126	0.000	0.008	0.002	0.281	0.006	0.576
sad	0.205	0.000	0.015	0.004	0.385	0.012	0.379
neutral	0.132	0.000	0.012	0.003	0.284	0.007	0.563
neutral	0.122	0.000	0.005	0.004	0.164	0.003	0.701
neutral	0.124	0.000	0.009	0.001	0.298	0.008	0.560
neutral	0.081	0.000	0.013	0.001	0.289	0.010	0.606
sad	0.159	0.000	0.014	0.001	0.429	0.004	0.394
neutral	0.093	0.000	0.008	0.001	0.309	0.005	0.584
neutral	0.100	0.000	0.007	0.001	0.195	0.007	0.690
neutral	0.235	0.000	0.004	0.000	0.271	0.004	0.486
neutral	0.079	0.000	0.009	0.001	0.313	0.003	0.595
neutral	0.110	0.000	0.010	0.001	0.352	0.003	0.524
neutral	0.077	0.000	0.006	0.001	0.287	0.002	0.627
neutral	0.152	0.000	0.007	0.001	0.395	0.004	0.441
neutral	0.122	0.000	0.006	0.001	0.258	0.001	0.612
neutral	0.124	0.000	0.009	0.001	0.332	0.002	0.532
neutral	0.104	0.000	0.004	0.001	0.258	0.002	0.632
neutral	0.127	0.000	0.009	0.003	0.261	0.010	0.590
neutral	0.163	0.000	0.010	0.001	0.375	0.003	0.448
neutral	0.151	0.000	0.008	0.002	0.310	0.003	0.526
neutral	0.131	0.000	0.006	0.000	0.340	0.001	0.522
sad	0.088	0.000	0.007	0.000	0.565	0.000	0.340
sad	0.179	0.000	0.008	0.001	0.554	0.000	0.258
neutral	0.136	0.000	0.007	0.000	0.416	0.001	0.440
neutral	0.106	0.000	0.006	0.001	0.378	0.000	0.509
sad	0.136	0.000	0.006	0.001	0.442	0.000	0.415
neutral	0.095	0.000	0.009	0.001	0.447	0.000	0.448
sad	0.133	0.000	0.006	0.000	0.460	0.001	0.399
neutral	0.072	0.000	0.011	0.001	0.443	0.001	0.472
neutral	0.088	0.000	0.006	0.002	0.252	0.004	0.647
sad	0.095	0.000	0.007	0.001	0.720	0.001	0.176
sad	0.028	0.000	0.007	0.000	0.768	0.001	0.196
sad	0.054	0.000	0.019	0.001	0.809	0.001	0.117
sad	0.047	0.000	0.012	0.001	0.819	0.000	0.121
sad	0.079	0.000	0.012	0.001	0.781	0.001	0.127
sad	0.076	0.000	0.008	0.002	0.704	0.002	0.209
sad	0.120	0.000	0.008	0.002	0.696	0.001	0.173
sad	0.157	0.000	0.006	0.001	0.606	0.003	0.226
sad	0.118	0.000	0.005	0.002	0.634	0.003	0.237
sad	0.231	0.001	0.012	0.006	0.598	0.005	0.148
sad	0.179	0.000	0.010	0.002	0.627	0.007	0.175
sad	0.159	0.000	0.008	0.003	0.540	0.004	0.285
sad	0.125	0.000	0.007	0.001	0.639	0.006	0.222
sad	0.141	0.000	0.005	0.002	0.656	0.002	0.194
sad	0.063	0.000	0.005	0.000	0.753	0.000	0.178
sad	0.287	0.000	0.008	0.003	0.425	0.005	0.272
sad	0.209	0.000	0.014	0.003	0.554	0.002	0.218
sad	0.171	0.000	0.004	0.004	0.425	0.003	0.394
sad	0.175	0.000	0.007	0.004	0.586	0.004	0.223
sad	0.144	0.000	0.004	0.001	0.607	0.001	0.242
sad	0.181	0.001	0.007	0.002	0.585	0.001	0.223
sad	0.127	0.000	0.005	0.002	0.587	0.001	0.278
sad	0.067	0.000	0.006	0.001	0.680	0.000	0.246
sad	0.106	0.000	0.003	0.000	0.603	0.000	0.286
sad	0.104	0.000	0.005	0.002	0.465	0.001	0.423
sad	0.137	0.000	0.005	0.000	0.678	0.001	0.178
sad	0.094	0.000	0.007	0.002	0.538	0.001	0.359
sad	0.094	0.000	0.004	0.002	0.457	0.001	0.443
sad	0.112	0.000	0.005	0.001	0.689	0.001	0.192
sad	0.117	0.000	0.005	0.002	0.515	0.001	0.360
sad	0.244	0.001	0.006	0.002	0.523	0.002	0.223
sad	0.167	0.001	0.008	0.002	0.571	0.002	0.250
sad	0.097	0.000	0.003	0.001	0.464	0.001	0.434
sad	0.139	0.000	0.003	0.002	0.473	0.001	0.382
sad	0.160	0.000	0.005	0.001	0.523	0.002	0.309
sad	0.110	0.000	0.006	0.001	0.675	0.002	0.206
sad	0.203	0.000	0.003	0.001	0.491	0.001	0.301
sad	0.199	0.001	0.007	0.003	0.519	0.002	0.269
sad	0.122	0.001	0.013	0.003	0.585	0.004	0.273
sad	0.150	0.000	0.015	0.002	0.641	0.004	0.187
sad	0.180	0.001	0.007	0.008	0.460	0.004	0.340
sad	0.187	0.000	0.010	0.002	0.560	0.003	0.238
sad	0.252	0.000	0.012	0.001	0.592	0.005	0.137
sad	0.148	0.000	0.009	0.004	0.595	0.002	0.242
sad	0.128	0.000	0.011	0.002	0.653	0.002	0.204
sad	0.120	0.000	0.013	0.001	0.658	0.002	0.206
sad	0.147	0.000	0.009	0.007	0.509	0.003	0.325
sad	0.157	0.001	0.010	0.002	0.675	0.002	0.154
sad	0.088	0.000	0.010	0.000	0.740	0.000	0.161
sad	0.043	0.000	0.008	0.001	0.679	0.000	0.269
sad	0.072	0.001	0.010	0.001	0.779	0.000	0.137
sad	0.049	0.000	0.004	0.000	0.747	0.000	0.199
sad	0.080	0.000	0.006	0.000	0.785	0.000	0.128
sad	0.261	0.001	0.006	0.001	0.536	0.001	0.195
sad	0.219	0.000	0.004	0.001	0.543	0.002	0.231
sad	0.133	0.000	0.007	0.001	0.710	0.001	0.148
sad	0.179	0.000	0.005	0.001	0.532	0.002	0.280
sad	0.204	0.000	0.002	0.000	0.585	0.001	0.208
sad	0.306	0.000	0.003	0.001	0.512	0.001	0.176
sad	0.165	0.000	0.006	0.001	0.621	0.002	0.205
sad	0.244	0.001	0.008	0.001	0.620	0.001	0.123
sad	0.189	0.001	0.004	0.001	0.616	0.002	0.187
sad	0.236	0.001	0.006	0.001	0.615	0.003	0.139
sad	0.189	0.001	0.005	0.001	0.592	0.001	0.210
sad	0.151	0.000	0.008	0.003	0.450	0.003	0.384
sad	0.334	0.000	0.004	0.001	0.444	0.002	0.215
sad	0.154	0.000	0.009	0.004	0.512	0.002	0.319
sad	0.216	0.001	0.004	0.001	0.562	0.001	0.214
sad	0.187	0.000	0.005	0.001	0.532	0.001	0.273
sad	0.127	0.000	0.004	0.002	0.497	0.002	0.367
sad	0.148	0.000	0.003	0.001	0.586	0.002	0.259
sad	0.144	0.000	0.003	0.002	0.561	0.002	0.289
sad	0.195	0.001	0.007	0.002	0.538	0.002	0.255
sad	0.114	0.000	0.005	0.002	0.462	0.002	0.415
sad	0.168	0.001	0.009	0.001	0.655	0.001	0.165
sad	0.161	0.000	0.005	0.002	0.434	0.002	0.396
sad	0.151	0.000	0.008	0.003	0.441	0.003	0.395
sad	0.179	0.001	0.007	0.002	0.583	0.002	0.226
neutral	0.111	0.000	0.006	0.002	0.388	0.002	0.491
sad	0.233	0.001	0.007	0.003	0.576	0.003	0.177
sad	0.187	0.000	0.013	0.005	0.524	0.017	0.254
sad	0.291	0.000	0.015	0.004	0.379	0.008	0.304
sad	0.175	0.000	0.020	0.007	0.425	0.023	0.350
sad	0.270	0.000	0.013	0.007	0.480	0.008	0.222
sad	0.285	0.000	0.009	0.004	0.410	0.008	0.285
sad	0.373	0.001	0.008	0.001	0.442	0.005	0.171
sad	0.270	0.000	0.012	0.002	0.564	0.004	0.148
happy	0.252	0.000	0.225	0.349	0.084	0.009	0.082
angry	0.412	0.000	0.010	0.002	0.386	0.007	0.183
sad	0.387	0.000	0.008	0.002	0.429	0.005	0.168
sad	0.379	0.001	0.009	0.002	0.442	0.005	0.163
fear	0.262	0.000	0.285	0.262	0.096	0.013	0.083
sad	0.277	0.000	0.014	0.002	0.502	0.004	0.201
happy	0.193	0.000	0.162	0.444	0.114	0.005	0.082
sad	0.307	0.001	0.012	0.002	0.543	0.007	0.130
sad	0.143	0.000	0.010	0.001	0.575	0.002	0.269
sad	0.281	0.000	0.011	0.001	0.538	0.005	0.163
sad	0.175	0.000	0.009	0.001	0.581	0.003	0.232
sad	0.323	0.000	0.014	0.001	0.522	0.006	0.133
sad	0.243	0.000	0.025	0.001	0.616	0.005	0.109
sad	0.135	0.000	0.030	0.005	0.532	0.010	0.288
sad	0.281	0.001	0.013	0.001	0.536	0.003	0.164
sad	0.322	0.000	0.010	0.003	0.454	0.006	0.206
sad	0.318	0.001	0.009	0.002	0.456	0.004	0.211
sad	0.174	0.000	0.010	0.002	0.575	0.004	0.236
sad	0.222	0.001	0.008	0.001	0.639	0.002	0.128
sad	0.172	0.000	0.009	0.001	0.588	0.004	0.226
happy	0.192	0.000	0.148	0.478	0.073	0.005	0.104
sad	0.187	0.000	0.008	0.001	0.658	0.002	0.144
sad	0.111	0.000	0.011	0.000	0.751	0.001	0.125
sad	0.107	0.000	0.021	0.000	0.676	0.001	0.195
sad	0.207	0.000	0.008	0.000	0.722	0.001	0.062
sad	0.197	0.000	0.007	0.000	0.702	0.001	0.092
sad	0.222	0.001	0.009	0.001	0.650	0.001	0.115
sad	0.168	0.000	0.013	0.002	0.571	0.003	0.243
sad	0.249	0.001	0.009	0.002	0.535	0.002	0.202
sad	0.202	0.000	0.015	0.001	0.631	0.002	0.149
sad	0.210	0.000	0.010	0.001	0.532	0.006	0.240
sad	0.176	0.000	0.011	0.001	0.636	0.002	0.173
sad	0.389	0.000	0.007	0.001	0.461	0.005	0.137
sad	0.320	0.000	0.010	0.001	0.558	0.003	0.107
sad	0.211	0.000	0.013	0.003	0.459	0.007	0.307
sad	0.325	0.000	0.014	0.002	0.553	0.003	0.102
sad	0.188	0.000	0.016	0.006	0.487	0.005	0.297
happy	0.176	0.000	0.041	0.688	0.071	0.001	0.023
sad	0.192	0.000	0.013	0.006	0.401	0.007	0.382
sad	0.235	0.001	0.014	0.001	0.618	0.001	0.129
sad	0.163	0.000	0.014	0.003	0.583	0.001	0.235
sad	0.194	0.000	0.008	0.002	0.527	0.001	0.267
sad	0.178	0.000	0.015	0.006	0.501	0.003	0.297
sad	0.315	0.001	0.016	0.001	0.586	0.002	0.078
happy	0.171	0.000	0.168	0.401	0.132	0.005	0.123
sad	0.160	0.000	0.012	0.003	0.601	0.002	0.222
sad	0.106	0.000	0.011	0.003	0.631	0.001	0.248
happy	0.309	0.000	0.080	0.462	0.038	0.003	0.109
sad	0.221	0.000	0.010	0.004	0.578	0.002	0.185
sad	0.163	0.001	0.015	0.003	0.654	0.002	0.163
sad	0.147	0.000	0.017	0.008	0.609	0.004	0.214
neutral	0.138	0.000	0.013	0.005	0.420	0.005	0.420
sad	0.114	0.001	0.015	0.003	0.679	0.001	0.187
sad	0.140	0.001	0.009	0.000	0.774	0.000	0.075
sad	0.129	0.000	0.011	0.004	0.677	0.001	0.178
sad	0.158	0.000	0.012	0.008	0.517	0.002	0.303
sad	0.142	0.000	0.011	0.005	0.564	0.003	0.274
sad	0.189	0.000	0.014	0.004	0.500	0.003	0.289
sad	0.174	0.000	0.016	0.010	0.555	0.005	0.241
sad	0.155	0.000	0.013	0.005	0.567	0.003	0.256
sad	0.171	0.000	0.015	0.004	0.538	0.002	0.269
sad	0.230	0.000	0.022	0.006	0.500	0.005	0.237
angry	0.356	0.000	0.011	0.005	0.342	0.008	0.277
sad	0.275	0.000	0.013	0.003	0.449	0.006	0.253
sad	0.176	0.000	0.016	0.002	0.516	0.009	0.280
sad	0.268	0.000	0.013	0.002	0.559	0.003	0.155
sad	0.327	0.001	0.022	0.002	0.476	0.005	0.167
sad	0.274	0.000	0.022	0.001	0.547	0.003	0.153
sad	0.188	0.000	0.027	0.003	0.439	0.011	0.332
sad	0.275	0.000	0.021	0.001	0.580	0.004	0.119
sad	0.186	0.000	0.042	0.004	0.505	0.013	0.250
sad	0.234	0.000	0.026	0.008	0.450	0.017	0.265
sad	0.188	0.000	0.015	0.001	0.546	0.005	0.245
neutral	0.178	0.000	0.012	0.002	0.370	0.011	0.426
sad	0.158	0.000	0.014	0.001	0.593	0.004	0.230
sad	0.183	0.000	0.022	0.001	0.479	0.003	0.312
sad	0.173	0.000	0.019	0.002	0.491	0.012	0.303
happy	0.178	0.000	0.130	0.325	0.124	0.011	0.231
sad	0.170	0.000	0.014	0.002	0.576	0.005	0.233
happy	0.152	0.000	0.141	0.388	0.097	0.004	0.219
sad	0.174	0.001	0.033	0.005	0.453	0.012	0.321
happy	0.164	0.000	0.114	0.582	0.064	0.003	0.073
sad	0.191	0.000	0.021	0.002	0.644	0.004	0.138
neutral	0.168	0.001	0.024	0.010	0.380	0.014	0.403
sad	0.183	0.001	0.020	0.002	0.633	0.003	0.157
sad	0.230	0.001	0.017	0.002	0.622	0.004	0.125
sad	0.209	0.000	0.030	0.001	0.600	0.005	0.154
sad	0.186	0.000	0.016	0.001	0.575	0.005	0.217
sad	0.173	0.000	0.020	0.001	0.653	0.005	0.148
sad	0.137	0.000	0.016	0.001	0.651	0.005	0.190
sad	0.146	0.000	0.015	0.001	0.552	0.005	0.282
sad	0.125	0.000	0.016	0.001	0.615	0.004	0.239
sad	0.160	0.000	0.010	0.001	0.524	0.004	0.302
sad	0.288	0.000	0.045	0.003	0.484	0.013	0.166
sad	0.075	0.000	0.012	0.001	0.627	0.001	0.283
sad	0.148	0.000	0.014	0.001	0.634	0.002	0.201
sad	0.140	0.000	0.015	0.001	0.588	0.003	0.252
sad	0.131	0.000	0.016	0.001	0.565	0.004	0.282
sad	0.174	0.000	0.014	0.001	0.552	0.004	0.255
sad	0.154	0.000	0.018	0.001	0.491	0.005	0.330
sad	0.217	0.000	0.015	0.001	0.453	0.006	0.308
sad	0.195	0.000	0.020	0.001	0.482	0.007	0.294
sad	0.060	0.000	0.017	0.000	0.739	0.001	0.184
sad	0.097	0.000	0.018	0.001	0.684	0.002	0.198
sad	0.058	0.000	0.016	0.000	0.796	0.001	0.130
angry	0.304	0.000	0.178	0.237	0.113	0.008	0.160
neutral	0.181	0.000	0.008	0.001	0.387	0.005	0.417
sad	0.147	0.000	0.012	0.002	0.439	0.004	0.396
sad	0.149	0.000	0.014	0.001	0.609	0.003	0.224
sad	0.114	0.000	0.015	0.001	0.650	0.003	0.218
sad	0.174	0.000	0.020	0.001	0.603	0.005	0.198
sad	0.179	0.000	0.026	0.001	0.589	0.004	0.202
sad	0.168	0.000	0.015	0.001	0.536	0.006	0.273
sad	0.117	0.000	0.015	0.001	0.680	0.004	0.183
sad	0.149	0.000	0.019	0.001	0.624	0.004	0.202
sad	0.178	0.000	0.012	0.001	0.469	0.004	0.336
sad	0.137	0.000	0.018	0.001	0.593	0.005	0.246
sad	0.155	0.000	0.023	0.001	0.647	0.004	0.171
sad	0.339	0.001	0.012	0.002	0.466	0.004	0.176
sad	0.247	0.000	0.014	0.001	0.550	0.004	0.183
sad	0.267	0.000	0.011	0.001	0.548	0.002	0.171
sad	0.197	0.000	0.016	0.001	0.598	0.004	0.184
sad	0.207	0.000	0.016	0.001	0.595	0.005	0.176
sad	0.150	0.000	0.018	0.001	0.596	0.004	0.232
sad	0.124	0.000	0.014	0.002	0.458	0.010	0.392
sad	0.132	0.000	0.014	0.002	0.467	0.011	0.375
sad	0.225	0.000	0.014	0.002	0.529	0.005	0.225
neutral	0.127	0.000	0.015	0.003	0.393	0.010	0.452
sad	0.197	0.000	0.017	0.001	0.616	0.002	0.167
neutral	0.132	0.000	0.015	0.002	0.404	0.007	0.441
sad	0.165	0.000	0.014	0.002	0.514	0.006	0.299
happy	0.174	0.000	0.060	0.699	0.019	0.002	0.047
sad	0.232	0.000	0.015	0.002	0.536	0.005	0.210
happy	0.201	0.000	0.077	0.612	0.041	0.005	0.064
sad	0.169	0.000	0.020	0.001	0.483	0.007	0.320
sad	0.254	0.000	0.015	0.001	0.594	0.002	0.133
sad	0.157	0.000	0.014	0.001	0.634	0.002	0.193
happy	0.169	0.000	0.141	0.352	0.125	0.010	0.203
sad	0.156	0.000	0.015	0.002	0.546	0.007	0.274
sad	0.140	0.000	0.018	0.003	0.569	0.005	0.265
sad	0.133	0.000	0.018	0.002	0.650	0.004	0.193
happy	0.175	0.000	0.143	0.302	0.136	0.008	0.235
neutral	0.202	0.000	0.014	0.003	0.331	0.013	0.437
happy	0.177	0.000	0.196	0.412	0.100	0.005	0.110
sad	0.125	0.000	0.016	0.001	0.544	0.003	0.311
sad	0.218	0.000	0.019	0.001	0.425	0.008	0.329
sad	0.133	0.000	0.015	0.001	0.598	0.002	0.251
sad	0.158	0.000	0.011	0.001	0.537	0.003	0.290
sad	0.257	0.000	0.015	0.001	0.547	0.003	0.176
sad	0.181	0.000	0.007	0.001	0.532	0.002	0.277
sad	0.166	0.000	0.012	0.003	0.451	0.005	0.363
sad	0.197	0.000	0.022	0.001	0.666	0.003	0.112
sad	0.145	0.000	0.019	0.002	0.487	0.004	0.344
sad	0.155	0.000	0.013	0.001	0.614	0.002	0.215
sad	0.156	0.000	0.011	0.001	0.577	0.004	0.250
happy	0.281	0.000	0.142	0.443	0.063	0.007	0.064
sad	0.163	0.000	0.013	0.001	0.640	0.003	0.179
sad	0.171	0.000	0.027	0.001	0.649	0.003	0.148
sad	0.198	0.000	0.012	0.001	0.564	0.003	0.222
happy	0.268	0.000	0.114	0.476	0.052	0.004	0.086
sad	0.256	0.000	0.017	0.002	0.560	0.003	0.163
sad	0.184	0.000	0.012	0.001	0.599	0.002	0.202
sad	0.139	0.000	0.016	0.001	0.636	0.003	0.205
sad	0.156	0.000	0.009	0.001	0.461	0.003	0.369
sad	0.124	0.000	0.022	0.001	0.649	0.003	0.200
sad	0.138	0.000	0.013	0.001	0.467	0.003	0.377
sad	0.146	0.000	0.023	0.001	0.699	0.003	0.128
sad	0.175	0.000	0.025	0.002	0.678	0.005	0.116
sad	0.173	0.000	0.016	0.002	0.654	0.003	0.152
sad	0.127	0.000	0.016	0.002	0.482	0.009	0.364
sad	0.187	0.000	0.046	0.002	0.542	0.012	0.211
sad	0.146	0.000	0.014	0.001	0.638	0.003	0.198
sad	0.114	0.000	0.024	0.002	0.608	0.007	0.244
sad	0.137	0.000	0.022	0.001	0.592	0.003	0.245
sad	0.161	0.000	0.019	0.001	0.585	0.006	0.228
sad	0.207	0.001	0.043	0.003	0.420	0.021	0.305
sad	0.085	0.000	0.025	0.001	0.729	0.001	0.157
sad	0.199	0.001	0.046	0.001	0.664	0.002	0.087
sad	0.187	0.000	0.032	0.001	0.611	0.006	0.163
sad	0.140	0.000	0.023	0.001	0.643	0.003	0.189
sad	0.173	0.000	0.016	0.002	0.455	0.009	0.345
sad	0.135	0.000	0.026	0.001	0.719	0.004	0.114
sad	0.136	0.000	0.013	0.001	0.639	0.004	0.206
sad	0.152	0.000	0.027	0.001	0.674	0.003	0.141
sad	0.133	0.000	0.016	0.001	0.646	0.003	0.200
sad	0.174	0.000	0.013	0.001	0.638	0.003	0.172
sad	0.109	0.000	0.014	0.001	0.584	0.003	0.288
sad	0.184	0.000	0.013	0.001	0.588	0.003	0.210
sad	0.161	0.000	0.012	0.001	0.619	0.003	0.203
sad	0.185	0.000	0.018	0.001	0.630	0.004	0.161
sad	0.194	0.000	0.043	0.002	0.608	0.009	0.144
sad	0.229	0.000	0.025	0.001	0.619	0.004	0.122
sad	0.198	0.000	0.022	0.002	0.639	0.007	0.132
sad	0.142	0.000	0.016	0.002	0.587	0.005	0.249
sad	0.171	0.000	0.017	0.001	0.648	0.004	0.159
sad	0.216	0.000	0.032	0.002	0.565	0.007	0.178
sad	0.217	0.000	0.017	0.002	0.428	0.009	0.326
sad	0.110	0.000	0.016	0.001	0.780	0.001	0.093
sad	0.148	0.000	0.025	0.001	0.616	0.004	0.206
sad	0.211	0.000	0.033	0.001	0.625	0.005	0.123
sad	0.130	0.000	0.015	0.002	0.544	0.005	0.303
sad	0.127	0.000	0.020	0.001	0.664	0.003	0.184
sad	0.195	0.001	0.044	0.002	0.617	0.007	0.134
sad	0.187	0.000	0.019	0.002	0.517	0.012	0.262
sad	0.124	0.000	0.014	0.001	0.641	0.003	0.217
sad	0.189	0.000	0.030	0.001	0.658	0.005	0.116
sad	0.186	0.000	0.023	0.001	0.679	0.003	0.109
sad	0.153	0.000	0.012	0.002	0.471	0.007	0.355
sad	0.220	0.000	0.030	0.002	0.535	0.007	0.205
sad	0.105	0.000	0.028	0.002	0.602	0.005	0.259
sad	0.144	0.000	0.016	0.001	0.537	0.003	0.299
sad	0.140	0.000	0.022	0.001	0.612	0.005	0.220
sad	0.162	0.000	0.029	0.001	0.616	0.007	0.184
sad	0.276	0.001	0.026	0.004	0.505	0.013	0.175
sad	0.172	0.002	0.034	0.002	0.607	0.013	0.170
sad	0.289	0.001	0.024	0.002	0.529	0.014	0.142
sad	0.305	0.002	0.020	0.003	0.506	0.008	0.156
sad	0.359	0.001	0.029	0.004	0.469	0.010	0.129
sad	0.216	0.001	0.036	0.010	0.424	0.030	0.284
sad	0.244	0.001	0.041	0.002	0.545	0.009	0.158
sad	0.212	0.001	0.032	0.003	0.537	0.011	0.204
sad	0.142	0.001	0.032	0.001	0.717	0.002	0.105
sad	0.126	0.000	0.020	0.001	0.569	0.005	0.279
sad	0.190	0.000	0.052	0.002	0.562	0.021	0.172
sad	0.109	0.000	0.017	0.001	0.709	0.004	0.159
sad	0.129	0.000	0.039	0.001	0.610	0.007	0.213
sad	0.186	0.001	0.031	0.003	0.597	0.008	0.174
sad	0.175	0.001	0.031	0.006	0.401	0.019	0.368
sad	0.163	0.001	0.038	0.002	0.638	0.010	0.149
sad	0.172	0.001	0.045	0.002	0.644	0.008	0.129
sad	0.215	0.001	0.038	0.002	0.602	0.007	0.135
sad	0.149	0.000	0.031	0.001	0.688	0.003	0.127
sad	0.065	0.000	0.027	0.000	0.805	0.001	0.101
sad	0.120	0.000	0.022	0.001	0.719	0.004	0.133
sad	0.200	0.001	0.040	0.002	0.580	0.013	0.164
sad	0.151	0.000	0.027	0.002	0.634	0.010	0.176
sad	0.195	0.001	0.044	0.002	0.593	0.013	0.152
sad	0.199	0.000	0.049	0.004	0.510	0.025	0.213
sad	0.258	0.001	0.030	0.005	0.510	0.015	0.182
sad	0.118	0.000	0.023	0.002	0.705	0.006	0.146
sad	0.223	0.001	0.036	0.005	0.488	0.025	0.223
sad	0.199	0.001	0.056	0.005	0.390	0.056	0.293
sad	0.247	0.001	0.030	0.003	0.536	0.013	0.170
neutral	0.193	0.000	0.026	0.007	0.338	0.021	0.415
sad	0.210	0.000	0.052	0.003	0.538	0.024	0.173
sad	0.152	0.000	0.027	0.002	0.655	0.006	0.157
sad	0.144	0.000	0.026	0.001	0.683	0.006	0.139
sad	0.226	0.001	0.063	0.002	0.556	0.017	0.136
sad	0.142	0.001	0.024	0.001	0.742	0.002	0.089
sad	0.112	0.000	0.033	0.001	0.730	0.005	0.120
sad	0.138	0.000	0.013	0.001	0.656	0.004	0.188
sad	0.154	0.000	0.023	0.001	0.645	0.010	0.167
sad	0.133	0.000	0.020	0.001	0.712	0.004	0.130
sad	0.205	0.001	0.074	0.002	0.558	0.024	0.137
sad	0.110	0.000	0.023	0.002	0.533	0.008	0.323
sad	0.167	0.000	0.024	0.001	0.624	0.005	0.178
sad	0.168	0.000	0.030	0.001	0.665	0.006	0.130
sad	0.167	0.001	0.036	0.001	0.643	0.008	0.145
sad	0.041	0.000	0.024	0.001	0.797	0.001	0.136
sad	0.064	0.000	0.021	0.001	0.773	0.004	0.137
sad	0.174	0.000	0.031	0.001	0.585	0.006	0.202
sad	0.205	0.000	0.055	0.001	0.648	0.014	0.075
sad	0.314	0.001	0.057	0.004	0.469	0.014	0.141
sad	0.216	0.000	0.051	0.007	0.416	0.050	0.259
sad	0.218	0.003	0.046	0.005	0.516	0.026	0.186
sad	0.224	0.001	0.032	0.012	0.369	0.064	0.299
sad	0.223	0.001	0.054	0.003	0.454	0.029	0.237
sad	0.228	0.001	0.068	0.003	0.512	0.023	0.166
sad	0.149	0.001	0.047	0.002	0.657	0.013	0.131
sad	0.216	0.001	0.023	0.002	0.567	0.009	0.182
sad	0.150	0.000	0.017	0.001	0.643	0.006	0.183
sad	0.147	0.000	0.017	0.002	0.523	0.009	0.303
sad	0.133	0.000	0.015	0.002	0.480	0.005	0.365
sad	0.190	0.000	0.024	0.001	0.662	0.006	0.117
sad	0.165	0.000	0.021	0.001	0.520	0.006	0.287
sad	0.183	0.000	0.023	0.002	0.533	0.012	0.247
sad	0.207	0.001	0.032	0.001	0.611	0.007	0.141
sad	0.265	0.001	0.048	0.002	0.500	0.012	0.171
sad	0.202	0.000	0.032	0.001	0.613	0.006	0.145
sad	0.221	0.000	0.037	0.002	0.554	0.014	0.172
sad	0.227	0.001	0.042	0.002	0.572	0.016	0.140
sad	0.241	0.000	0.031	0.002	0.568	0.012	0.146
sad	0.243	0.002	0.029	0.001	0.623	0.011	0.090
sad	0.173	0.000	0.027	0.002	0.564	0.019	0.215
sad	0.233	0.001	0.025	0.002	0.583	0.010	0.146
sad	0.218	0.001	0.025	0.003	0.534	0.012	0.209
sad	0.210	0.000	0.027	0.001	0.583	0.009	0.169
sad	0.138	0.003	0.026	0.001	0.727	0.002	0.104
sad	0.138	0.000	0.017	0.001	0.633	0.005	0.206
sad	0.220	0.000	0.034	0.002	0.568	0.025	0.150
sad	0.168	0.002	0.041	0.003	0.565	0.024	0.196
sad	0.204	0.002	0.066	0.006	0.435	0.052	0.234
sad	0.188	0.001	0.081	0.003	0.522	0.035	0.169
sad	0.208	0.001	0.061	0.003	0.550	0.025	0.152
sad	0.175	0.000	0.020	0.001	0.667	0.005	0.132
sad	0.115	0.000	0.025	0.002	0.694	0.005	0.159
sad	0.247	0.001	0.053	0.003	0.542	0.024	0.130
sad	0.188	0.001	0.033	0.014	0.371	0.049	0.343
sad	0.205	0.001	0.041	0.003	0.589	0.019	0.141
sad	0.320	0.001	0.028	0.005	0.364	0.032	0.250
neutral	0.202	0.000	0.031	0.015	0.336	0.072	0.342
sad	0.252	0.001	0.056	0.006	0.434	0.029	0.223
sad	0.234	0.001	0.053	0.015	0.419	0.066	0.212
sad	0.188	0.001	0.061	0.017	0.314	0.125	0.296
sad	0.282	0.000	0.021	0.005	0.440	0.008	0.243
sad	0.270	0.000	0.020	0.001	0.494	0.003	0.211
sad	0.228	0.000	0.023	0.005	0.478	0.015	0.250
sad	0.326	0.000	0.025	0.005	0.407	0.013	0.223
sad	0.217	0.001	0.028	0.006	0.452	0.017	0.280
sad	0.193	0.000	0.021	0.001	0.650	0.002	0.132
sad	0.260	0.001	0.018	0.005	0.413	0.009	0.295
sad	0.270	0.000	0.029	0.003	0.473	0.016	0.209
sad	0.302	0.001	0.020	0.001	0.548	0.004	0.124
sad	0.276	0.000	0.013	0.001	0.543	0.003	0.164
sad	0.146	0.000	0.012	0.001	0.595	0.005	0.241
sad	0.212	0.000	0.013	0.000	0.555	0.002	0.218
sad	0.311	0.000	0.017	0.001	0.515	0.003	0.154
sad	0.281	0.000	0.016	0.000	0.574	0.002	0.126
sad	0.228	0.000	0.008	0.000	0.480	0.003	0.280
sad	0.200	0.000	0.013	0.000	0.556	0.003	0.228
sad	0.198	0.000	0.008	0.000	0.438	0.005	0.350
sad	0.189	0.000	0.015	0.001	0.642	0.002	0.151
sad	0.222	0.001	0.028	0.001	0.621	0.003	0.125
sad	0.186	0.000	0.022	0.001	0.619	0.003	0.169
sad	0.224	0.000	0.021	0.001	0.615	0.002	0.136
sad	0.256	0.001	0.020	0.000	0.640	0.002	0.081
sad	0.078	0.000	0.020	0.000	0.803	0.000	0.099
sad	0.145	0.001	0.024	0.001	0.685	0.002	0.143
sad	0.155	0.001	0.017	0.002	0.572	0.003	0.250
neutral	0.047	0.000	0.005	0.437	0.063	0.006	0.442
happy	0.002	0.000	0.000	0.955	0.003	0.001	0.038
happy	0.003	0.000	0.000	0.837	0.007	0.001	0.152
happy	0.003	0.000	0.000	0.910	0.005	0.001	0.081
happy	0.004	0.000	0.000	0.876	0.006	0.001	0.112
happy	0.013	0.000	0.001	0.791	0.020	0.001	0.173
happy	0.024	0.000	0.001	0.732	0.028	0.001	0.215
happy	0.010	0.000	0.000	0.787	0.018	0.001	0.184
happy	0.140	0.000	0.015	0.488	0.279	0.000	0.078
happy	0.010	0.000	0.000	0.729	0.021	0.001	0.239
happy	0.013	0.000	0.001	0.744	0.029	0.002	0.211
happy	0.018	0.000	0.001	0.707	0.022	0.005	0.248
neutral	0.030	0.000	0.001	0.357	0.060	0.003	0.548
neutral	0.050	0.000	0.005	0.293	0.084	0.008	0.560
neutral	0.080	0.000	0.009	0.129	0.139	0.011	0.632
neutral	0.089	0.000	0.009	0.083	0.163	0.013	0.643
neutral	0.085	0.000	0.008	0.082	0.129	0.008	0.689
neutral	0.124	0.000	0.010	0.134	0.203	0.008	0.521
neutral	0.136	0.000	0.009	0.154	0.205	0.014	0.482
happy	0.100	0.000	0.009	0.381	0.121	0.010	0.378
happy	0.020	0.000	0.002	0.663	0.029	0.005	0.282
happy	0.010	0.000	0.002	0.805	0.017	0.004	0.162
neutral	0.100	0.000	0.010	0.313	0.135	0.010	0.430
neutral	0.078	0.000	0.011	0.141	0.163	0.009	0.598
neutral	0.067	0.000	0.004	0.036	0.172	0.006	0.716
neutral	0.118	0.000	0.007	0.020	0.258	0.005	0.593
neutral	0.122	0.000	0.019	0.017	0.355	0.007	0.480
sad	0.147	0.000	0.010	0.004	0.444	0.000	0.395
neutral	0.098	0.000	0.008	0.007	0.408	0.001	0.477
neutral	0.130	0.000	0.006	0.005	0.240	0.003	0.615
neutral	0.118	0.000	0.007	0.005	0.200	0.008	0.662
neutral	0.113	0.000	0.007	0.003	0.249	0.006	0.622
neutral	0.187	0.000	0.007	0.004	0.287	0.004	0.511
neutral	0.192	0.000	0.012	0.007	0.328	0.007	0.454
neutral	0.156	0.000	0.008	0.010	0.245	0.008	0.572
neutral	0.158	0.000	0.007	0.006	0.304	0.004	0.520
neutral	0.192	0.000	0.010	0.008	0.264	0.007	0.519
neutral	0.137	0.001	0.011	0.008	0.306	0.005	0.532
neutral	0.161	0.000	0.007	0.004	0.191	0.008	0.629
neutral	0.144	0.000	0.005	0.003	0.255	0.004	0.589
sad	0.218	0.000	0.014	0.004	0.402	0.006	0.356
neutral	0.254	0.000	0.015	0.004	0.337	0.008	0.382
neutral	0.153	0.000	0.007	0.002	0.213	0.007	0.617
sad	0.304	0.001	0.047	0.056	0.573	0.000	0.018
neutral	0.164	0.000	0.011	0.007	0.299	0.007	0.513
neutral	0.176	0.000	0.013	0.005	0.331	0.006	0.468
neutral	0.156	0.000	0.009	0.014	0.214	0.011	0.595
sad	0.153	0.000	0.010	0.004	0.424	0.003	0.405
sad	0.206	0.000	0.011	0.003	0.409	0.003	0.367
neutral	0.274	0.000	0.012	0.003	0.279	0.005	0.426
neutral	0.180	0.000	0.009	0.003	0.314	0.006	0.488
neutral	0.253	0.000	0.009	0.002	0.329	0.005	0.402
neutral	0.172	0.000	0.012	0.003	0.334	0.005	0.475
neutral	0.215	0.000	0.012	0.002	0.309	0.006	0.455
neutral	0.151	0.000	0.010	0.005	0.279	0.012	0.543
neutral	0.158	0.000	0.007	0.001	0.340	0.002	0.492
neutral	0.181	0.000	0.010	0.002	0.326	0.003	0.478
neutral	0.130	0.000	0.006	0.002	0.262	0.002	0.598
neutral	0.151	0.000	0.005	0.001	0.269	0.001	0.573
neutral	0.208	0.000	0.006	0.001	0.345	0.003	0.438
neutral	0.221	0.000	0.005	0.001	0.326	0.003	0.444
sad	0.210	0.000	0.012	0.001	0.396	0.004	0.376
neutral	0.215	0.000	0.009	0.002	0.334	0.007	0.433
neutral	0.230	0.000	0.012	0.002	0.314	0.009	0.432
neutral	0.121	0.000	0.005	0.001	0.281	0.002	0.589
neutral	0.268	0.000	0.006	0.002	0.351	0.004	0.369
sad	0.195	0.000	0.005	0.001	0.403	0.002	0.393
neutral	0.157	0.000	0.015	0.002	0.271	0.015	0.539
neutral	0.196	0.000	0.012	0.003	0.244	0.010	0.535
sad	0.222	0.000	0.014	0.001	0.410	0.005	0.347
sad	0.224	0.000	0.015	0.003	0.381	0.006	0.372
neutral	0.197	0.000	0.013	0.002	0.338	0.005	0.445
neutral	0.179	0.000	0.014	0.004	0.273	0.007	0.522
neutral	0.153	0.000	0.009	0.002	0.315	0.003	0.518
neutral	0.153	0.000	0.008	0.002	0.334	0.003	0.501
sad	0.124	0.000	0.014	0.001	0.541	0.001	0.318
sad	0.184	0.001	0.016	0.001	0.503	0.001	0.293
neutral	0.165	0.000	0.008	0.001	0.349	0.002	0.473
neutral	0.173	0.000	0.008	0.003	0.323	0.004	0.489
neutral	0.167	0.000	0.011	0.007	0.401	0.004	0.410
neutral	0.155	0.000	0.009	0.003	0.308	0.004	0.521
neutral	0.237	0.000	0.010	0.001	0.282	0.007	0.463
neutral	0.173	0.000	0.008	0.003	0.318	0.004	0.494
neutral	0.184	0.000	0.006	0.001	0.338	0.002	0.469
neutral	0.188	0.000	0.010	0.001	0.318	0.004	0.478
neutral	0.157	0.000	0.009	0.002	0.352	0.005	0.473
sad	0.168	0.000	0.015	0.002	0.451	0.003	0.360
neutral	0.170	0.000	0.020	0.011	0.366	0.013	0.419
sad	0.214	0.000	0.009	0.002	0.392	0.007	0.376
sad	0.240	0.000	0.007	0.002	0.418	0.003	0.330
neutral	0.163	0.000	0.012	0.009	0.283	0.010	0.524
sad	0.256	0.000	0.008	0.002	0.366	0.005	0.363
neutral	0.164	0.000	0.006	0.002	0.312	0.005	0.512
neutral	0.128	0.000	0.009	0.003	0.325	0.005	0.530
sad	0.162	0.001	0.007	0.002	0.532	0.001	0.296
sad	0.190	0.001	0.010	0.004	0.469	0.005	0.322
sad	0.198	0.000	0.011	0.002	0.508	0.004	0.277
sad	0.150	0.000	0.009	0.003	0.490	0.003	0.345
sad	0.088	0.000	0.004	0.003	0.509	0.002	0.393
sad	0.120	0.001	0.007	0.000	0.736	0.000	0.136
sad	0.130	0.001	0.010	0.002	0.627	0.001	0.229
sad	0.054	0.000	0.002	0.000	0.739	0.000	0.204
sad	0.108	0.000	0.003	0.003	0.613	0.001	0.273
sad	0.103	0.001	0.003	0.004	0.616	0.001	0.273
sad	0.122	0.000	0.002	0.006	0.662	0.001	0.207
sad	0.064	0.000	0.004	0.001	0.790	0.000	0.140
sad	0.121	0.000	0.002	0.002	0.638	0.000	0.237
sad	0.092	0.000	0.002	0.002	0.719	0.000	0.184
sad	0.120	0.000	0.003	0.004	0.588	0.001	0.283
sad	0.152	0.000	0.003	0.003	0.560	0.001	0.280
sad	0.104	0.000	0.005	0.006	0.666	0.001	0.218
sad	0.036	0.000	0.010	0.002	0.784	0.001	0.168
sad	0.097	0.001	0.004	0.002	0.740	0.000	0.156
sad	0.094	0.000	0.002	0.001	0.714	0.000	0.188
sad	0.156	0.001	0.004	0.002	0.673	0.001	0.163
sad	0.143	0.000	0.002	0.000	0.781	0.001	0.073
sad	0.142	0.000	0.002	0.001	0.673	0.001	0.181
sad	0.130	0.000	0.007	0.002	0.686	0.002	0.172
sad	0.172	0.001	0.006	0.002	0.681	0.001	0.137
sad	0.085	0.000	0.004	0.002	0.729	0.001	0.179
sad	0.166	0.000	0.006	0.001	0.648	0.003	0.175
sad	0.082	0.000	0.003	0.002	0.688	0.001	0.224
sad	0.118	0.000	0.007	0.002	0.612	0.003	0.258
sad	0.178	0.001	0.006	0.001	0.657	0.003	0.154
sad	0.217	0.000	0.006	0.001	0.636	0.003	0.136
sad	0.156	0.000	0.009	0.000	0.734	0.004	0.096
sad	0.148	0.000	0.007	0.003	0.539	0.003	0.298
sad	0.119	0.000	0.007	0.002	0.657	0.005	0.211
sad	0.133	0.000	0.007	0.001	0.708	0.003	0.148
sad	0.249	0.000	0.010	0.001	0.567	0.009	0.163
sad	0.101	0.000	0.004	0.002	0.676	0.002	0.215
sad	0.299	0.001	0.009	0.001	0.600	0.004	0.087
sad	0.133	0.000	0.007	0.002	0.602	0.002	0.254
sad	0.202	0.000	0.007	0.000	0.731	0.004	0.055
sad	0.202	0.000	0.006	0.002	0.655	0.002	0.133
sad	0.140	0.000	0.008	0.001	0.635	0.003	0.213
sad	0.058	0.000	0.006	0.000	0.821	0.000	0.114
sad	0.132	0.000	0.013	0.001	0.653	0.003	0.197
sad	0.146	0.000	0.011	0.002	0.604	0.004	0.233
sad	0.175	0.001	0.009	0.001	0.726	0.002	0.086
sad	0.157	0.001	0.007	0.001	0.739	0.002	0.092
sad	0.207	0.001	0.007	0.001	0.638	0.002	0.144
sad	0.120	0.000	0.006	0.002	0.658	0.002	0.211
sad	0.188	0.000	0.011	0.002	0.653	0.005	0.141
sad	0.175	0.001	0.009	0.001	0.646	0.004	0.164
sad	0.208	0.001	0.004	0.001	0.705	0.001	0.081
sad	0.150	0.000	0.004	0.001	0.709	0.001	0.135
sad	0.145	0.002	0.005	0.000	0.805	0.000	0.043
sad	0.069	0.000	0.011	0.001	0.798	0.001	0.121
sad	0.116	0.000	0.008	0.001	0.789	0.001	0.085
sad	0.120	0.000	0.007	0.001	0.764	0.002	0.105
sad	0.172	0.001	0.005	0.002	0.683	0.002	0.135
sad	0.148	0.000	0.006	0.001	0.726	0.002	0.117
sad	0.176	0.001	0.006	0.004	0.613	0.003	0.198
sad	0.159	0.000	0.005	0.000	0.724	0.001	0.110
sad	0.147	0.000	0.006	0.001	0.683	0.002	0.161
sad	0.120	0.001	0.008	0.001	0.723	0.001	0.146
sad	0.139	0.000	0.004	0.000	0.737	0.001	0.118
sad	0.209	0.000	0.004	0.000	0.691	0.002	0.093
sad	0.205	0.000	0.003	0.000	0.728	0.001	0.062
sad	0.230	0.000	0.005	0.000	0.678	0.001	0.085
sad	0.159	0.000	0.007	0.002	0.672	0.003	0.157
sad	0.207	0.001	0.006	0.002	0.596	0.004	0.185
sad	0.175	0.000	0.007	0.001	0.678	0.002	0.137
sad	0.125	0.000	0.005	0.000	0.756	0.002	0.112
sad	0.140	0.001	0.005	0.000	0.805	0.001	0.048
sad	0.185	0.001	0.004	0.000	0.759	0.001	0.051
sad	0.083	0.000	0.005	0.000	0.838	0.000	0.074
sad	0.110	0.000	0.007	0.001	0.736	0.002	0.145
sad	0.230	0.000	0.005	0.001	0.561	0.002	0.200
sad	0.186	0.002	0.010	0.002	0.581	0.007	0.213
sad	0.150	0.000	0.005	0.002	0.654	0.002	0.188
sad	0.139	0.000	0.007	0.001	0.696	0.004	0.153
sad	0.185	0.000	0.005	0.000	0.700	0.002	0.108
sad	0.160	0.000	0.004	0.001	0.716	0.001	0.118
sad	0.134	0.000	0.011	0.001	0.703	0.004	0.147
sad	0.182	0.001	0.007	0.001	0.712	0.002	0.096
sad	0.194	0.001	0.012	0.002	0.585	0.007	0.199
sad	0.164	0.001	0.008	0.002	0.604	0.005	0.218
sad	0.208	0.000	0.008	0.002	0.615	0.004	0.162
sad	0.220	0.001	0.006	0.001	0.564	0.004	0.204
sad	0.213	0.001	0.010	0.002	0.617	0.007	0.149
sad	0.166	0.000	0.009	0.001	0.751	0.004	0.068
sad	0.143	0.000	0.009	0.002	0.638	0.003	0.206
sad	0.104	0.000	0.010	0.001	0.708	0.002	0.175
sad	0.122	0.001	0.008	0.001	0.792	0.001	0.076
sad	0.082	0.000	0.011	0.001	0.760	0.001	0.145
sad	0.150	0.001	0.010	0.001	0.764	0.002	0.073
sad	0.111	0.000	0.009	0.001	0.713	0.002	0.164
sad	0.095	0.000	0.006	0.000	0.763	0.002	0.134
sad	0.166	0.001	0.009	0.001	0.745	0.002	0.076
sad	0.189	0.000	0.009	0.001	0.562	0.005	0.234
sad	0.201	0.000	0.011	0.001	0.509	0.010	0.268
sad	0.141	0.000	0.007	0.001	0.641	0.003	0.208
sad	0.162	0.001	0.009	0.001	0.710	0.002	0.115
sad	0.156	0.001	0.006	0.000	0.746	0.001	0.090
sad	0.157	0.000	0.008	0.000	0.754	0.003	0.078
sad	0.174	0.000	0.008	0.000	0.710	0.003	0.104
sad	0.145	0.000	0.007	0.001	0.714	0.003	0.129
sad	0.112	0.000	0.006	0.001	0.786	0.001	0.095
sad	0.140	0.001	0.007	0.000	0.758	0.001	0.092
sad	0.159	0.000	0.008	0.000	0.750	0.002	0.080
sad	0.174	0.001	0.008	0.000	0.744	0.001	0.072
sad	0.177	0.002	0.007	0.001	0.717	0.001	0.096
sad	0.120	0.000	0.008	0.002	0.665	0.003	0.201
sad	0.121	0.000	0.005	0.001	0.648	0.002	0.222
sad	0.160	0.000	0.012	0.001	0.633	0.003	0.191
sad	0.104	0.001	0.014	0.001	0.769	0.001	0.110
sad	0.160	0.001	0.007	0.001	0.677	0.001	0.153
sad	0.158	0.000	0.007	0.001	0.637	0.001	0.195
sad	0.135	0.000	0.007	0.003	0.551	0.005	0.299
sad	0.286	0.001	0.007	0.000	0.642	0.003	0.061
sad	0.135	0.000	0.011	0.000	0.717	0.002	0.134
sad	0.063	0.000	0.009	0.001	0.800	0.001	0.127
sad	0.207	0.001	0.013	0.001	0.634	0.007	0.136
sad	0.206	0.001	0.010	0.002	0.561	0.008	0.211
sad	0.267	0.001	0.011	0.002	0.518	0.008	0.194
sad	0.228	0.000	0.009	0.001	0.568	0.006	0.187
sad	0.261	0.001	0.007	0.001	0.567	0.002	0.162
sad	0.069	0.000	0.004	0.001	0.747	0.000	0.179
sad	0.153	0.002	0.009	0.000	0.755	0.001	0.079
sad	0.195	0.001	0.007	0.001	0.683	0.001	0.113
sad	0.204	0.001	0.011	0.001	0.670	0.003	0.110
sad	0.171	0.000	0.008	0.001	0.596	0.003	0.221
sad	0.135	0.000	0.007	0.001	0.705	0.004	0.147
sad	0.190	0.000	0.007	0.001	0.683	0.003	0.117
sad	0.266	0.001	0.005	0.000	0.631	0.001	0.097
sad	0.139	0.000	0.004	0.000	0.748	0.002	0.106
sad	0.234	0.000	0.008	0.001	0.642	0.004	0.111
sad	0.254	0.000	0.004	0.002	0.605	0.003	0.132
sad	0.203	0.001	0.005	0.001	0.622	0.002	0.166
sad	0.240	0.000	0.011	0.002	0.600	0.011	0.135
sad	0.230	0.000	0.005	0.001	0.676	0.002	0.085
sad	0.235	0.001	0.008	0.001	0.673	0.004	0.078
sad	0.153	0.000	0.007	0.001	0.642	0.004	0.193
sad	0.231	0.001	0.007	0.001	0.654	0.003	0.103
sad	0.230	0.000	0.004	0.002	0.542	0.005	0.217
sad	0.223	0.001	0.004	0.000	0.702	0.002	0.068
sad	0.251	0.000	0.006	0.001	0.656	0.004	0.082
sad	0.217	0.000	0.009	0.002	0.576	0.005	0.191
sad	0.299	0.000	0.006	0.001	0.551	0.003	0.140
sad	0.211	0.000	0.010	0.001	0.542	0.005	0.232
sad	0.237	0.000	0.007	0.002	0.559	0.005	0.190
sad	0.262	0.001	0.009	0.001	0.638	0.005	0.084
sad	0.205	0.001	0.007	0.002	0.640	0.003	0.142
sad	0.147	0.000	0.006	0.001	0.723	0.003	0.119
sad	0.161	0.001	0.007	0.001	0.703	0.002	0.124
sad	0.295	0.000	0.007	0.000	0.603	0.004	0.091
sad	0.262	0.001	0.008	0.003	0.555	0.006	0.166
sad	0.140	0.001	0.005	0.001	0.763	0.000	0.089
sad	0.028	0.000	0.004	0.000	0.835	0.000	0.132
sad	0.079	0.000	0.007	0.001	0.757	0.001	0.155
sad	0.184	0.001	0.007	0.001	0.705	0.002	0.101
sad	0.177	0.000	0.005	0.001	0.710	0.001	0.107
sad	0.160	0.000	0.005	0.000	0.756	0.002	0.077
sad	0.233	0.000	0.008	0.001	0.621	0.003	0.134
sad	0.181	0.000	0.005	0.002	0.630	0.003	0.179
sad	0.201	0.001	0.005	0.000	0.712	0.002	0.079
sad	0.127	0.001	0.009	0.001	0.736	0.002	0.123
sad	0.157	0.000	0.006	0.001	0.720	0.002	0.114
sad	0.164	0.000	0.007	0.000	0.739	0.004	0.085
sad	0.273	0.000	0.004	0.000	0.646	0.002	0.074
sad	0.212	0.000	0.005	0.000	0.698	0.004	0.081
sad	0.103	0.000	0.004	0.000	0.820	0.001	0.071
sad	0.184	0.001	0.004	0.000	0.679	0.001	0.131
sad	0.264	0.000	0.005	0.000	0.653	0.004	0.074
sad	0.245	0.001	0.003	0.000	0.665	0.001	0.085
sad	0.178	0.001	0.006	0.001	0.605	0.006	0.203
sad	0.136	0.000	0.007	0.001	0.658	0.004	0.193
sad	0.196	0.001	0.008	0.001	0.679	0.003	0.112
sad	0.206	0.001	0.008	0.001	0.666	0.004	0.114
sad	0.188	0.002	0.005	0.001	0.666	0.002	0.136
sad	0.115	0.000	0.007	0.001	0.728	0.002	0.146
sad	0.095	0.000	0.010	0.001	0.772	0.003	0.118
sad	0.117	0.001	0.005	0.000	0.796	0.002	0.080
sad	0.201	0.001	0.004	0.001	0.690	0.002	0.102
sad	0.164	0.001	0.005	0.001	0.625	0.003	0.201
sad	0.064	0.000	0.007	0.000	0.846	0.000	0.083
sad	0.064	0.000	0.006	0.000	0.817	0.001	0.112
sad	0.084	0.000	0.012	0.001	0.706	0.004	0.192
sad	0.078	0.000	0.007	0.000	0.821	0.002	0.091
sad	0.161	0.001	0.007	0.001	0.690	0.003	0.138
sad	0.120	0.000	0.006	0.001	0.746	0.002	0.125
sad	0.115	0.000	0.006	0.001	0.753	0.002	0.124
sad	0.116	0.000	0.005	0.001	0.742	0.002	0.134
sad	0.136	0.001	0.004	0.000	0.808	0.001	0.050
sad	0.103	0.000	0.003	0.001	0.714	0.001	0.178
sad	0.177	0.000	0.004	0.000	0.751	0.001	0.066
sad	0.191	0.001	0.005	0.000	0.694	0.002	0.108
sad	0.211	0.001	0.009	0.002	0.642	0.005	0.130
sad	0.185	0.001	0.005	0.001	0.728	0.001	0.078
sad	0.125	0.000	0.007	0.002	0.728	0.002	0.136
sad	0.126	0.000	0.004	0.000	0.747	0.001	0.122
sad	0.140	0.000	0.010	0.002	0.722	0.003	0.123
sad	0.247	0.001	0.004	0.001	0.646	0.001	0.100
sad	0.172	0.002	0.010	0.002	0.689	0.004	0.122
sad	0.161	0.000	0.007	0.000	0.771	0.001	0.059
sad	0.247	0.001	0.006	0.001	0.652	0.002	0.090
sad	0.213	0.001	0.007	0.001	0.612	0.003	0.163
sad	0.260	0.001	0.005	0.001	0.616	0.003	0.115
sad	0.196	0.001	0.006	0.001	0.673	0.003	0.120
sad	0.156	0.001	0.008	0.001	0.719	0.005	0.110
sad	0.087	0.000	0.004	0.001	0.720	0.001	0.187
sad	0.156	0.002	0.007	0.003	0.679	0.002	0.151
sad	0.041	0.000	0.004	0.000	0.801	0.000	0.154
sad	0.074	0.000	0.003	0.000	0.778	0.001	0.143
sad	0.175	0.001	0.005	0.000	0.729	0.001	0.089
sad	0.238	0.001	0.005	0.001	0.649	0.001	0.104
sad	0.155	0.001	0.006	0.000	0.773	0.001	0.064
sad	0.180	0.001	0.007	0.001	0.711	0.003	0.099
sad	0.220	0.001	0.005	0.000	0.711	0.001	0.061
sad	0.159	0.001	0.005	0.000	0.767	0.001	0.067
sad	0.169	0.001	0.004	0.000	0.726	0.001	0.099
sad	0.172	0.001	0.006	0.001	0.710	0.001	0.109
sad	0.249	0.000	0.007	0.001	0.618	0.003	0.121
sad	0.129	0.000	0.006	0.001	0.762	0.002	0.101
sad	0.085	0.001	0.011	0.000	0.806	0.001	0.096
sad	0.117	0.004	0.015	0.002	0.735	0.001	0.125
sad	0.234	0.001	0.006	0.001	0.661	0.003	0.095
sad	0.205	0.002	0.016	0.002	0.591	0.005	0.178
sad	0.166	0.000	0.006	0.002	0.634	0.002	0.189
sad	0.160	0.001	0.005	0.000	0.706	0.002	0.125
sad	0.099	0.000	0.005	0.000	0.781	0.001	0.114
sad	0.099	0.000	0.004	0.000	0.665	0.001	0.231
sad	0.213	0.000	0.004	0.000	0.704	0.001	0.078
sad	0.095	0.000	0.004	0.000	0.772	0.001	0.128
sad	0.091	0.001	0.005	0.001	0.751	0.002	0.150
sad	0.109	0.000	0.004	0.000	0.778	0.002	0.106
sad	0.114	0.000	0.006	0.000	0.791	0.003	0.086
sad	0.080	0.000	0.007	0.001	0.764	0.002	0.147
sad	0.094	0.000	0.004	0.000	0.809	0.001	0.091
sad	0.149	0.000	0.004	0.001	0.711	0.001	0.134
sad	0.085	0.000	0.002	0.000	0.858	0.000	0.055
sad	0.167	0.001	0.004	0.000	0.767	0.001	0.060
sad	0.163	0.001	0.003	0.000	0.778	0.000	0.054
sad	0.136	0.000	0.004	0.000	0.800	0.001	0.059
sad	0.172	0.001	0.005	0.000	0.765	0.001	0.056
sad	0.194	0.001	0.006	0.001	0.691	0.001	0.107
sad	0.162	0.002	0.006	0.001	0.758	0.001	0.070
sad	0.154	0.002	0.006	0.001	0.768	0.001	0.070
sad	0.144	0.002	0.006	0.001	0.775	0.001	0.070
sad	0.192	0.001	0.006	0.000	0.742	0.001	0.058
sad	0.143	0.001	0.004	0.000	0.780	0.001	0.070
sad	0.178	0.003	0.008	0.000	0.742	0.002	0.067
sad	0.069	0.000	0.006	0.000	0.842	0.000	0.082
sad	0.135	0.001	0.006	0.001	0.739	0.001	0.118
sad	0.133	0.000	0.006	0.002	0.725	0.002	0.132
sad	0.152	0.000	0.008	0.002	0.701	0.001	0.135
sad	0.130	0.001	0.005	0.001	0.752	0.001	0.112
sad	0.043	0.000	0.008	0.001	0.799	0.000	0.149
sad	0.121	0.001	0.009	0.000	0.804	0.001	0.064
sad	0.108	0.001	0.004	0.001	0.786	0.002	0.098
sad	0.136	0.000	0.005	0.002	0.698	0.002	0.157
sad	0.137	0.001	0.005	0.002	0.710	0.002	0.145
sad	0.124	0.002	0.005	0.001	0.730	0.002	0.136
sad	0.212	0.000	0.008	0.002	0.625	0.002	0.151
sad	0.163	0.000	0.006	0.001	0.627	0.001	0.202
sad	0.129	0.000	0.006	0.003	0.732	0.003	0.127
sad	0.123	0.000	0.006	0.002	0.709	0.002	0.158
sad	0.131	0.001	0.005	0.001	0.668	0.002	0.194
sad	0.134	0.000	0.005	0.001	0.733	0.002	0.125
sad	0.111	0.001	0.006	0.001	0.752	0.004	0.124
sad	0.070	0.000	0.006	0.001	0.765	0.002	0.156
sad	0.118	0.001	0.005	0.002	0.770	0.002	0.102
sad	0.135	0.001	0.006	0.001	0.742	0.003	0.112
sad	0.107	0.001	0.005	0.002	0.718	0.002	0.166
sad	0.217	0.001	0.008	0.004	0.603	0.003	0.164
sad	0.182	0.000	0.006	0.002	0.633	0.002	0.175
sad	0.136	0.000	0.005	0.002	0.709	0.002	0.146
sad	0.156	0.000	0.005	0.002	0.683	0.002	0.151
sad	0.109	0.001	0.007	0.003	0.727	0.002	0.151
sad	0.172	0.000	0.012	0.006	0.656	0.003	0.152
sad	0.141	0.001	0.011	0.005	0.658	0.003	0.180
sad	0.115	0.002	0.005	0.001	0.753	0.001	0.122
sad	0.155	0.004	0.009	0.002	0.651	0.002	0.176
sad	0.107	0.001	0.007	0.001	0.794	0.002	0.089
sad	0.152	0.002	0.010	0.004	0.703	0.002	0.127
sad	0.131	0.002	0.012	0.002	0.724	0.002	0.127
sad	0.168	0.002	0.007	0.002	0.687	0.003	0.131
sad	0.183	0.001	0.006	0.003	0.650	0.002	0.154
sad	0.159	0.001	0.006	0.002	0.679	0.002	0.151
sad	0.146	0.001	0.005	0.001	0.753	0.002	0.094
sad	0.138	0.001	0.005	0.000	0.766	0.002	0.088
sad	0.117	0.000	0.004	0.000	0.792	0.001	0.084
sad	0.101	0.000	0.004	0.000	0.808	0.001	0.085
sad	0.117	0.000	0.003	0.000	0.811	0.001	0.068
sad	0.127	0.001	0.007	0.001	0.689	0.003	0.171
sad	0.188	0.000	0.010	0.002	0.624	0.003	0.173
sad	0.126	0.000	0.005	0.001	0.735	0.001	0.131
sad	0.129	0.000	0.005	0.002	0.709	0.002	0.153
sad	0.146	0.000	0.007	0.002	0.707	0.001	0.137
sad	0.107	0.000	0.009	0.003	0.737	0.001	0.143
sad	0.092	0.000	0.008	0.000	0.758	0.000	0.141
sad	0.116	0.002	0.009	0.001	0.748	0.001	0.122
