prediction	angry	disgust	fear	happy	sad	surprise	neutral
neutral	0.027	0.000	0.001	0.228	0.162	0.000	0.582
neutral	0.013	0.000	0.001	0.435	0.113	0.000	0.437
neutral	0.021	0.000	0.001	0.285	0.187	0.000	0.507
neutral	0.020	0.000	0.001	0.231	0.123	0.000	0.625
neutral	0.055	0.000	0.022	0.218	0.288	0.005	0.412
happy	0.013	0.000	0.004	0.492	0.195	0.002	0.294
happy	0.043	0.000	0.014	0.450	0.157	0.006	0.330
neutral	0.015	0.000	0.001	0.418	0.105	0.000	0.460
happy	0.054	0.000	0.015	0.471	0.171	0.004	0.285
neutral	0.012	0.000	0.001	0.345	0.123	0.000	0.519
happy	0.069	0.000	0.016	0.414	0.220	0.004	0.278
sad	0.012	0.000	0.287	0.019	0.666	0.008	0.008
neutral	0.011	0.000	0.001	0.237	0.142	0.000	0.609
happy	0.062	0.000	0.015	0.361	0.208	0.004	0.350
happy	0.014	0.000	0.001	0.570	0.099	0.001	0.316
happy	0.062	0.000	0.015	0.368	0.190	0.004	0.360
happy	0.047	0.000	0.016	0.449	0.146	0.006	0.337
happy	0.024	0.000	0.002	0.487	0.113	0.001	0.374
neutral	0.029	0.000	0.002	0.202	0.178	0.000	0.589
happy	0.065	0.000	0.013	0.417	0.185	0.003	0.316
neutral	0.036	0.000	0.002	0.361	0.175	0.001	0.425
happy	0.061	0.000	0.014	0.439	0.162	0.006	0.318
neutral	0.038	0.000	0.001	0.267	0.146	0.001	0.547
happy	0.044	0.000	0.018	0.456	0.119	0.007	0.355
neutral	0.033	0.000	0.005	0.205	0.259	0.001	0.497
happy	0.048	0.000	0.016	0.401	0.154	0.005	0.376
neutral	0.061	0.000	0.024	0.373	0.155	0.007	0.380
neutral	0.040	0.000	0.004	0.209	0.293	0.001	0.454
neutral	0.021	0.000	0.003	0.208	0.238	0.001	0.529
happy	0.060	0.000	0.015	0.397	0.176	0.005	0.348
neutral	0.028	0.000	0.001	0.317	0.104	0.001	0.548
neutral	0.056	0.000	0.022	0.337	0.157	0.008	0.421
neutral	0.016	0.000	0.001	0.191	0.106	0.000	0.685
happy	0.048	0.000	0.013	0.543	0.121	0.005	0.270
neutral	0.016	0.000	0.001	0.119	0.083	0.000	0.781
happy	0.067	0.000	0.021	0.430	0.203	0.008	0.272
neutral	0.027	0.000	0.001	0.259	0.114	0.001	0.598
happy	0.051	0.000	0.014	0.428	0.160	0.005	0.341
neutral	0.038	0.000	0.002	0.091	0.375	0.001	0.492
happy	0.056	0.000	0.020	0.509	0.155	0.005	0.256
neutral	0.060	0.000	0.003	0.157	0.226	0.002	0.553
happy	0.053	0.000	0.015	0.468	0.157	0.006	0.302
sad	0.012	0.000	0.255	0.010	0.703	0.008	0.012
neutral	0.044	0.000	0.001	0.066	0.215	0.000	0.673
happy	0.053	0.000	0.014	0.585	0.152	0.005	0.190
neutral	0.025	0.000	0.002	0.246	0.148	0.001	0.579
neutral	0.042	0.000	0.017	0.354	0.217	0.007	0.363
neutral	0.015	0.000	0.001	0.344	0.131	0.000	0.509
happy	0.028	0.000	0.011	0.594	0.115	0.008	0.242
neutral	0.010	0.000	0.001	0.119	0.088	0.000	0.782
happy	0.064	0.000	0.020	0.324	0.319	0.010	0.262
neutral	0.028	0.000	0.001	0.090	0.239	0.000	0.642
happy	0.088	0.001	0.031	0.392	0.263	0.009	0.216
neutral	0.032	0.000	0.001	0.150	0.207	0.000	0.610
happy	0.230	0.001	0.030	0.288	0.255	0.007	0.189
neutral	0.014	0.000	0.001	0.061	0.103	0.000	0.820
sad	0.232	0.000	0.043	0.203	0.293	0.005	0.224
neutral	0.020	0.000	0.001	0.149	0.120	0.000	0.711
sad	0.162	0.001	0.046	0.138	0.369	0.006	0.279
neutral	0.013	0.000	0.001	0.132	0.074	0.000	0.779
neutral	0.022	0.000	0.004	0.197	0.195	0.001	0.581
neutral	0.026	0.000	0.002	0.170	0.160	0.001	0.640
sad	0.016	0.000	0.241	0.005	0.723	0.003	0.011
sad	0.013	0.000	0.253	0.007	0.708	0.003	0.018
neutral	0.029	0.000	0.002	0.138	0.135	0.000	0.696
neutral	0.019	0.000	0.002	0.180	0.187	0.000	0.612
neutral	0.057	0.000	0.003	0.274	0.306	0.001	0.360
neutral	0.023	0.000	0.005	0.172	0.228	0.000	0.572
neutral	0.055	0.000	0.005	0.249	0.325	0.001	0.365
neutral	0.034	0.000	0.003	0.121	0.329	0.000	0.513
neutral	0.032	0.000	0.006	0.308	0.265	0.002	0.387
neutral	0.033	0.000	0.012	0.190	0.216	0.000	0.549
neutral	0.032	0.000	0.007	0.132	0.216	0.001	0.612
neutral	0.031	0.000	0.003	0.155	0.206	0.000	0.604
neutral	0.045	0.000	0.003	0.354	0.138	0.000	0.459
neutral	0.039	0.000	0.004	0.255	0.205	0.000	0.497
neutral	0.029	0.000	0.004	0.333	0.158	0.001	0.475
neutral	0.036	0.000	0.005	0.368	0.156	0.001	0.434
happy	0.029	0.000	0.005	0.508	0.153	0.001	0.304
happy	0.028	0.000	0.003	0.451	0.136	0.001	0.381
neutral	0.024	0.000	0.006	0.232	0.321	0.000	0.417
happy	0.022	0.000	0.005	0.433	0.128	0.000	0.413
neutral	0.045	0.000	0.004	0.369	0.178	0.001	0.404
neutral	0.044	0.000	0.004	0.190	0.236	0.001	0.525
happy	0.043	0.000	0.002	0.446	0.130	0.000	0.379
neutral	0.023	0.000	0.004	0.254	0.210	0.000	0.509
neutral	0.021	0.000	0.006	0.247	0.216	0.000	0.509
neutral	0.034	0.000	0.005	0.372	0.193	0.001	0.395
neutral	0.047	0.000	0.004	0.288	0.186	0.001	0.474
neutral	0.049	0.000	0.004	0.249	0.236	0.000	0.461
neutral	0.040	0.000	0.005	0.373	0.192	0.001	0.389
happy	0.072	0.000	0.005	0.424	0.192	0.001	0.305
neutral	0.030	0.000	0.005	0.128	0.252	0.001	0.584
happy	0.054	0.000	0.004	0.385	0.197	0.001	0.358
neutral	0.026	0.000	0.005	0.118	0.249	0.001	0.601
neutral	0.025	0.000	0.003	0.404	0.136	0.001	0.431
neutral	0.042	0.000	0.006	0.378	0.171	0.000	0.403
happy	0.035	0.000	0.004	0.539	0.196	0.001	0.225
neutral	0.055	0.000	0.004	0.245	0.218	0.001	0.478
neutral	0.022	0.000	0.003	0.342	0.155	0.001	0.477
neutral	0.027	0.000	0.005	0.362	0.206	0.000	0.400
neutral	0.040	0.000	0.003	0.303	0.190	0.001	0.463
neutral	0.049	0.000	0.010	0.327	0.179	0.001	0.434
neutral	0.039	0.000	0.007	0.388	0.173	0.001	0.392
neutral	0.030	0.000	0.004	0.283	0.142	0.000	0.540
neutral	0.030	0.000	0.006	0.264	0.216	0.001	0.483
neutral	0.025	0.000	0.004	0.305	0.176	0.001	0.489
happy	0.043	0.000	0.005	0.374	0.291	0.001	0.285
neutral	0.032	0.000	0.004	0.153	0.223	0.001	0.588
neutral	0.060	0.000	0.009	0.225	0.343	0.001	0.363
neutral	0.038	0.000	0.006	0.262	0.268	0.002	0.422
neutral	0.042	0.000	0.003	0.130	0.211	0.000	0.614
sad	0.046	0.000	0.003	0.118	0.467	0.000	0.366
sad	0.080	0.000	0.003	0.182	0.406	0.001	0.328
neutral	0.036	0.000	0.002	0.208	0.215	0.001	0.538
sad	0.076	0.000	0.003	0.228	0.383	0.001	0.308
sad	0.082	0.000	0.003	0.209	0.353	0.001	0.352
neutral	0.030	0.000	0.004	0.193	0.281	0.000	0.492
neutral	0.034	0.000	0.008	0.228	0.283	0.001	0.447
sad	0.053	0.000	0.007	0.121	0.430	0.000	0.389
neutral	0.036	0.000	0.003	0.267	0.166	0.000	0.528
happy	0.052	0.000	0.004	0.359	0.237	0.001	0.347
neutral	0.043	0.000	0.004	0.099	0.286	0.000	0.567
neutral	0.074	0.000	0.003	0.299	0.146	0.000	0.478
neutral	0.032	0.000	0.006	0.330	0.143	0.001	0.489
neutral	0.043	0.000	0.004	0.154	0.288	0.000	0.511
neutral	0.034	0.000	0.004	0.272	0.206	0.001	0.483
neutral	0.020	0.000	0.003	0.181	0.197	0.000	0.600
neutral	0.033	0.000	0.004	0.249	0.176	0.001	0.538
neutral	0.038	0.000	0.003	0.180	0.232	0.000	0.547
neutral	0.040	0.000	0.005	0.120	0.281	0.000	0.553
neutral	0.019	0.000	0.004	0.245	0.141	0.000	0.591
neutral	0.036	0.000	0.005	0.101	0.253	0.000	0.604
neutral	0.047	0.000	0.003	0.151	0.297	0.000	0.501
neutral	0.016	0.000	0.004	0.383	0.146	0.001	0.450
neutral	0.021	0.000	0.005	0.338	0.154	0.000	0.481
neutral	0.040	0.000	0.006	0.178	0.261	0.000	0.515
neutral	0.025	0.000	0.005	0.351	0.175	0.001	0.442
neutral	0.035	0.000	0.005	0.306	0.143	0.000	0.510
neutral	0.025	0.000	0.003	0.172	0.210	0.000	0.589
happy	0.022	0.000	0.005	0.442	0.132	0.000	0.398
neutral	0.023	0.000	0.002	0.357	0.152	0.001	0.466
neutral	0.032	0.000	0.003	0.250	0.238	0.001	0.476
happy	0.034	0.000	0.002	0.597	0.120	0.001	0.245
happy	0.022	0.000	0.005	0.400	0.222	0.000	0.350
happy	0.036	0.000	0.006	0.448	0.162	0.001	0.348
neutral	0.030	0.000	0.009	0.166	0.277	0.000	0.518
neutral	0.036	0.000	0.005	0.167	0.291	0.000	0.501
neutral	0.033	0.000	0.003	0.127	0.210	0.000	0.627
neutral	0.023	0.000	0.004	0.171	0.182	0.000	0.620
happy	0.038	0.000	0.007	0.484	0.198	0.001	0.272
neutral	0.041	0.000	0.008	0.317	0.202	0.001	0.431
neutral	0.024	0.000	0.007	0.299	0.270	0.000	0.399
happy	0.023	0.000	0.004	0.551	0.157	0.001	0.265
happy	0.031	0.000	0.005	0.407	0.170	0.001	0.387
happy	0.028	0.000	0.005	0.458	0.144	0.001	0.364
neutral	0.049	0.000	0.008	0.388	0.158	0.001	0.396
neutral	0.043	0.000	0.009	0.185	0.353	0.001	0.410
neutral	0.060	0.000	0.006	0.221	0.262	0.000	0.450
happy	0.031	0.000	0.004	0.499	0.173	0.001	0.292
happy	0.021	0.000	0.004	0.528	0.150	0.000	0.298
happy	0.030	0.000	0.006	0.428	0.184	0.001	0.351
happy	0.019	0.000	0.003	0.514	0.122	0.001	0.342
neutral	0.039	0.000	0.010	0.156	0.329	0.000	0.465
happy	0.030	0.000	0.002	0.602	0.125	0.000	0.240
neutral	0.029	0.000	0.007	0.159	0.261	0.000	0.545
sad	0.092	0.000	0.005	0.180	0.374	0.001	0.348
happy	0.063	0.000	0.004	0.381	0.262	0.001	0.289
neutral	0.044	0.000	0.005	0.327	0.182	0.001	0.441
neutral	0.024	0.000	0.005	0.187	0.279	0.000	0.504
neutral	0.030	0.000	0.002	0.144	0.281	0.000	0.542
sad	0.058	0.000	0.003	0.191	0.392	0.000	0.355
neutral	0.041	0.000	0.005	0.202	0.306	0.000	0.447
sad	0.049	0.000	0.006	0.120	0.496	0.001	0.329
neutral	0.045	0.000	0.006	0.316	0.263	0.001	0.368
neutral	0.039	0.000	0.005	0.309	0.288	0.000	0.360
sad	0.073	0.000	0.003	0.169	0.440	0.000	0.316
sad	0.076	0.000	0.004	0.182	0.376	0.001	0.361
neutral	0.044	0.000	0.002	0.217	0.324	0.000	0.412
neutral	0.017	0.000	0.004	0.183	0.327	0.000	0.469
neutral	0.040	0.000	0.002	0.223	0.296	0.000	0.438
sad	0.069	0.000	0.004	0.289	0.343	0.001	0.296
neutral	0.029	0.000	0.003	0.197	0.298	0.000	0.473
neutral	0.026	0.000	0.004	0.207	0.299	0.000	0.464
neutral	0.034	0.000	0.003	0.172	0.343	0.000	0.448
sad	0.060	0.000	0.002	0.193	0.372	0.000	0.372
neutral	0.077	0.000	0.003	0.195	0.349	0.000	0.375
neutral	0.044	0.000	0.004	0.236	0.301	0.001	0.413
neutral	0.046	0.000	0.003	0.227	0.324	0.000	0.399
sad	0.078	0.000	0.003	0.238	0.375	0.001	0.306
neutral	0.011	0.000	0.001	0.279	0.146	0.001	0.562
neutral	0.061	0.000	0.003	0.249	0.316	0.000	0.371
sad	0.066	0.000	0.003	0.258	0.392	0.001	0.279
sad	0.053	0.000	0.006	0.157	0.451	0.001	0.333
neutral	0.015	0.000	0.004	0.144	0.340	0.000	0.496
neutral	0.056	0.000	0.003	0.228	0.350	0.001	0.362
neutral	0.034	0.000	0.004	0.137	0.371	0.000	0.454
sad	0.053	0.000	0.004	0.237	0.363	0.001	0.343
neutral	0.062	0.000	0.007	0.319	0.283	0.001	0.329
neutral	0.019	0.000	0.003	0.163	0.316	0.000	0.499
neutral	0.039	0.000	0.004	0.256	0.296	0.001	0.405
neutral	0.027	0.000	0.004	0.158	0.232	0.000	0.578
happy	0.038	0.000	0.005	0.392	0.291	0.001	0.273
sad	0.065	0.000	0.005	0.174	0.504	0.001	0.250
neutral	0.046	0.000	0.003	0.270	0.336	0.001	0.344
neutral	0.046	0.000	0.003	0.288	0.278	0.001	0.384
neutral	0.032	0.000	0.005	0.177	0.324	0.001	0.462
neutral	0.058	0.000	0.002	0.294	0.258	0.001	0.387
neutral	0.046	0.000	0.003	0.296	0.279	0.000	0.376
neutral	0.009	0.000	0.002	0.155	0.177	0.000	0.657
sad	0.049	0.000	0.004	0.222	0.464	0.001	0.260
neutral	0.027	0.000	0.003	0.107	0.292	0.000	0.571
sad	0.051	0.000	0.005	0.206	0.489	0.001	0.249
neutral	0.039	0.000	0.003	0.270	0.158	0.000	0.529
neutral	0.044	0.000	0.004	0.198	0.376	0.000	0.377
neutral	0.054	0.000	0.002	0.249	0.320	0.000	0.374
neutral	0.036	0.000	0.003	0.229	0.256	0.000	0.476
neutral	0.029	0.000	0.006	0.198	0.306	0.000	0.461
neutral	0.032	0.000	0.009	0.151	0.374	0.001	0.432
neutral	0.021	0.000	0.003	0.205	0.188	0.000	0.582
neutral	0.051	0.000	0.003	0.189	0.337	0.000	0.420
sad	0.048	0.000	0.005	0.194	0.384	0.000	0.369
neutral	0.040	0.000	0.006	0.169	0.344	0.000	0.441
sad	0.056	0.000	0.010	0.176	0.400	0.001	0.357
neutral	0.034	0.000	0.003	0.206	0.323	0.000	0.434
sad	0.050	0.000	0.005	0.142	0.444	0.000	0.360
neutral	0.051	0.000	0.004	0.271	0.286	0.000	0.387
neutral	0.042	0.000	0.008	0.084	0.368	0.001	0.498
sad	0.055	0.000	0.005	0.253	0.347	0.001	0.340
neutral	0.031	0.000	0.002	0.214	0.214	0.000	0.540
neutral	0.043	0.000	0.007	0.234	0.279	0.001	0.436
neutral	0.047	0.000	0.011	0.255	0.318	0.001	0.368
sad	0.069	0.000	0.004	0.261	0.392	0.001	0.273
neutral	0.056	0.000	0.002	0.329	0.238	0.001	0.373
neutral	0.035	0.000	0.003	0.234	0.307	0.000	0.421
neutral	0.028	0.000	0.002	0.234	0.232	0.000	0.503
neutral	0.043	0.000	0.003	0.258	0.337	0.000	0.359
neutral	0.073	0.000	0.002	0.245	0.336	0.000	0.344
neutral	0.033	0.000	0.003	0.224	0.308	0.000	0.433
sad	0.061	0.000	0.004	0.184	0.489	0.001	0.261
happy	0.076	0.000	0.003	0.336	0.288	0.001	0.296
neutral	0.039	0.000	0.004	0.322	0.232	0.001	0.403
happy	0.068	0.000	0.003	0.340	0.280	0.000	0.308
happy	0.073	0.000	0.003	0.318	0.302	0.001	0.303
neutral	0.037	0.000	0.003	0.235	0.297	0.001	0.427
happy	0.059	0.000	0.007	0.348	0.275	0.001	0.310
happy	0.041	0.000	0.005	0.431	0.160	0.000	0.362
sad	0.057	0.000	0.005	0.181	0.443	0.001	0.313
neutral	0.042	0.000	0.003	0.238	0.298	0.000	0.420
neutral	0.027	0.000	0.003	0.192	0.258	0.000	0.520
neutral	0.041	0.000	0.003	0.180	0.385	0.000	0.390
happy	0.038	0.000	0.008	0.327	0.326	0.001	0.302
neutral	0.061	0.000	0.007	0.182	0.373	0.000	0.376
neutral	0.026	0.000	0.008	0.234	0.169	0.000	0.563
sad	0.067	0.000	0.003	0.297	0.327	0.001	0.305
sad	0.076	0.000	0.003	0.218	0.409	0.000	0.294
neutral	0.056	0.000	0.002	0.290	0.315	0.000	0.336
neutral	0.039	0.000	0.002	0.196	0.287	0.000	0.477
sad	0.044	0.000	0.002	0.188	0.405	0.000	0.361
neutral	0.039	0.000	0.003	0.267	0.255	0.000	0.436
neutral	0.050	0.000	0.002	0.201	0.348	0.001	0.397
happy	0.042	0.000	0.002	0.467	0.120	0.000	0.369
happy	0.060	0.000	0.002	0.367	0.222	0.001	0.348
neutral	0.028	0.000	0.002	0.190	0.307	0.000	0.472
sad	0.057	0.000	0.005	0.227	0.394	0.001	0.317
neutral	0.036	0.000	0.004	0.244	0.263	0.000	0.452
happy	0.026	0.000	0.003	0.488	0.153	0.001	0.329
sad	0.061	0.000	0.003	0.226	0.369	0.001	0.340
neutral	0.043	0.000	0.002	0.291	0.261	0.000	0.403
neutral	0.033	0.000	0.003	0.202	0.304	0.000	0.458
neutral	0.027	0.000	0.004	0.238	0.294	0.000	0.437
happy	0.027	0.000	0.002	0.388	0.195	0.000	0.387
neutral	0.049	0.000	0.002	0.294	0.212	0.000	0.443
neutral	0.015	0.000	0.003	0.308	0.183	0.000	0.492
happy	0.037	0.000	0.001	0.418	0.159	0.000	0.385
neutral	0.027	0.000	0.003	0.342	0.211	0.000	0.416
neutral	0.042	0.000	0.003	0.391	0.154	0.001	0.409
neutral	0.009	0.000	0.003	0.363	0.141	0.001	0.483
happy	0.052	0.000	0.004	0.482	0.158	0.001	0.303
neutral	0.056	0.000	0.003	0.318	0.297	0.000	0.325
happy	0.049	0.000	0.002	0.470	0.127	0.000	0.352
neutral	0.090	0.000	0.005	0.237	0.279	0.000	0.389
happy	0.067	0.000	0.005	0.321	0.298	0.001	0.308
sad	0.045	0.000	0.004	0.201	0.422	0.001	0.327
happy	0.011	0.000	0.008	0.448	0.112	0.002	0.420
neutral	0.068	0.000	0.003	0.262	0.272	0.001	0.393
neutral	0.009	0.000	0.003	0.396	0.100	0.000	0.491
neutral	0.027	0.000	0.004	0.230	0.218	0.001	0.521
sad	0.016	0.000	0.024	0.154	0.434	0.001	0.371
happy	0.048	0.000	0.003	0.460	0.183	0.000	0.306
neutral	0.015	0.000	0.004	0.355	0.128	0.000	0.496
neutral	0.040	0.000	0.003	0.365	0.162	0.000	0.430
neutral	0.048	0.000	0.002	0.245	0.348	0.000	0.357
sad	0.045	0.000	0.003	0.205	0.428	0.001	0.318
neutral	0.031	0.000	0.002	0.227	0.301	0.000	0.438
sad	0.079	0.000	0.005	0.302	0.316	0.001	0.297
happy	0.005	0.000	0.008	0.515	0.092	0.001	0.379
neutral	0.057	0.000	0.005	0.286	0.205	0.001	0.446
neutral	0.032	0.000	0.011	0.343	0.187	0.002	0.425
neutral	0.107	0.000	0.006	0.296	0.166	0.001	0.424
neutral	0.131	0.000	0.006	0.255	0.297	0.001	0.310
happy	0.066	0.000	0.007	0.410	0.182	0.001	0.334
neutral	0.053	0.000	0.005	0.213	0.237	0.001	0.492
neutral	0.028	0.000	0.006	0.367	0.173	0.001	0.425
happy	0.046	0.000	0.005	0.383	0.194	0.001	0.372
neutral	0.041	0.000	0.002	0.345	0.129	0.000	0.483
happy	0.048	0.000	0.007	0.394	0.184	0.000	0.367
neutral	0.081	0.000	0.005	0.239	0.299	0.001	0.375
neutral	0.044	0.000	0.003	0.322	0.197	0.000	0.433
happy	0.068	0.000	0.003	0.439	0.208	0.001	0.281
neutral	0.059	0.000	0.003	0.344	0.226	0.000	0.369
neutral	0.050	0.000	0.002	0.316	0.140	0.000	0.492
neutral	0.064	0.000	0.002	0.278	0.166	0.000	0.489
neutral	0.056	0.000	0.003	0.374	0.159	0.000	0.407
happy	0.055	0.000	0.004	0.328	0.288	0.001	0.324
happy	0.049	0.000	0.004	0.345	0.334	0.001	0.267
neutral	0.043	0.000	0.002	0.279	0.261	0.000	0.416
happy	0.042	0.000	0.002	0.531	0.140	0.000	0.284
neutral	0.039	0.000	0.007	0.259	0.329	0.001	0.366
sad	0.054	0.000	0.004	0.219	0.405	0.001	0.317
happy	0.030	0.000	0.002	0.610	0.114	0.000	0.244
happy	0.060	0.000	0.003	0.346	0.313	0.001	0.276
happy	0.050	0.000	0.003	0.403	0.294	0.001	0.249
happy	0.050	0.000	0.004	0.358	0.318	0.001	0.270
neutral	0.031	0.000	0.003	0.252	0.182	0.000	0.532
neutral	0.040	0.000	0.003	0.226	0.242	0.000	0.490
neutral	0.057	0.000	0.002	0.312	0.254	0.000	0.375
neutral	0.032	0.000	0.002	0.307	0.180	0.000	0.478
neutral	0.083	0.000	0.002	0.237	0.242	0.000	0.435
neutral	0.035	0.000	0.003	0.366	0.167	0.000	0.428
neutral	0.040	0.000	0.002	0.213	0.261	0.000	0.482
neutral	0.035	0.000	0.003	0.234	0.191	0.000	0.537
neutral	0.039	0.000	0.002	0.251	0.217	0.000	0.491
neutral	0.051	0.000	0.003	0.302	0.231	0.000	0.412
neutral	0.035	0.000	0.002	0.314	0.185	0.000	0.463
neutral	0.047	0.000	0.004	0.172	0.268	0.000	0.508
sad	0.057	0.000	0.004	0.197	0.394	0.001	0.347
neutral	0.020	0.000	0.002	0.218	0.130	0.000	0.629
neutral	0.059	0.000	0.003	0.271	0.284	0.000	0.382
neutral	0.046	0.000	0.003	0.344	0.213	0.000	0.393
neutral	0.066	0.000	0.008	0.302	0.249	0.001	0.374
happy	0.075	0.000	0.005	0.355	0.259	0.001	0.306
neutral	0.038	0.000	0.006	0.298	0.250	0.000	0.407
neutral	0.057	0.000	0.005	0.285	0.267	0.000	0.385
neutral	0.051	0.000	0.004	0.320	0.248	0.000	0.376
sad	0.046	0.000	0.005	0.139	0.409	0.000	0.400
happy	0.013	0.000	0.003	0.506	0.117	0.001	0.361
neutral	0.070	0.000	0.002	0.246	0.235	0.000	0.447
sad	0.062	0.000	0.003	0.280	0.368	0.000	0.287
neutral	0.049	0.000	0.003	0.345	0.187	0.000	0.415
neutral	0.058	0.000	0.004	0.295	0.311	0.000	0.332
happy	0.048	0.000	0.002	0.391	0.205	0.000	0.353
neutral	0.069	0.000	0.002	0.315	0.218	0.000	0.396
neutral	0.021	0.000	0.003	0.276	0.142	0.001	0.557
neutral	0.059	0.000	0.005	0.274	0.229	0.000	0.433
neutral	0.080	0.000	0.006	0.186	0.281	0.000	0.446
neutral	0.048	0.000	0.005	0.123	0.337	0.001	0.487
neutral	0.046	0.000	0.002	0.354	0.210	0.000	0.387
neutral	0.052	0.000	0.002	0.208	0.272	0.000	0.466
neutral	0.043	0.000	0.003	0.250	0.324	0.000	0.379
neutral	0.045	0.000	0.004	0.083	0.318	0.001	0.549
neutral	0.062	0.000	0.004	0.304	0.267	0.000	0.362
neutral	0.035	0.000	0.007	0.289	0.213	0.000	0.456
neutral	0.045	0.000	0.004	0.182	0.231	0.000	0.537
neutral	0.047	0.000	0.006	0.196	0.315	0.000	0.435
sad	0.040	0.000	0.005	0.131	0.417	0.000	0.407
neutral	0.041	0.000	0.004	0.316	0.244	0.000	0.394
neutral	0.044	0.000	0.004	0.273	0.201	0.000	0.479
neutral	0.070	0.000	0.007	0.244	0.268	0.000	0.410
neutral	0.074	0.000	0.005	0.228	0.308	0.000	0.385
neutral	0.063	0.000	0.003	0.244	0.344	0.000	0.345
neutral	0.039	0.000	0.001	0.365	0.108	0.000	0.487
happy	0.039	0.000	0.002	0.411	0.156	0.000	0.391
happy	0.017	0.000	0.003	0.536	0.067	0.000	0.376
neutral	0.025	0.000	0.002	0.264	0.106	0.000	0.602
happy	0.048	0.000	0.004	0.337	0.290	0.000	0.322
neutral	0.062	0.000	0.002	0.265	0.149	0.000	0.522
happy	0.038	0.000	0.002	0.417	0.147	0.000	0.396
happy	0.056	0.000	0.003	0.438	0.235	0.000	0.268
neutral	0.059	0.000	0.002	0.295	0.226	0.000	0.417
neutral	0.043	0.000	0.002	0.357	0.173	0.000	0.424
neutral	0.053	0.000	0.002	0.365	0.183	0.000	0.397
neutral	0.051	0.000	0.001	0.302	0.113	0.000	0.534
happy	0.031	0.000	0.002	0.437	0.153	0.000	0.377
neutral	0.021	0.000	0.006	0.327	0.178	0.001	0.468
neutral	0.052	0.000	0.003	0.313	0.153	0.000	0.479
sad	0.066	0.000	0.008	0.199	0.378	0.000	0.349
sad	0.065	0.000	0.006	0.202	0.374	0.001	0.352
neutral	0.031	0.000	0.003	0.291	0.170	0.000	0.505
neutral	0.045	0.000	0.003	0.276	0.259	0.000	0.416
neutral	0.053	0.000	0.004	0.181	0.334	0.000	0.427
happy	0.055	0.000	0.004	0.376	0.285	0.001	0.279
neutral	0.054	0.000	0.004	0.218	0.360	0.000	0.364
happy	0.041	0.000	0.006	0.395	0.234	0.001	0.324
neutral	0.043	0.000	0.002	0.333	0.230	0.000	0.392
neutral	0.043	0.000	0.003	0.363	0.200	0.000	0.390
happy	0.049	0.000	0.003	0.355	0.244	0.000	0.350
happy	0.055	0.000	0.002	0.514	0.139	0.000	0.289
neutral	0.077	0.000	0.008	0.224	0.315	0.000	0.376
happy	0.036	0.000	0.004	0.469	0.190	0.001	0.300
happy	0.020	0.000	0.004	0.484	0.159	0.000	0.332
neutral	0.038	0.000	0.007	0.292	0.316	0.001	0.346
happy	0.050	0.000	0.003	0.389	0.222	0.000	0.336
sad	0.058	0.000	0.007	0.104	0.461	0.000	0.370
neutral	0.044	0.000	0.003	0.378	0.193	0.000	0.381
neutral	0.047	0.000	0.003	0.241	0.248	0.000	0.461
happy	0.050	0.000	0.002	0.370	0.255	0.000	0.323
neutral	0.064	0.000	0.004	0.241	0.332	0.001	0.358
happy	0.058	0.000	0.004	0.437	0.268	0.001	0.234
neutral	0.068	0.000	0.004	0.236	0.331	0.000	0.361
sad	0.050	0.000	0.006	0.217	0.425	0.001	0.302
neutral	0.046	0.000	0.004	0.204	0.253	0.000	0.492
sad	0.048	0.000	0.006	0.146	0.410	0.001	0.390
happy	0.024	0.000	0.005	0.423	0.183	0.001	0.365
neutral	0.051	0.000	0.005	0.337	0.229	0.001	0.377
sad	0.078	0.000	0.005	0.171	0.427	0.000	0.319
neutral	0.072	0.000	0.005	0.220	0.347	0.000	0.356
neutral	0.057	0.000	0.004	0.212	0.321	0.000	0.405
happy	0.028	0.000	0.003	0.458	0.152	0.000	0.358
happy	0.024	0.000	0.008	0.429	0.128	0.000	0.411
neutral	0.040	0.000	0.004	0.304	0.281	0.001	0.370
neutral	0.039	0.000	0.004	0.344	0.167	0.000	0.446
neutral	0.041	0.000	0.004	0.288	0.276	0.000	0.390
sad	0.049	0.000	0.008	0.328	0.352	0.001	0.261
neutral	0.057	0.000	0.004	0.308	0.302	0.000	0.328
neutral	0.062	0.000	0.005	0.275	0.248	0.000	0.409
neutral	0.064	0.000	0.007	0.284	0.312	0.000	0.333
neutral	0.051	0.000	0.004	0.315	0.269	0.000	0.360
sad	0.050	0.000	0.011	0.211	0.376	0.000	0.352
sad	0.065	0.000	0.006	0.244	0.344	0.000	0.341
neutral	0.038	0.000	0.004	0.315	0.233	0.000	0.409
neutral	0.035	0.000	0.004	0.308	0.178	0.000	0.475
happy	0.043	0.000	0.006	0.376	0.251	0.001	0.323
happy	0.030	0.000	0.003	0.413	0.156	0.000	0.398
happy	0.015	0.000	0.004	0.527	0.115	0.001	0.338
neutral	0.049	0.000	0.004	0.310	0.268	0.001	0.368
neutral	0.056	0.000	0.005	0.335	0.265	0.000	0.338
neutral	0.036	0.000	0.008	0.329	0.282	0.000	0.344
neutral	0.028	0.000	0.007	0.328	0.277	0.000	0.359
neutral	0.046	0.000	0.006	0.327	0.277	0.000	0.344
sad	0.038	0.000	0.008	0.308	0.330	0.001	0.315
neutral	0.035	0.000	0.003	0.377	0.147	0.000	0.438
neutral	0.033	0.000	0.003	0.296	0.177	0.000	0.491
neutral	0.048	0.000	0.005	0.336	0.266	0.000	0.344
neutral	0.052	0.000	0.004	0.166	0.340	0.000	0.437
happy	0.020	0.000	0.005	0.451	0.121	0.001	0.402
happy	0.025	0.000	0.003	0.424	0.147	0.001	0.401
neutral	0.042	0.000	0.005	0.154	0.354	0.000	0.444
happy	0.019	0.000	0.006	0.565	0.115	0.000	0.295
neutral	0.023	0.000	0.005	0.322	0.234	0.001	0.416
happy	0.020	0.000	0.005	0.518	0.131	0.001	0.325
happy	0.009	0.000	0.008	0.425	0.133	0.001	0.424
happy	0.016	0.000	0.008	0.522	0.153	0.001	0.299
happy	0.023	0.000	0.007	0.542	0.135	0.001	0.292
happy	0.037	0.000	0.003	0.536	0.130	0.001	0.293
happy	0.010	0.000	0.007	0.594	0.106	0.001	0.282
neutral	0.031	0.000	0.003	0.362	0.151	0.000	0.453
happy	0.012	0.000	0.007	0.446	0.151	0.001	0.383
happy	0.036	0.000	0.005	0.448	0.172	0.001	0.339
neutral	0.043	0.000	0.006	0.290	0.197	0.000	0.464
neutral	0.019	0.000	0.003	0.306	0.092	0.000	0.579
happy	0.022	0.000	0.004	0.534	0.133	0.000	0.308
neutral	0.034	0.000	0.003	0.367	0.162	0.000	0.433
happy	0.009	0.000	0.020	0.615	0.140	0.002	0.213
happy	0.023	0.000	0.003	0.485	0.127	0.001	0.361
neutral	0.016	0.000	0.003	0.302	0.191	0.001	0.488
happy	0.023	0.000	0.004	0.528	0.154	0.000	0.291
happy	0.020	0.000	0.004	0.417	0.176	0.000	0.382
happy	0.009	0.000	0.007	0.514	0.147	0.002	0.322
happy	0.034	0.000	0.002	0.696	0.075	0.000	0.192
happy	0.056	0.000	0.008	0.396	0.230	0.001	0.309
happy	0.013	0.000	0.008	0.525	0.141	0.002	0.312
happy	0.027	0.000	0.004	0.533	0.162	0.000	0.273
happy	0.029	0.000	0.003	0.476	0.134	0.001	0.357
neutral	0.013	0.000	0.005	0.345	0.175	0.001	0.461
neutral	0.034	0.000	0.009	0.301	0.234	0.000	0.422
happy	0.024	0.000	0.004	0.525	0.145	0.000	0.301
happy	0.026	0.000	0.005	0.421	0.168	0.001	0.379
neutral	0.015	0.000	0.005	0.337	0.177	0.001	0.464
happy	0.020	0.000	0.006	0.456	0.192	0.001	0.326
happy	0.012	0.000	0.003	0.627	0.085	0.000	0.273
happy	0.013	0.000	0.003	0.637	0.077	0.000	0.269
happy	0.031	0.000	0.007	0.500	0.181	0.001	0.281
happy	0.028	0.000	0.005	0.583	0.127	0.001	0.258
happy	0.013	0.000	0.002	0.677	0.057	0.000	0.251
happy	0.025	0.000	0.010	0.470	0.193	0.001	0.302
happy	0.019	0.000	0.005	0.526	0.132	0.000	0.318
happy	0.016	0.000	0.005	0.576	0.139	0.001	0.263
happy	0.026	0.000	0.010	0.401	0.197	0.001	0.366
neutral	0.025	0.000	0.008	0.357	0.172	0.000	0.438
happy	0.029	0.000	0.002	0.576	0.076	0.000	0.316
happy	0.027	0.000	0.005	0.626	0.132	0.000	0.210
neutral	0.018	0.000	0.008	0.283	0.197	0.000	0.493
happy	0.023	0.000	0.003	0.571	0.128	0.000	0.275
happy	0.018	0.000	0.005	0.542	0.127	0.001	0.308
happy	0.032	0.000	0.007	0.435	0.213	0.000	0.312
happy	0.022	0.000	0.004	0.703	0.078	0.000	0.192
happy	0.053	0.000	0.006	0.362	0.245	0.001	0.334
happy	0.026	0.000	0.010	0.466	0.151	0.000	0.347
neutral	0.030	0.000	0.006	0.367	0.200	0.001	0.397
happy	0.031	0.000	0.007	0.420	0.181	0.000	0.360
happy	0.026	0.000	0.005	0.506	0.154	0.001	0.308
happy	0.028	0.000	0.010	0.468	0.177	0.000	0.317
neutral	0.025	0.000	0.010	0.380	0.171	0.000	0.413
happy	0.027	0.000	0.010	0.404	0.165	0.000	0.394
happy	0.021	0.000	0.009	0.487	0.173	0.001	0.309
happy	0.033	0.000	0.003	0.563	0.115	0.000	0.286
neutral	0.028	0.000	0.011	0.336	0.180	0.000	0.444
neutral	0.043	0.000	0.007	0.284	0.275	0.001	0.391
neutral	0.031	0.000	0.005	0.310	0.222	0.001	0.431
neutral	0.038	0.000	0.003	0.286	0.195	0.000	0.477
neutral	0.065	0.000	0.004	0.292	0.286	0.001	0.352
happy	0.028	0.000	0.010	0.497	0.114	0.000	0.350
neutral	0.033	0.000	0.005	0.278	0.231	0.001	0.452
neutral	0.033	0.000	0.008	0.252	0.262	0.001	0.445
neutral	0.038	0.000	0.006	0.390	0.155	0.000	0.410
neutral	0.026	0.000	0.005	0.277	0.254	0.000	0.437
neutral	0.050	0.000	0.004	0.219	0.278	0.000	0.448
happy	0.050	0.000	0.004	0.500	0.141	0.001	0.304
happy	0.043	0.000	0.005	0.425	0.175	0.000	0.352
neutral	0.031	0.000	0.007	0.151	0.367	0.000	0.444
happy	0.021	0.000	0.007	0.486	0.164	0.001	0.320
happy	0.046	0.000	0.005	0.367	0.227	0.000	0.355
neutral	0.043	0.000	0.004	0.350	0.243	0.000	0.359
happy	0.021	0.000	0.007	0.489	0.160	0.001	0.322
neutral	0.017	0.000	0.005	0.419	0.121	0.001	0.437
happy	0.029	0.000	0.004	0.498	0.156	0.001	0.313
happy	0.021	0.000	0.005	0.435	0.152	0.001	0.386
happy	0.024	0.000	0.005	0.501	0.171	0.001	0.299
happy	0.035	0.000	0.006	0.424	0.169	0.001	0.366
happy	0.028	0.000	0.005	0.464	0.188	0.001	0.315
neutral	0.016	0.000	0.004	0.353	0.160	0.001	0.466
happy	0.010	0.000	0.007	0.449	0.146	0.001	0.387
happy	0.038	0.000	0.008	0.486	0.184	0.001	0.283
neutral	0.020	0.000	0.006	0.393	0.175	0.001	0.406
happy	0.018	0.000	0.006	0.411	0.197	0.001	0.367
happy	0.016	0.000	0.007	0.498	0.154	0.001	0.324
neutral	0.024	0.000	0.004	0.313	0.192	0.000	0.466
neutral	0.025	0.000	0.004	0.272	0.206	0.000	0.491
happy	0.016	0.000	0.003	0.479	0.154	0.001	0.347
happy	0.026	0.000	0.007	0.514	0.149	0.001	0.303
neutral	0.052	0.000	0.004	0.225	0.282	0.000	0.437
happy	0.025	0.000	0.005	0.456	0.174	0.001	0.340
happy	0.028	0.000	0.004	0.480	0.148	0.001	0.339
happy	0.046	0.000	0.008	0.372	0.293	0.001	0.280
happy	0.020	0.000	0.005	0.423	0.175	0.001	0.377
neutral	0.052	0.000	0.007	0.248	0.242	0.000	0.451
neutral	0.049	0.000	0.009	0.188	0.317	0.000	0.438
neutral	0.046	0.000	0.005	0.316	0.300	0.001	0.333
sad	0.049	0.000	0.003	0.285	0.340	0.000	0.323
neutral	0.022	0.000	0.006	0.232	0.263	0.001	0.477
happy	0.026	0.000	0.002	0.495	0.104	0.001	0.371
neutral	0.047	0.000	0.004	0.137	0.281	0.000	0.531
happy	0.020	0.000	0.005	0.401	0.182	0.001	0.391
neutral	0.016	0.000	0.002	0.368	0.137	0.001	0.476
neutral	0.048	0.000	0.005	0.160	0.287	0.000	0.500
happy	0.020	0.000	0.005	0.473	0.168	0.001	0.334
neutral	0.063	0.000	0.005	0.359	0.176	0.000	0.397
neutral	0.028	0.000	0.005	0.347	0.199	0.001	0.421
happy	0.022	0.000	0.006	0.418	0.180	0.001	0.373
neutral	0.029	0.000	0.006	0.268	0.175	0.000	0.521
neutral	0.036	0.000	0.004	0.302	0.200	0.000	0.457
happy	0.035	0.000	0.005	0.423	0.228	0.000	0.308
neutral	0.038	0.000	0.004	0.343	0.264	0.001	0.350
neutral	0.047	0.000	0.005	0.279	0.293	0.001	0.376
happy	0.053	0.000	0.006	0.449	0.196	0.001	0.295
neutral	0.051	0.000	0.007	0.230	0.261	0.000	0.450
happy	0.041	0.000	0.007	0.381	0.238	0.001	0.332
neutral	0.050	0.000	0.004	0.324	0.275	0.001	0.346
neutral	0.040	0.000	0.002	0.230	0.269	0.001	0.459
neutral	0.036	0.000	0.005	0.135	0.344	0.000	0.479
happy	0.060	0.000	0.007	0.403	0.220	0.001	0.309
neutral	0.045	0.000	0.006	0.376	0.174	0.001	0.399
neutral	0.049	0.000	0.005	0.280	0.321	0.001	0.343
neutral	0.046	0.000	0.004	0.285	0.229	0.000	0.436
neutral	0.037	0.000	0.005	0.304	0.268	0.001	0.384
neutral	0.059	0.000	0.004	0.260	0.305	0.000	0.372
sad	0.049	0.000	0.005	0.135	0.418	0.000	0.393
neutral	0.047	0.000	0.007	0.212	0.356	0.000	0.377
neutral	0.038	0.000	0.003	0.275	0.322	0.000	0.362
neutral	0.071	0.000	0.007	0.197	0.311	0.000	0.414
neutral	0.061	0.000	0.006	0.136	0.306	0.000	0.490
neutral	0.039	0.000	0.004	0.282	0.323	0.000	0.352
neutral	0.050	0.000	0.005	0.245	0.308	0.001	0.391
sad	0.043	0.000	0.005	0.189	0.389	0.000	0.373
happy	0.042	0.000	0.006	0.395	0.226	0.001	0.329
neutral	0.053	0.000	0.009	0.193	0.371	0.000	0.374
neutral	0.033	0.000	0.008	0.325	0.276	0.000	0.357
sad	0.056	0.000	0.009	0.229	0.365	0.000	0.340
sad	0.053	0.000	0.007	0.195	0.389	0.000	0.355
sad	0.048	0.000	0.005	0.139	0.455	0.000	0.353
neutral	0.030	0.000	0.006	0.237	0.302	0.000	0.425
neutral	0.036	0.000	0.010	0.170	0.291	0.000	0.492
neutral	0.075	0.000	0.008	0.233	0.279	0.000	0.404
neutral	0.055	0.000	0.007	0.240	0.337	0.000	0.360
neutral	0.051	0.000	0.006	0.292	0.236	0.001	0.415
neutral	0.038	0.000	0.009	0.195	0.317	0.000	0.441
neutral	0.039	0.000	0.005	0.243	0.305	0.000	0.409
neutral	0.052	0.000	0.008	0.151	0.314	0.000	0.474
neutral	0.064	0.000	0.004	0.130	0.348	0.000	0.453
neutral	0.068	0.000	0.007	0.096	0.338	0.000	0.490
neutral	0.046	0.000	0.006	0.103	0.390	0.000	0.454
neutral	0.060	0.000	0.004	0.213	0.324	0.000	0.399
neutral	0.032	0.000	0.003	0.153	0.259	0.000	0.552
happy	0.036	0.000	0.008	0.409	0.206	0.001	0.341
neutral	0.077	0.000	0.005	0.289	0.293	0.000	0.336
neutral	0.022	0.000	0.006	0.249	0.213	0.001	0.508
neutral	0.058	0.000	0.006	0.295	0.316	0.000	0.325
neutral	0.048	0.000	0.009	0.173	0.307	0.000	0.463
neutral	0.053	0.000	0.005	0.181	0.300	0.000	0.461
neutral	0.063	0.000	0.004	0.214	0.355	0.000	0.363
neutral	0.058	0.000	0.008	0.080	0.354	0.000	0.500
neutral	0.050	0.000	0.005	0.224	0.236	0.000	0.485
neutral	0.045	0.000	0.006	0.151	0.350	0.000	0.448
neutral	0.060	0.000	0.009	0.189	0.298	0.000	0.443
happy	0.021	0.000	0.008	0.526	0.152	0.001	0.291
neutral	0.041	0.000	0.005	0.256	0.259	0.001	0.439
neutral	0.036	0.000	0.009	0.350	0.230	0.001	0.375
neutral	0.039	0.000	0.006	0.256	0.306	0.000	0.393
neutral	0.056	0.000	0.005	0.183	0.373	0.000	0.382
neutral	0.046	0.000	0.010	0.146	0.329	0.000	0.469
neutral	0.030	0.000	0.004	0.289	0.257	0.000	0.420
sad	0.054	0.000	0.009	0.143	0.406	0.001	0.387
neutral	0.043	0.000	0.009	0.153	0.311	0.000	0.484
neutral	0.025	0.000	0.005	0.347	0.208	0.001	0.414
neutral	0.051	0.000	0.009	0.194	0.329	0.000	0.416
neutral	0.040	0.000	0.008	0.231	0.276	0.001	0.444
neutral	0.039	0.000	0.007	0.090	0.352	0.000	0.511
neutral	0.037	0.000	0.008	0.175	0.305	0.001	0.474
neutral	0.041	0.000	0.007	0.143	0.342	0.000	0.466
sad	0.051	0.000	0.005	0.169	0.419	0.000	0.356
sad	0.038	0.000	0.005	0.163	0.423	0.000	0.372
sad	0.040	0.000	0.004	0.302	0.328	0.001	0.326
happy	0.030	0.000	0.007	0.426	0.192	0.000	0.344
neutral	0.041	0.000	0.004	0.218	0.309	0.000	0.428
neutral	0.036	0.000	0.004	0.264	0.251	0.001	0.444
sad	0.040	0.000	0.006	0.179	0.440	0.001	0.334
neutral	0.052	0.000	0.005	0.174	0.324	0.000	0.446
sad	0.046	0.000	0.006	0.155	0.443	0.001	0.349
sad	0.045	0.000	0.006	0.299	0.337	0.001	0.313
neutral	0.035	0.000	0.003	0.370	0.218	0.001	0.374
neutral	0.037	0.000	0.007	0.121	0.392	0.000	0.442
neutral	0.054	0.000	0.005	0.198	0.371	0.001	0.372
neutral	0.071	0.000	0.007	0.233	0.292	0.001	0.397
neutral	0.061	0.000	0.010	0.256	0.336	0.000	0.338
neutral	0.030	0.000	0.003	0.349	0.173	0.001	0.444
neutral	0.040	0.000	0.007	0.172	0.389	0.001	0.392
neutral	0.049	0.000	0.007	0.199	0.333	0.001	0.411
neutral	0.044	0.000	0.006	0.166	0.344	0.001	0.439
neutral	0.038	0.000	0.008	0.355	0.228	0.000	0.371
neutral	0.035	0.000	0.004	0.200	0.326	0.000	0.434
neutral	0.046	0.000	0.009	0.278	0.309	0.001	0.358
neutral	0.035	0.000	0.006	0.174	0.368	0.000	0.417
neutral	0.043	0.000	0.006	0.174	0.289	0.000	0.488
neutral	0.047	0.000	0.008	0.185	0.344	0.000	0.417
neutral	0.029	0.000	0.009	0.312	0.259	0.001	0.390
neutral	0.050	0.000	0.009	0.266	0.319	0.000	0.357
neutral	0.043	0.000	0.007	0.173	0.373	0.000	0.404
sad	0.039	0.000	0.005	0.167	0.399	0.000	0.390
neutral	0.032	0.000	0.006	0.198	0.341	0.001	0.422
sad	0.037	0.000	0.005	0.160	0.403	0.000	0.395
neutral	0.038	0.000	0.005	0.307	0.298	0.001	0.352
happy	0.023	0.000	0.004	0.439	0.135	0.000	0.398
neutral	0.038	0.000	0.005	0.200	0.355	0.000	0.402
neutral	0.041	0.000	0.004	0.189	0.317	0.000	0.447
neutral	0.031	0.000	0.005	0.212	0.345	0.001	0.406
happy	0.039	0.000	0.005	0.423	0.261	0.001	0.270
neutral	0.051	0.000	0.004	0.158	0.337	0.001	0.450
neutral	0.034	0.000	0.005	0.225	0.337	0.001	0.400
happy	0.025	0.000	0.003	0.454	0.139	0.001	0.379
neutral	0.040	0.000	0.006	0.229	0.311	0.001	0.413
happy	0.031	0.000	0.005	0.362	0.272	0.001	0.329
neutral	0.036	0.000	0.005	0.130	0.361	0.000	0.468
neutral	0.037	0.000	0.005	0.307	0.303	0.001	0.347
happy	0.041	0.000	0.007	0.355	0.312	0.001	0.284
neutral	0.062	0.000	0.005	0.129	0.307	0.000	0.497
neutral	0.047	0.000	0.004	0.283	0.286	0.000	0.379
neutral	0.029	0.000	0.002	0.272	0.268	0.000	0.428
neutral	0.046	0.000	0.007	0.187	0.345	0.001	0.415
neutral	0.027	0.000	0.006	0.348	0.216	0.001	0.401
neutral	0.035	0.000	0.004	0.089	0.359	0.000	0.512
happy	0.039	0.000	0.011	0.400	0.230	0.001	0.320
neutral	0.036	0.000	0.006	0.212	0.278	0.001	0.468
neutral	0.029	0.000	0.004	0.192	0.225	0.001	0.549
neutral	0.039	0.000	0.006	0.205	0.308	0.001	0.442
happy	0.030	0.000	0.004	0.428	0.137	0.001	0.401
neutral	0.045	0.000	0.005	0.195	0.257	0.001	0.498
neutral	0.052	0.000	0.003	0.183	0.245	0.000	0.517
neutral	0.038	0.000	0.007	0.220	0.264	0.001	0.470
neutral	0.049	0.000	0.010	0.249	0.288	0.001	0.404
neutral	0.044	0.000	0.005	0.081	0.363	0.000	0.507
neutral	0.030	0.000	0.004	0.146	0.262	0.001	0.557
neutral	0.033	0.000	0.005	0.105	0.256	0.000	0.600
neutral	0.067	0.000	0.005	0.159	0.303	0.000	0.466
neutral	0.044	0.000	0.006	0.100	0.378	0.000	0.473
sad	0.051	0.000	0.004	0.152	0.398	0.000	0.395
neutral	0.044	0.000	0.004	0.187	0.276	0.001	0.489
neutral	0.061	0.000	0.005	0.146	0.266	0.000	0.522
neutral	0.047	0.000	0.006	0.107	0.365	0.001	0.475
neutral	0.033	0.000	0.006	0.102	0.275	0.000	0.583
neutral	0.042	0.000	0.005	0.132	0.341	0.001	0.478
neutral	0.063	0.000	0.005	0.136	0.295	0.000	0.501
neutral	0.045	0.000	0.005	0.181	0.282	0.000	0.486
sad	0.052	0.000	0.006	0.110	0.428	0.001	0.403
neutral	0.057	0.000	0.006	0.108	0.305	0.001	0.524
neutral	0.043	0.000	0.005	0.186	0.327	0.000	0.440
happy	0.032	0.000	0.004	0.538	0.127	0.002	0.297
neutral	0.037	0.000	0.008	0.124	0.361	0.000	0.469
neutral	0.021	0.000	0.005	0.288	0.197	0.001	0.489
neutral	0.034	0.000	0.006	0.224	0.327	0.001	0.408
happy	0.043	0.000	0.006	0.553	0.130	0.001	0.268
neutral	0.043	0.000	0.005	0.314	0.254	0.001	0.383
neutral	0.042	0.000	0.006	0.255	0.312	0.001	0.383
neutral	0.026	0.000	0.007	0.288	0.223	0.002	0.454
neutral	0.049	0.000	0.005	0.079	0.415	0.001	0.452
neutral	0.044	0.000	0.004	0.091	0.364	0.001	0.497
happy	0.049	0.000	0.007	0.361	0.224	0.001	0.358
neutral	0.027	0.000	0.010	0.250	0.240	0.002	0.472
neutral	0.039	0.000	0.004	0.316	0.197	0.001	0.443
happy	0.039	0.000	0.007	0.397	0.181	0.001	0.376
happy	0.035	0.000	0.004	0.429	0.149	0.001	0.382
neutral	0.038	0.000	0.007	0.168	0.361	0.001	0.425
happy	0.037	0.000	0.007	0.491	0.174	0.001	0.292
neutral	0.055	0.000	0.006	0.197	0.342	0.001	0.399
neutral	0.034	0.000	0.009	0.121	0.363	0.001	0.472
neutral	0.039	0.000	0.006	0.183	0.381	0.000	0.390
neutral	0.033	0.000	0.012	0.292	0.215	0.001	0.446
happy	0.034	0.000	0.008	0.343	0.273	0.002	0.341
happy	0.030	0.000	0.005	0.623	0.138	0.001	0.202
happy	0.033	0.000	0.002	0.494	0.101	0.001	0.370
neutral	0.034	0.000	0.003	0.284	0.191	0.001	0.486
neutral	0.041	0.000	0.007	0.294	0.228	0.001	0.428
neutral	0.043	0.000	0.006	0.251	0.253	0.001	0.445
happy	0.037	0.000	0.005	0.421	0.195	0.001	0.341
happy	0.038	0.000	0.005	0.462	0.200	0.001	0.294
happy	0.039	0.000	0.006	0.391	0.210	0.001	0.353
happy	0.020	0.000	0.002	0.503	0.128	0.001	0.346
happy	0.036	0.000	0.002	0.434	0.121	0.001	0.406
happy	0.020	0.000	0.002	0.456	0.101	0.001	0.421
neutral	0.054	0.000	0.003	0.385	0.162	0.000	0.396
neutral	0.038	0.000	0.003	0.316	0.196	0.001	0.447
neutral	0.053	0.000	0.002	0.289	0.185	0.001	0.470
happy	0.033	0.000	0.004	0.500	0.204	0.001	0.258
happy	0.040	0.000	0.006	0.481	0.144	0.000	0.329
sad	0.034	0.000	0.007	0.178	0.414	0.001	0.366
neutral	0.044	0.000	0.008	0.202	0.337	0.001	0.408
happy	0.059	0.000	0.003	0.417	0.171	0.000	0.349
happy	0.031	0.000	0.003	0.620	0.109	0.000	0.237
happy	0.035	0.000	0.002	0.421	0.134	0.000	0.408
happy	0.027	0.000	0.003	0.461	0.152	0.001	0.355
happy	0.016	0.000	0.004	0.410	0.164	0.001	0.406
happy	0.020	0.000	0.003	0.586	0.085	0.001	0.306
happy	0.023	0.000	0.002	0.586	0.140	0.001	0.248
happy	0.017	0.000	0.002	0.629	0.084	0.001	0.268
happy	0.045	0.000	0.003	0.416	0.205	0.001	0.331
happy	0.033	0.000	0.003	0.468	0.153	0.000	0.343
happy	0.033	0.000	0.002	0.560	0.156	0.001	0.248
sad	0.032	0.000	0.010	0.260	0.375	0.001	0.322
neutral	0.032	0.000	0.007	0.182	0.293	0.001	0.486
happy	0.023	0.000	0.003	0.584	0.136	0.000	0.254
neutral	0.041	0.000	0.006	0.147	0.360	0.001	0.446
neutral	0.032	0.000	0.003	0.403	0.134	0.001	0.427
neutral	0.037	0.000	0.005	0.230	0.290	0.001	0.436
sad	0.042	0.000	0.013	0.233	0.369	0.001	0.343
neutral	0.037	0.000	0.005	0.373	0.196	0.001	0.389
neutral	0.025	0.000	0.007	0.300	0.189	0.001	0.477
happy	0.033	0.000	0.004	0.618	0.106	0.000	0.238
neutral	0.037	0.000	0.011	0.166	0.372	0.002	0.412
neutral	0.032	0.000	0.012	0.147	0.389	0.001	0.418
happy	0.041	0.000	0.007	0.513	0.165	0.001	0.274
neutral	0.043	0.000	0.007	0.076	0.434	0.001	0.439
neutral	0.047	0.000	0.007	0.098	0.408	0.000	0.439
neutral	0.034	0.000	0.007	0.252	0.234	0.001	0.472
happy	0.026	0.000	0.005	0.537	0.144	0.001	0.287
neutral	0.026	0.000	0.006	0.324	0.197	0.001	0.446
happy	0.036	0.000	0.006	0.397	0.241	0.000	0.320
neutral	0.037	0.000	0.008	0.337	0.228	0.001	0.389
happy	0.022	0.000	0.005	0.457	0.179	0.001	0.337
neutral	0.031	0.000	0.008	0.160	0.348	0.001	0.452
happy	0.026	0.000	0.005	0.414	0.200	0.001	0.353
happy	0.031	0.000	0.011	0.371	0.319	0.002	0.267
neutral	0.031	0.000	0.008	0.242	0.263	0.001	0.455
neutral	0.042	0.000	0.005	0.218	0.279	0.000	0.455
happy	0.028	0.000	0.003	0.475	0.130	0.001	0.363
happy	0.031	0.000	0.004	0.475	0.156	0.001	0.333
happy	0.039	0.000	0.011	0.531	0.209	0.001	0.210
happy	0.033	0.000	0.002	0.632	0.145	0.000	0.188
happy	0.021	0.000	0.005	0.463	0.139	0.001	0.371
happy	0.029	0.000	0.002	0.557	0.167	0.001	0.244
neutral	0.056	0.000	0.006	0.319	0.244	0.001	0.374
neutral	0.027	0.000	0.007	0.349	0.240	0.001	0.378
happy	0.038	0.000	0.003	0.547	0.133	0.000	0.278
happy	0.056	0.000	0.003	0.548	0.133	0.001	0.260
happy	0.047	0.000	0.005	0.454	0.158	0.001	0.335
happy	0.045	0.000	0.003	0.449	0.098	0.001	0.404
neutral	0.077	0.000	0.005	0.154	0.247	0.000	0.518
neutral	0.106	0.000	0.006	0.194	0.200	0.001	0.493
neutral	0.087	0.000	0.004	0.204	0.194	0.001	0.510
happy	0.054	0.000	0.002	0.516	0.067	0.000	0.360
neutral	0.069	0.000	0.002	0.233	0.121	0.000	0.574
neutral	0.050	0.000	0.003	0.198	0.156	0.000	0.593
neutral	0.045	0.000	0.004	0.407	0.101	0.000	0.442
neutral	0.068	0.000	0.004	0.235	0.262	0.001	0.430
neutral	0.063	0.000	0.006	0.238	0.292	0.002	0.400
neutral	0.089	0.000	0.006	0.245	0.200	0.001	0.460
neutral	0.095	0.000	0.006	0.129	0.314	0.001	0.456
neutral	0.054	0.000	0.006	0.195	0.238	0.001	0.507
neutral	0.052	0.000	0.003	0.164	0.210	0.001	0.569
neutral	0.093	0.000	0.004	0.181	0.323	0.001	0.397
neutral	0.103	0.000	0.035	0.227	0.271	0.002	0.362
neutral	0.140	0.000	0.009	0.170	0.255	0.001	0.426
neutral	0.070	0.000	0.013	0.236	0.324	0.001	0.355
neutral	0.076	0.000	0.008	0.202	0.322	0.001	0.392
neutral	0.082	0.000	0.011	0.218	0.317	0.001	0.372
