prediction	angry	disgust	fear	happy	sad	surprise	neutral
surprise	0.045	0.000	0.205	0.032	0.153	0.466	0.100
happy	0.147	0.000	0.029	0.747	0.019	0.037	0.021
happy	0.158	0.000	0.019	0.729	0.029	0.026	0.039
angry	0.290	0.000	0.154	0.091	0.192	0.155	0.116
surprise	0.184	0.000	0.173	0.168	0.073	0.335	0.067
angry	0.315	0.001	0.105	0.155	0.137	0.168	0.119
surprise	0.218	0.000	0.135	0.041	0.082	0.468	0.056
angry	0.583	0.000	0.030	0.139	0.071	0.096	0.080
angry	0.707	0.000	0.027	0.051	0.085	0.075	0.055
angry	0.671	0.001	0.045	0.093	0.072	0.065	0.052
angry	0.629	0.001	0.025	0.139	0.080	0.061	0.063
angry	0.716	0.001	0.034	0.080	0.065	0.042	0.060
angry	0.658	0.001	0.035	0.156	0.072	0.031	0.047
angry	0.573	0.001	0.036	0.122	0.052	0.131	0.085
angry	0.595	0.000	0.051	0.073	0.142	0.061	0.077
angry	0.468	0.000	0.074	0.069	0.128	0.149	0.112
angry	0.582	0.000	0.049	0.096	0.084	0.104	0.084
angry	0.706	0.001	0.025	0.086	0.078	0.032	0.072
angry	0.619	0.001	0.035	0.102	0.122	0.025	0.096
angry	0.547	0.000	0.059	0.058	0.135	0.109	0.092
angry	0.419	0.000	0.059	0.089	0.089	0.235	0.108
angry	0.449	0.000	0.052	0.109	0.148	0.139	0.101
angry	0.388	0.000	0.062	0.064	0.160	0.148	0.179
angry	0.525	0.000	0.035	0.108	0.094	0.132	0.104
angry	0.539	0.000	0.061	0.062	0.100	0.108	0.129
angry	0.340	0.000	0.084	0.067	0.179	0.190	0.140
angry	0.390	0.000	0.063	0.086	0.155	0.144	0.162
angry	0.493	0.000	0.038	0.078	0.093	0.183	0.114
angry	0.434	0.000	0.051	0.189	0.111	0.117	0.098
angry	0.433	0.000	0.062	0.122	0.133	0.134	0.117
angry	0.451	0.000	0.058	0.118	0.094	0.174	0.106
angry	0.561	0.000	0.031	0.250	0.054	0.049	0.055
happy	0.073	0.000	0.003	0.903	0.004	0.004	0.013
happy	0.199	0.000	0.004	0.619	0.022	0.015	0.140
happy	0.193	0.000	0.006	0.468	0.021	0.007	0.305
happy	0.106	0.000	0.003	0.454	0.015	0.017	0.406
neutral	0.057	0.000	0.001	0.397	0.026	0.001	0.518
happy	0.019	0.000	0.001	0.813	0.007	0.002	0.159
neutral	0.034	0.000	0.001	0.429	0.022	0.001	0.513
happy	0.118	0.000	0.004	0.449	0.045	0.003	0.382
neutral	0.028	0.000	0.001	0.357	0.019	0.002	0.594
happy	0.014	0.000	0.001	0.670	0.006	0.002	0.308
happy	0.028	0.000	0.001	0.504	0.015	0.001	0.451
happy	0.080	0.000	0.001	0.531	0.013	0.004	0.371
happy	0.111	0.000	0.001	0.519	0.015	0.004	0.349
neutral	0.047	0.000	0.001	0.454	0.017	0.003	0.477
happy	0.146	0.000	0.002	0.535	0.016	0.007	0.294
happy	0.085	0.000	0.001	0.605	0.011	0.005	0.293
happy	0.142	0.000	0.002	0.464	0.019	0.005	0.367
neutral	0.060	0.000	0.001	0.332	0.026	0.001	0.579
happy	0.066	0.000	0.001	0.602	0.020	0.002	0.309
happy	0.119	0.000	0.002	0.616	0.014	0.007	0.243
neutral	0.075	0.000	0.002	0.394	0.041	0.001	0.486
happy	0.112	0.000	0.002	0.542	0.029	0.002	0.313
happy	0.038	0.000	0.001	0.488	0.018	0.001	0.455
happy	0.024	0.000	0.000	0.646	0.012	0.001	0.316
happy	0.036	0.000	0.000	0.732	0.011	0.001	0.220
happy	0.039	0.000	0.000	0.699	0.010	0.001	0.250
happy	0.098	0.000	0.002	0.862	0.010	0.003	0.026
happy	0.185	0.001	0.037	0.545	0.097	0.090	0.046
surprise	0.191	0.000	0.051	0.237	0.128	0.300	0.094
happy	0.173	0.000	0.063	0.409	0.086	0.189	0.080
happy	0.218	0.000	0.040	0.425	0.101	0.128	0.087
angry	0.348	0.000	0.051	0.208	0.179	0.104	0.111
happy	0.224	0.000	0.084	0.244	0.113	0.201	0.133
angry	0.249	0.000	0.076	0.207	0.147	0.184	0.137
surprise	0.235	0.000	0.062	0.109	0.138	0.342	0.115
surprise	0.246	0.000	0.111	0.134	0.141	0.287	0.082
angry	0.257	0.000	0.116	0.171	0.135	0.234	0.088
surprise	0.204	0.000	0.215	0.058	0.166	0.280	0.077
surprise	0.149	0.000	0.197	0.085	0.208	0.286	0.075
surprise	0.162	0.000	0.207	0.050	0.258	0.265	0.058
happy	0.186	0.000	0.100	0.230	0.167	0.172	0.145
happy	0.200	0.000	0.092	0.305	0.137	0.143	0.122
surprise	0.199	0.000	0.136	0.184	0.154	0.209	0.117
angry	0.258	0.000	0.104	0.144	0.182	0.227	0.085
happy	0.195	0.000	0.071	0.435	0.136	0.088	0.075
surprise	0.099	0.000	0.103	0.187	0.169	0.335	0.108
sad	0.226	0.000	0.100	0.067	0.258	0.206	0.143
surprise	0.159	0.000	0.136	0.081	0.238	0.247	0.139
sad	0.116	0.000	0.247	0.017	0.332	0.232	0.057
sad	0.187	0.000	0.176	0.046	0.358	0.147	0.087
angry	0.224	0.000	0.163	0.118	0.211	0.198	0.086
angry	0.422	0.000	0.100	0.054	0.167	0.092	0.165
angry	0.388	0.000	0.107	0.026	0.175	0.174	0.130
happy	0.096	0.000	0.066	0.461	0.130	0.084	0.163
happy	0.342	0.000	0.032	0.386	0.089	0.053	0.098
happy	0.224	0.000	0.050	0.369	0.106	0.116	0.134
happy	0.134	0.000	0.066	0.346	0.154	0.109	0.191
neutral	0.160	0.000	0.098	0.190	0.189	0.090	0.273
neutral	0.243	0.000	0.070	0.181	0.168	0.053	0.284
neutral	0.257	0.000	0.050	0.192	0.117	0.063	0.320
neutral	0.388	0.000	0.028	0.108	0.053	0.028	0.395
angry	0.420	0.000	0.012	0.240	0.038	0.020	0.270
neutral	0.264	0.000	0.008	0.286	0.038	0.003	0.401
neutral	0.237	0.000	0.002	0.122	0.040	0.003	0.597
neutral	0.328	0.000	0.002	0.294	0.021	0.005	0.350
angry	0.361	0.000	0.004	0.318	0.024	0.009	0.284
neutral	0.098	0.000	0.001	0.308	0.016	0.001	0.576
happy	0.287	0.000	0.014	0.333	0.069	0.018	0.279
neutral	0.363	0.000	0.007	0.166	0.049	0.014	0.401
happy	0.292	0.000	0.050	0.297	0.108	0.061	0.192
angry	0.445	0.000	0.029	0.092	0.139	0.027	0.267
angry	0.467	0.000	0.016	0.167	0.065	0.011	0.274
neutral	0.282	0.000	0.039	0.173	0.086	0.032	0.389
neutral	0.351	0.000	0.012	0.208	0.056	0.009	0.364
neutral	0.169	0.000	0.015	0.342	0.058	0.020	0.396
happy	0.241	0.000	0.022	0.467	0.049	0.007	0.214
angry	0.553	0.001	0.011	0.184	0.051	0.008	0.192
neutral	0.242	0.000	0.003	0.186	0.028	0.005	0.537
neutral	0.359	0.000	0.005	0.152	0.047	0.006	0.431
happy	0.102	0.000	0.002	0.530	0.024	0.007	0.333
happy	0.337	0.000	0.010	0.446	0.027	0.011	0.168
happy	0.315	0.000	0.009	0.425	0.029	0.013	0.209
angry	0.450	0.000	0.015	0.304	0.038	0.012	0.180
happy	0.371	0.000	0.010	0.399	0.019	0.006	0.194
happy	0.304	0.000	0.007	0.412	0.032	0.008	0.237
angry	0.367	0.000	0.009	0.261	0.063	0.005	0.294
neutral	0.244	0.000	0.003	0.165	0.048	0.003	0.537
angry	0.397	0.000	0.012	0.312	0.036	0.005	0.238
happy	0.313	0.000	0.005	0.344	0.026	0.005	0.307
angry	0.509	0.000	0.006	0.182	0.036	0.003	0.264
neutral	0.245	0.000	0.006	0.267	0.048	0.002	0.433
neutral	0.210	0.000	0.004	0.182	0.030	0.002	0.571
neutral	0.235	0.000	0.006	0.336	0.046	0.004	0.373
neutral	0.208	0.000	0.003	0.250	0.042	0.003	0.493
neutral	0.281	0.000	0.003	0.173	0.046	0.002	0.496
neutral	0.161	0.000	0.004	0.327	0.046	0.003	0.459
happy	0.113	0.000	0.003	0.682	0.011	0.001	0.190
happy	0.105	0.000	0.006	0.526	0.044	0.003	0.316
neutral	0.219	0.000	0.004	0.292	0.035	0.005	0.445
neutral	0.175	0.000	0.001	0.204	0.019	0.002	0.599
neutral	0.309	0.000	0.004	0.221	0.034	0.002	0.428
neutral	0.266	0.000	0.003	0.182	0.035	0.001	0.512
neutral	0.213	0.000	0.004	0.289	0.034	0.002	0.458
neutral	0.161	0.000	0.002	0.334	0.014	0.001	0.488
neutral	0.204	0.000	0.003	0.264	0.023	0.001	0.505
neutral	0.193	0.000	0.002	0.320	0.021	0.002	0.462
happy	0.128	0.000	0.002	0.472	0.012	0.003	0.383
neutral	0.183	0.000	0.002	0.236	0.024	0.002	0.553
neutral	0.145	0.000	0.002	0.228	0.031	0.003	0.590
neutral	0.144	0.000	0.001	0.192	0.019	0.002	0.642
neutral	0.236	0.000	0.002	0.207	0.034	0.002	0.518
neutral	0.204	0.000	0.001	0.157	0.023	0.002	0.612
neutral	0.163	0.000	0.002	0.245	0.029	0.001	0.560
neutral	0.221	0.000	0.002	0.232	0.032	0.001	0.512
neutral	0.086	0.000	0.001	0.370	0.015	0.001	0.528
neutral	0.057	0.000	0.001	0.257	0.035	0.002	0.648
happy	0.061	0.000	0.001	0.566	0.029	0.001	0.342
neutral	0.073	0.000	0.001	0.323	0.032	0.001	0.570
happy	0.070	0.000	0.001	0.517	0.027	0.001	0.385
happy	0.086	0.000	0.001	0.479	0.026	0.001	0.408
happy	0.061	0.000	0.001	0.528	0.026	0.002	0.381
happy	0.058	0.000	0.001	0.460	0.057	0.004	0.420
happy	0.048	0.000	0.001	0.583	0.033	0.004	0.331
happy	0.059	0.000	0.002	0.483	0.039	0.005	0.413
happy	0.070	0.000	0.003	0.465	0.052	0.005	0.406
neutral	0.043	0.000	0.002	0.413	0.064	0.006	0.473
happy	0.042	0.000	0.001	0.471	0.045	0.004	0.436
neutral	0.129	0.000	0.002	0.325	0.074	0.012	0.458
neutral	0.166	0.000	0.002	0.270	0.073	0.015	0.474
happy	0.038	0.000	0.001	0.582	0.019	0.003	0.358
happy	0.081	0.000	0.001	0.598	0.029	0.003	0.288
happy	0.029	0.000	0.000	0.655	0.012	0.003	0.301
happy	0.051	0.000	0.001	0.781	0.014	0.009	0.144
happy	0.062	0.000	0.001	0.701	0.017	0.006	0.213
happy	0.092	0.000	0.001	0.523	0.020	0.003	0.360
happy	0.036	0.000	0.000	0.653	0.015	0.006	0.289
happy	0.071	0.000	0.001	0.464	0.023	0.005	0.435
happy	0.065	0.000	0.001	0.668	0.014	0.005	0.247
neutral	0.096	0.000	0.001	0.434	0.020	0.013	0.435
neutral	0.189	0.000	0.002	0.299	0.033	0.013	0.465
neutral	0.112	0.000	0.001	0.386	0.014	0.010	0.477
neutral	0.077	0.000	0.001	0.293	0.042	0.003	0.584
neutral	0.086	0.000	0.001	0.319	0.038	0.005	0.552
happy	0.131	0.000	0.002	0.470	0.033	0.005	0.359
neutral	0.143	0.000	0.001	0.377	0.037	0.008	0.434
happy	0.075	0.000	0.001	0.607	0.030	0.005	0.282
happy	0.089	0.000	0.001	0.442	0.047	0.001	0.418
neutral	0.132	0.000	0.002	0.293	0.058	0.004	0.511
neutral	0.146	0.000	0.001	0.342	0.042	0.005	0.463
happy	0.219	0.000	0.004	0.390	0.047	0.012	0.328
happy	0.096	0.000	0.001	0.467	0.040	0.007	0.388
happy	0.107	0.000	0.002	0.574	0.019	0.014	0.284
happy	0.162	0.000	0.003	0.502	0.036	0.020	0.276
happy	0.134	0.000	0.003	0.556	0.033	0.030	0.243
happy	0.100	0.000	0.001	0.485	0.027	0.007	0.380
happy	0.111	0.000	0.001	0.517	0.022	0.005	0.345
neutral	0.156	0.000	0.001	0.383	0.030	0.008	0.421
happy	0.106	0.000	0.001	0.488	0.029	0.005	0.371
neutral	0.138	0.000	0.001	0.260	0.044	0.002	0.556
happy	0.080	0.000	0.001	0.505	0.025	0.004	0.386
neutral	0.154	0.000	0.000	0.237	0.021	0.002	0.585
happy	0.061	0.000	0.001	0.472	0.032	0.003	0.430
happy	0.124	0.000	0.001	0.492	0.022	0.008	0.353
happy	0.094	0.000	0.001	0.597	0.016	0.003	0.289
happy	0.084	0.000	0.001	0.649	0.013	0.003	0.250
happy	0.075	0.000	0.001	0.639	0.012	0.004	0.270
happy	0.068	0.000	0.001	0.555	0.012	0.010	0.354
happy	0.070	0.000	0.001	0.572	0.016	0.006	0.336
happy	0.099	0.000	0.002	0.740	0.009	0.023	0.126
happy	0.021	0.000	0.000	0.869	0.004	0.005	0.099
happy	0.054	0.000	0.001	0.676	0.011	0.008	0.249
happy	0.050	0.000	0.001	0.657	0.015	0.006	0.270
happy	0.036	0.000	0.001	0.738	0.013	0.008	0.203
happy	0.058	0.000	0.001	0.465	0.023	0.003	0.451
happy	0.085	0.000	0.001	0.486	0.018	0.005	0.405
neutral	0.078	0.000	0.001	0.295	0.029	0.002	0.594
neutral	0.090	0.000	0.001	0.329	0.021	0.004	0.555
neutral	0.087	0.000	0.001	0.378	0.029	0.006	0.500
neutral	0.062	0.000	0.001	0.321	0.034	0.007	0.575
happy	0.120	0.000	0.001	0.540	0.038	0.017	0.284
happy	0.095	0.000	0.001	0.618	0.023	0.020	0.243
happy	0.142	0.000	0.001	0.502	0.037	0.017	0.300
happy	0.122	0.000	0.001	0.443	0.032	0.015	0.388
neutral	0.116	0.000	0.002	0.351	0.039	0.021	0.472
neutral	0.166	0.000	0.002	0.300	0.067	0.029	0.436
happy	0.115	0.000	0.001	0.531	0.031	0.008	0.315
neutral	0.194	0.000	0.002	0.348	0.061	0.030	0.365
happy	0.123	0.000	0.001	0.434	0.037	0.012	0.393
neutral	0.043	0.000	0.000	0.449	0.031	0.011	0.466
neutral	0.178	0.000	0.002	0.301	0.070	0.021	0.429
neutral	0.094	0.000	0.001	0.406	0.035	0.014	0.450
happy	0.090	0.000	0.001	0.456	0.039	0.019	0.395
neutral	0.091	0.000	0.002	0.327	0.046	0.021	0.514
happy	0.125	0.000	0.003	0.431	0.064	0.025	0.352
happy	0.073	0.000	0.002	0.697	0.028	0.014	0.186
neutral	0.119	0.000	0.003	0.377	0.058	0.025	0.418
happy	0.071	0.000	0.002	0.550	0.043	0.033	0.301
neutral	0.122	0.000	0.003	0.355	0.067	0.053	0.401
neutral	0.171	0.000	0.004	0.324	0.069	0.029	0.403
neutral	0.082	0.000	0.001	0.362	0.055	0.024	0.476
neutral	0.110	0.000	0.002	0.286	0.069	0.015	0.518
neutral	0.072	0.000	0.003	0.323	0.063	0.019	0.521
happy	0.072	0.000	0.002	0.606	0.028	0.029	0.263
happy	0.086	0.000	0.002	0.431	0.042	0.019	0.420
happy	0.199	0.000	0.003	0.397	0.045	0.022	0.333
happy	0.095	0.000	0.003	0.509	0.032	0.012	0.349
happy	0.094	0.000	0.002	0.490	0.030	0.016	0.369
happy	0.086	0.000	0.002	0.447	0.036	0.018	0.410
neutral	0.107	0.000	0.002	0.381	0.044	0.025	0.441
happy	0.109	0.000	0.002	0.445	0.048	0.026	0.369
happy	0.055	0.000	0.002	0.575	0.023	0.033	0.312
happy	0.059	0.000	0.002	0.632	0.027	0.028	0.252
happy	0.106	0.000	0.003	0.612	0.035	0.039	0.204
happy	0.083	0.000	0.003	0.547	0.035	0.022	0.311
happy	0.184	0.000	0.006	0.435	0.057	0.014	0.305
neutral	0.256	0.000	0.008	0.170	0.074	0.017	0.476
happy	0.122	0.000	0.004	0.438	0.036	0.022	0.379
neutral	0.148	0.000	0.004	0.385	0.041	0.023	0.399
happy	0.096	0.000	0.001	0.436	0.038	0.013	0.417
neutral	0.170	0.000	0.007	0.346	0.065	0.019	0.393
neutral	0.183	0.000	0.003	0.327	0.074	0.038	0.376
happy	0.133	0.000	0.003	0.414	0.033	0.025	0.391
neutral	0.143	0.000	0.002	0.363	0.033	0.023	0.434
happy	0.100	0.000	0.003	0.438	0.046	0.008	0.404
neutral	0.206	0.000	0.006	0.176	0.108	0.010	0.494
neutral	0.197	0.000	0.005	0.287	0.060	0.015	0.435
happy	0.086	0.000	0.002	0.528	0.026	0.007	0.351
happy	0.115	0.000	0.003	0.478	0.027	0.010	0.367
neutral	0.195	0.000	0.006	0.314	0.055	0.007	0.423
happy	0.123	0.000	0.003	0.586	0.023	0.023	0.242
neutral	0.072	0.000	0.002	0.402	0.044	0.007	0.472
happy	0.136	0.000	0.004	0.448	0.044	0.016	0.352
happy	0.155	0.000	0.002	0.632	0.012	0.016	0.183
happy	0.091	0.000	0.002	0.505	0.024	0.023	0.355
happy	0.118	0.000	0.002	0.456	0.041	0.044	0.339
happy	0.113	0.000	0.004	0.466	0.056	0.032	0.329
happy	0.128	0.000	0.001	0.411	0.042	0.014	0.405
neutral	0.153	0.000	0.002	0.351	0.073	0.024	0.397
happy	0.097	0.000	0.001	0.444	0.027	0.020	0.409
neutral	0.158	0.000	0.002	0.343	0.044	0.028	0.425
happy	0.154	0.000	0.005	0.456	0.034	0.013	0.338
neutral	0.157	0.000	0.004	0.379	0.053	0.017	0.390
neutral	0.111	0.000	0.002	0.387	0.050	0.017	0.434
happy	0.062	0.000	0.001	0.541	0.025	0.019	0.351
happy	0.189	0.000	0.005	0.430	0.035	0.028	0.313
happy	0.092	0.000	0.002	0.464	0.046	0.031	0.365
happy	0.116	0.000	0.002	0.514	0.032	0.023	0.313
happy	0.076	0.000	0.003	0.709	0.018	0.013	0.182
happy	0.103	0.000	0.002	0.654	0.018	0.015	0.209
happy	0.093	0.000	0.002	0.539	0.024	0.013	0.330
happy	0.121	0.000	0.003	0.576	0.033	0.011	0.256
happy	0.119	0.000	0.001	0.600	0.023	0.010	0.247
happy	0.175	0.000	0.002	0.420	0.056	0.031	0.315
happy	0.135	0.000	0.002	0.456	0.034	0.018	0.354
happy	0.108	0.000	0.001	0.535	0.020	0.014	0.322
neutral	0.185	0.000	0.002	0.295	0.063	0.021	0.433
happy	0.114	0.000	0.001	0.483	0.024	0.015	0.363
neutral	0.154	0.000	0.004	0.238	0.078	0.022	0.505
happy	0.102	0.000	0.001	0.524	0.030	0.015	0.328
happy	0.163	0.000	0.006	0.377	0.067	0.014	0.373
happy	0.139	0.000	0.004	0.418	0.031	0.014	0.395
neutral	0.121	0.000	0.002	0.386	0.044	0.033	0.415
neutral	0.135	0.000	0.005	0.377	0.064	0.015	0.404
happy	0.118	0.000	0.003	0.450	0.037	0.015	0.377
happy	0.093	0.000	0.003	0.616	0.020	0.016	0.252
neutral	0.155	0.000	0.001	0.383	0.036	0.016	0.408
happy	0.084	0.000	0.003	0.553	0.030	0.008	0.321
happy	0.121	0.000	0.002	0.598	0.020	0.017	0.243
happy	0.119	0.000	0.004	0.575	0.027	0.016	0.259
neutral	0.063	0.000	0.003	0.432	0.042	0.023	0.437
happy	0.107	0.000	0.004	0.453	0.029	0.015	0.393
happy	0.114	0.000	0.004	0.512	0.030	0.012	0.328
happy	0.092	0.000	0.002	0.747	0.008	0.010	0.140
happy	0.083	0.000	0.004	0.558	0.029	0.015	0.312
happy	0.148	0.000	0.005	0.497	0.023	0.012	0.314
happy	0.083	0.000	0.004	0.631	0.018	0.015	0.249
happy	0.075	0.000	0.002	0.600	0.018	0.010	0.294
happy	0.075	0.000	0.002	0.645	0.015	0.006	0.258
happy	0.083	0.000	0.002	0.704	0.011	0.014	0.186
happy	0.055	0.000	0.001	0.729	0.009	0.009	0.197
happy	0.113	0.000	0.002	0.669	0.014	0.012	0.189
happy	0.180	0.000	0.004	0.430	0.032	0.011	0.344
happy	0.062	0.000	0.002	0.629	0.018	0.005	0.285
happy	0.100	0.000	0.002	0.621	0.019	0.006	0.252
neutral	0.117	0.000	0.007	0.381	0.040	0.011	0.444
happy	0.154	0.000	0.004	0.425	0.035	0.022	0.360
happy	0.084	0.000	0.001	0.602	0.016	0.010	0.286
happy	0.064	0.000	0.001	0.594	0.018	0.009	0.314
happy	0.166	0.000	0.002	0.400	0.028	0.017	0.388
happy	0.078	0.000	0.002	0.658	0.013	0.011	0.239
happy	0.115	0.000	0.003	0.614	0.015	0.011	0.243
happy	0.122	0.000	0.004	0.467	0.029	0.015	0.363
happy	0.080	0.000	0.002	0.481	0.023	0.012	0.401
happy	0.123	0.000	0.004	0.461	0.032	0.028	0.352
happy	0.084	0.000	0.002	0.486	0.021	0.013	0.395
happy	0.108	0.000	0.004	0.523	0.022	0.020	0.323
happy	0.101	0.000	0.002	0.462	0.036	0.014	0.385
happy	0.120	0.000	0.004	0.436	0.041	0.009	0.390
happy	0.160	0.000	0.002	0.576	0.026	0.007	0.228
happy	0.107	0.000	0.002	0.596	0.024	0.010	0.261
happy	0.128	0.000	0.001	0.415	0.038	0.016	0.401
happy	0.118	0.000	0.002	0.547	0.040	0.022	0.271
happy	0.122	0.000	0.002	0.409	0.047	0.018	0.401
happy	0.080	0.000	0.001	0.648	0.019	0.008	0.244
neutral	0.128	0.000	0.003	0.357	0.077	0.018	0.417
happy	0.072	0.000	0.001	0.612	0.017	0.006	0.293
neutral	0.180	0.000	0.004	0.332	0.064	0.019	0.401
happy	0.165	0.000	0.001	0.435	0.046	0.013	0.340
happy	0.057	0.000	0.002	0.680	0.015	0.013	0.234
happy	0.123	0.000	0.002	0.542	0.025	0.009	0.297
happy	0.114	0.000	0.003	0.537	0.034	0.014	0.299
happy	0.108	0.000	0.004	0.519	0.030	0.013	0.327
happy	0.103	0.000	0.002	0.625	0.032	0.010	0.228
neutral	0.164	0.000	0.002	0.373	0.038	0.005	0.418
happy	0.119	0.000	0.003	0.547	0.042	0.024	0.265
happy	0.056	0.000	0.001	0.731	0.013	0.026	0.173
happy	0.162	0.000	0.003	0.454	0.027	0.010	0.343
happy	0.209	0.000	0.004	0.377	0.036	0.006	0.369
happy	0.158	0.000	0.005	0.492	0.027	0.013	0.304
happy	0.199	0.000	0.003	0.487	0.030	0.009	0.272
happy	0.112	0.000	0.001	0.618	0.017	0.009	0.243
happy	0.142	0.000	0.002	0.577	0.033	0.013	0.232
happy	0.170	0.000	0.002	0.494	0.040	0.021	0.272
happy	0.187	0.000	0.004	0.479	0.043	0.015	0.272
happy	0.143	0.000	0.003	0.642	0.017	0.016	0.180
happy	0.116	0.000	0.002	0.690	0.016	0.013	0.163
happy	0.124	0.000	0.002	0.648	0.020	0.011	0.195
happy	0.145	0.000	0.002	0.561	0.028	0.010	0.253
happy	0.155	0.000	0.002	0.530	0.032	0.011	0.269
happy	0.201	0.000	0.004	0.475	0.035	0.010	0.276
happy	0.191	0.000	0.004	0.427	0.055	0.036	0.287
happy	0.157	0.000	0.003	0.430	0.038	0.009	0.363
happy	0.124	0.000	0.006	0.639	0.028	0.019	0.184
happy	0.143	0.000	0.004	0.448	0.054	0.023	0.328
happy	0.260	0.000	0.004	0.386	0.040	0.011	0.299
happy	0.202	0.000	0.003	0.473	0.031	0.009	0.281
happy	0.229	0.000	0.003	0.461	0.038	0.013	0.255
happy	0.133	0.000	0.002	0.694	0.014	0.020	0.137
happy	0.149	0.000	0.003	0.471	0.040	0.035	0.302
happy	0.094	0.000	0.002	0.539	0.023	0.022	0.320
neutral	0.159	0.000	0.003	0.399	0.027	0.013	0.400
happy	0.148	0.000	0.003	0.548	0.018	0.010	0.273
happy	0.239	0.000	0.003	0.437	0.028	0.008	0.286
happy	0.090	0.000	0.002	0.679	0.016	0.034	0.178
happy	0.112	0.000	0.003	0.569	0.036	0.033	0.247
happy	0.155	0.000	0.002	0.504	0.024	0.007	0.308
happy	0.137	0.000	0.002	0.520	0.031	0.013	0.296
happy	0.190	0.000	0.002	0.531	0.023	0.012	0.242
happy	0.197	0.000	0.003	0.457	0.050	0.007	0.286
happy	0.125	0.000	0.003	0.508	0.044	0.011	0.309
happy	0.157	0.000	0.003	0.484	0.036	0.015	0.305
happy	0.135	0.000	0.004	0.398	0.050	0.021	0.392
neutral	0.087	0.000	0.003	0.390	0.030	0.024	0.466
neutral	0.193	0.000	0.003	0.363	0.040	0.025	0.375
happy	0.118	0.000	0.001	0.511	0.028	0.028	0.314
happy	0.143	0.000	0.003	0.508	0.016	0.016	0.314
happy	0.308	0.000	0.005	0.331	0.042	0.009	0.307
happy	0.201	0.000	0.004	0.447	0.045	0.015	0.288
happy	0.159	0.000	0.003	0.559	0.037	0.014	0.227
happy	0.146	0.000	0.004	0.410	0.056	0.015	0.369
happy	0.152	0.000	0.002	0.474	0.033	0.014	0.324
happy	0.129	0.000	0.002	0.545	0.029	0.021	0.274
neutral	0.102	0.000	0.002	0.413	0.024	0.020	0.439
happy	0.119	0.000	0.004	0.415	0.047	0.031	0.384
happy	0.114	0.000	0.005	0.436	0.051	0.019	0.375
happy	0.132	0.000	0.004	0.491	0.039	0.020	0.313
happy	0.136	0.000	0.002	0.508	0.033	0.022	0.299
happy	0.123	0.000	0.002	0.518	0.036	0.022	0.298
happy	0.068	0.000	0.002	0.564	0.026	0.018	0.322
happy	0.119	0.000	0.004	0.459	0.042	0.019	0.357
happy	0.116	0.000	0.004	0.516	0.041	0.023	0.301
happy	0.132	0.000	0.007	0.509	0.057	0.018	0.278
happy	0.158	0.000	0.004	0.411	0.045	0.019	0.362
happy	0.121	0.000	0.002	0.535	0.026	0.013	0.304
happy	0.167	0.000	0.002	0.445	0.034	0.016	0.335
happy	0.133	0.000	0.002	0.502	0.037	0.019	0.306
happy	0.134	0.000	0.002	0.575	0.021	0.019	0.250
neutral	0.194	0.000	0.003	0.340	0.044	0.015	0.405
happy	0.072	0.000	0.003	0.445	0.043	0.036	0.402
happy	0.102	0.000	0.003	0.442	0.047	0.022	0.382
neutral	0.152	0.000	0.002	0.345	0.046	0.019	0.436
happy	0.065	0.000	0.002	0.660	0.012	0.013	0.248
neutral	0.117	0.000	0.005	0.355	0.063	0.028	0.433
happy	0.142	0.000	0.004	0.508	0.033	0.026	0.286
neutral	0.113	0.000	0.004	0.271	0.089	0.021	0.501
happy	0.104	0.000	0.003	0.520	0.028	0.024	0.320
happy	0.149	0.000	0.004	0.438	0.031	0.019	0.359
happy	0.099	0.000	0.002	0.479	0.027	0.023	0.370
happy	0.115	0.000	0.003	0.421	0.024	0.017	0.419
happy	0.089	0.000	0.002	0.646	0.012	0.033	0.219
happy	0.093	0.000	0.002	0.655	0.014	0.030	0.206
happy	0.068	0.000	0.003	0.671	0.013	0.014	0.231
happy	0.066	0.000	0.002	0.802	0.009	0.022	0.099
happy	0.142	0.000	0.003	0.523	0.037	0.024	0.271
happy	0.142	0.000	0.002	0.542	0.037	0.009	0.268
happy	0.129	0.000	0.003	0.619	0.028	0.009	0.212
happy	0.166	0.000	0.005	0.414	0.050	0.014	0.350
happy	0.152	0.000	0.003	0.484	0.040	0.009	0.311
happy	0.203	0.000	0.003	0.521	0.036	0.009	0.228
happy	0.234	0.000	0.004	0.423	0.040	0.011	0.288
happy	0.071	0.000	0.002	0.679	0.009	0.023	0.216
happy	0.110	0.000	0.002	0.609	0.020	0.032	0.226
happy	0.139	0.000	0.003	0.466	0.032	0.018	0.341
happy	0.107	0.000	0.003	0.455	0.029	0.024	0.383
happy	0.158	0.000	0.002	0.427	0.021	0.022	0.369
happy	0.137	0.000	0.002	0.502	0.021	0.021	0.317
happy	0.106	0.000	0.002	0.553	0.022	0.028	0.290
happy	0.168	0.000	0.003	0.416	0.028	0.011	0.375
happy	0.127	0.000	0.003	0.512	0.034	0.014	0.310
happy	0.152	0.000	0.003	0.558	0.033	0.012	0.243
happy	0.074	0.000	0.002	0.589	0.030	0.032	0.273
happy	0.124	0.000	0.003	0.411	0.048	0.016	0.399
happy	0.109	0.000	0.002	0.530	0.035	0.020	0.303
happy	0.099	0.000	0.003	0.491	0.045	0.018	0.343
happy	0.139	0.000	0.004	0.522	0.036	0.011	0.288
happy	0.064	0.000	0.004	0.455	0.038	0.019	0.420
happy	0.044	0.000	0.001	0.821	0.004	0.011	0.119
neutral	0.121	0.000	0.003	0.372	0.039	0.014	0.451
happy	0.061	0.000	0.001	0.673	0.011	0.013	0.242
happy	0.065	0.000	0.002	0.514	0.023	0.017	0.379
happy	0.067	0.000	0.002	0.683	0.014	0.020	0.213
happy	0.075	0.000	0.002	0.580	0.031	0.013	0.298
happy	0.150	0.000	0.004	0.480	0.043	0.016	0.307
happy	0.125	0.000	0.002	0.550	0.026	0.017	0.280
neutral	0.151	0.000	0.003	0.356	0.051	0.018	0.420
happy	0.178	0.000	0.003	0.422	0.046	0.031	0.320
happy	0.143	0.000	0.002	0.539	0.041	0.019	0.255
neutral	0.188	0.000	0.002	0.376	0.039	0.014	0.381
happy	0.135	0.000	0.003	0.549	0.035	0.012	0.265
happy	0.108	0.000	0.002	0.493	0.028	0.009	0.360
happy	0.164	0.000	0.002	0.482	0.031	0.011	0.309
happy	0.167	0.000	0.003	0.529	0.044	0.020	0.236
happy	0.095	0.000	0.002	0.527	0.026	0.021	0.329
happy	0.189	0.000	0.003	0.506	0.031	0.011	0.260
happy	0.079	0.000	0.002	0.566	0.023	0.026	0.304
happy	0.143	0.000	0.003	0.557	0.025	0.019	0.253
happy	0.071	0.000	0.002	0.700	0.010	0.024	0.194
happy	0.099	0.000	0.002	0.581	0.021	0.034	0.263
happy	0.076	0.000	0.002	0.640	0.015	0.023	0.244
happy	0.079	0.000	0.002	0.578	0.019	0.023	0.298
happy	0.124	0.000	0.002	0.499	0.023	0.020	0.332
neutral	0.122	0.000	0.003	0.370	0.035	0.017	0.454
neutral	0.203	0.000	0.005	0.342	0.050	0.014	0.385
happy	0.100	0.000	0.003	0.466	0.023	0.011	0.397
happy	0.111	0.000	0.002	0.664	0.009	0.010	0.204
happy	0.223	0.000	0.004	0.449	0.046	0.017	0.262
happy	0.158	0.000	0.004	0.472	0.032	0.011	0.323
happy	0.135	0.000	0.003	0.594	0.031	0.015	0.223
happy	0.203	0.000	0.005	0.416	0.051	0.012	0.314
happy	0.124	0.000	0.002	0.514	0.024	0.035	0.300
happy	0.106	0.000	0.002	0.645	0.026	0.008	0.212
happy	0.131	0.000	0.002	0.535	0.035	0.010	0.286
happy	0.150	0.000	0.003	0.548	0.035	0.013	0.252
happy	0.172	0.000	0.004	0.532	0.036	0.019	0.236
happy	0.141	0.000	0.003	0.555	0.034	0.011	0.256
happy	0.137	0.000	0.004	0.586	0.030	0.008	0.235
happy	0.155	0.000	0.002	0.528	0.030	0.022	0.263
happy	0.130	0.000	0.003	0.560	0.031	0.019	0.257
happy	0.118	0.000	0.002	0.542	0.020	0.012	0.306
happy	0.107	0.000	0.002	0.475	0.019	0.014	0.383
happy	0.126	0.000	0.003	0.528	0.039	0.029	0.276
happy	0.154	0.000	0.002	0.461	0.036	0.008	0.338
happy	0.119	0.000	0.002	0.466	0.035	0.006	0.372
happy	0.137	0.000	0.004	0.431	0.044	0.009	0.375
happy	0.101	0.000	0.002	0.660	0.016	0.011	0.210
happy	0.095	0.000	0.002	0.593	0.022	0.010	0.277
happy	0.052	0.000	0.002	0.665	0.019	0.009	0.253
happy	0.065	0.000	0.003	0.638	0.018	0.012	0.264
happy	0.050	0.000	0.003	0.645	0.017	0.017	0.268
happy	0.078	0.000	0.002	0.704	0.014	0.009	0.193
happy	0.105	0.000	0.002	0.633	0.014	0.010	0.237
happy	0.041	0.000	0.003	0.720	0.015	0.008	0.213
happy	0.080	0.000	0.002	0.724	0.024	0.009	0.160
happy	0.074	0.000	0.002	0.675	0.015	0.008	0.226
happy	0.093	0.000	0.002	0.666	0.010	0.013	0.216
happy	0.067	0.000	0.001	0.704	0.014	0.010	0.203
happy	0.096	0.000	0.002	0.614	0.017	0.009	0.262
happy	0.087	0.000	0.002	0.596	0.025	0.006	0.284
happy	0.068	0.000	0.003	0.711	0.013	0.010	0.195
happy	0.094	0.000	0.003	0.641	0.032	0.022	0.208
happy	0.166	0.000	0.005	0.483	0.031	0.012	0.303
happy	0.103	0.000	0.002	0.682	0.018	0.013	0.182
happy	0.072	0.000	0.003	0.622	0.023	0.017	0.264
happy	0.049	0.000	0.002	0.755	0.010	0.010	0.173
happy	0.070	0.000	0.001	0.826	0.004	0.008	0.090
happy	0.083	0.000	0.003	0.595	0.015	0.006	0.297
happy	0.061	0.000	0.002	0.729	0.013	0.013	0.182
happy	0.048	0.000	0.003	0.730	0.015	0.017	0.187
happy	0.055	0.000	0.001	0.880	0.003	0.008	0.054
happy	0.053	0.000	0.002	0.814	0.007	0.007	0.117
happy	0.081	0.000	0.004	0.724	0.014	0.013	0.165
happy	0.052	0.000	0.001	0.820	0.008	0.009	0.110
happy	0.057	0.000	0.001	0.821	0.006	0.007	0.107
happy	0.079	0.000	0.004	0.710	0.012	0.015	0.180
happy	0.190	0.000	0.005	0.515	0.021	0.010	0.258
happy	0.114	0.000	0.003	0.671	0.014	0.014	0.183
happy	0.071	0.000	0.001	0.827	0.005	0.007	0.089
happy	0.090	0.000	0.002	0.733	0.013	0.006	0.156
happy	0.134	0.000	0.003	0.603	0.016	0.014	0.230
happy	0.174	0.000	0.004	0.460	0.035	0.010	0.318
happy	0.061	0.000	0.001	0.759	0.008	0.009	0.162
happy	0.121	0.000	0.002	0.657	0.023	0.011	0.185
happy	0.109	0.000	0.004	0.659	0.014	0.013	0.201
happy	0.040	0.000	0.001	0.809	0.008	0.014	0.127
happy	0.081	0.000	0.002	0.696	0.010	0.008	0.203
happy	0.098	0.000	0.003	0.608	0.024	0.009	0.258
happy	0.040	0.000	0.001	0.845	0.003	0.004	0.107
happy	0.082	0.000	0.002	0.636	0.012	0.008	0.259
happy	0.041	0.000	0.001	0.823	0.005	0.009	0.121
happy	0.101	0.000	0.002	0.580	0.016	0.008	0.292
happy	0.023	0.000	0.001	0.817	0.007	0.013	0.139
happy	0.068	0.000	0.002	0.575	0.011	0.005	0.339
happy	0.067	0.000	0.002	0.586	0.014	0.007	0.324
happy	0.054	0.000	0.001	0.809	0.007	0.014	0.115
happy	0.093	0.000	0.002	0.682	0.019	0.010	0.194
happy	0.052	0.000	0.001	0.716	0.006	0.006	0.219
happy	0.097	0.000	0.002	0.735	0.007	0.006	0.152
happy	0.057	0.000	0.001	0.656	0.009	0.007	0.270
happy	0.101	0.000	0.002	0.586	0.019	0.011	0.281
happy	0.081	0.000	0.002	0.710	0.016	0.014	0.176
happy	0.079	0.000	0.001	0.655	0.012	0.015	0.238
happy	0.097	0.000	0.002	0.607	0.021	0.013	0.260
happy	0.062	0.000	0.001	0.745	0.009	0.012	0.171
happy	0.061	0.000	0.001	0.766	0.008	0.013	0.151
happy	0.092	0.000	0.003	0.437	0.024	0.013	0.430
neutral	0.169	0.000	0.004	0.367	0.037	0.008	0.414
neutral	0.142	0.000	0.005	0.307	0.045	0.009	0.492
happy	0.158	0.000	0.004	0.519	0.045	0.011	0.264
neutral	0.113	0.000	0.004	0.379	0.038	0.006	0.459
neutral	0.079	0.000	0.005	0.425	0.035	0.006	0.451
happy	0.117	0.000	0.003	0.468	0.048	0.009	0.355
happy	0.082	0.000	0.002	0.576	0.027	0.005	0.309
happy	0.064	0.000	0.002	0.526	0.025	0.006	0.377
happy	0.079	0.000	0.001	0.744	0.005	0.026	0.145
happy	0.057	0.000	0.001	0.724	0.011	0.009	0.199
happy	0.089	0.000	0.002	0.641	0.018	0.008	0.242
happy	0.108	0.000	0.002	0.653	0.014	0.013	0.210
happy	0.081	0.000	0.003	0.561	0.016	0.006	0.335
happy	0.119	0.000	0.002	0.591	0.018	0.012	0.258
happy	0.184	0.000	0.003	0.418	0.035	0.006	0.354
happy	0.040	0.000	0.001	0.748	0.008	0.013	0.190
happy	0.119	0.000	0.003	0.513	0.017	0.008	0.341
happy	0.083	0.000	0.002	0.698	0.014	0.018	0.185
happy	0.103	0.000	0.002	0.475	0.032	0.010	0.378
happy	0.084	0.000	0.002	0.651	0.025	0.007	0.230
happy	0.096	0.000	0.002	0.541	0.029	0.009	0.323
happy	0.043	0.000	0.001	0.758	0.011	0.013	0.173
happy	0.043	0.000	0.001	0.834	0.007	0.008	0.107
happy	0.046	0.000	0.001	0.773	0.007	0.008	0.165
happy	0.042	0.000	0.001	0.733	0.012	0.011	0.201
happy	0.040	0.000	0.001	0.838	0.006	0.011	0.104
happy	0.074	0.000	0.002	0.705	0.013	0.010	0.196
happy	0.025	0.000	0.001	0.847	0.007	0.010	0.110
happy	0.052	0.000	0.002	0.742	0.007	0.006	0.191
happy	0.120	0.000	0.002	0.575	0.018	0.007	0.277
happy	0.110	0.000	0.002	0.655	0.010	0.006	0.217
happy	0.019	0.000	0.001	0.829	0.005	0.009	0.138
happy	0.044	0.000	0.002	0.816	0.010	0.015	0.113
happy	0.037	0.000	0.001	0.835	0.006	0.012	0.108
happy	0.042	0.000	0.001	0.775	0.005	0.014	0.162
happy	0.045	0.000	0.001	0.755	0.011	0.010	0.177
happy	0.101	0.000	0.002	0.647	0.023	0.015	0.211
happy	0.088	0.000	0.002	0.589	0.017	0.005	0.298
happy	0.100	0.000	0.002	0.650	0.014	0.008	0.225
happy	0.029	0.000	0.001	0.839	0.006	0.009	0.115
happy	0.089	0.000	0.003	0.579	0.024	0.007	0.298
happy	0.063	0.000	0.002	0.647	0.012	0.005	0.272
happy	0.089	0.000	0.002	0.654	0.017	0.010	0.228
happy	0.170	0.000	0.003	0.523	0.024	0.010	0.269
happy	0.084	0.000	0.001	0.673	0.016	0.001	0.225
neutral	0.046	0.000	0.001	0.387	0.045	0.001	0.520
neutral	0.074	0.000	0.003	0.144	0.066	0.002	0.712
neutral	0.096	0.000	0.006	0.021	0.072	0.002	0.802
neutral	0.064	0.000	0.006	0.012	0.074	0.003	0.842
neutral	0.059	0.001	0.009	0.008	0.150	0.002	0.772
neutral	0.089	0.000	0.013	0.008	0.111	0.003	0.775
neutral	0.053	0.000	0.012	0.021	0.127	0.005	0.782
neutral	0.058	0.000	0.011	0.011	0.136	0.004	0.781
neutral	0.073	0.000	0.010	0.007	0.102	0.003	0.804
neutral	0.106	0.000	0.022	0.005	0.120	0.002	0.744
neutral	0.079	0.001	0.014	0.006	0.127	0.001	0.771
neutral	0.173	0.001	0.019	0.014	0.117	0.001	0.675
neutral	0.103	0.001	0.010	0.033	0.151	0.001	0.701
neutral	0.080	0.000	0.007	0.015	0.108	0.003	0.786
neutral	0.123	0.000	0.006	0.050	0.093	0.006	0.722
neutral	0.140	0.000	0.006	0.063	0.089	0.007	0.694
neutral	0.070	0.000	0.002	0.040	0.046	0.006	0.836
neutral	0.103	0.000	0.003	0.056	0.035	0.006	0.797
neutral	0.165	0.000	0.004	0.096	0.039	0.013	0.683
neutral	0.081	0.000	0.002	0.155	0.045	0.005	0.712
neutral	0.115	0.000	0.003	0.175	0.040	0.009	0.657
neutral	0.152	0.000	0.003	0.228	0.043	0.007	0.567
neutral	0.141	0.000	0.003	0.208	0.043	0.009	0.595
neutral	0.109	0.000	0.002	0.187	0.029	0.009	0.664
neutral	0.128	0.000	0.002	0.364	0.023	0.002	0.480
neutral	0.129	0.000	0.002	0.348	0.021	0.002	0.497
neutral	0.117	0.000	0.002	0.411	0.020	0.003	0.446
neutral	0.113	0.001	0.003	0.319	0.027	0.004	0.534
neutral	0.155	0.001	0.003	0.208	0.023	0.007	0.603
neutral	0.094	0.000	0.002	0.298	0.026	0.007	0.573
happy	0.079	0.000	0.002	0.505	0.017	0.003	0.394
neutral	0.095	0.000	0.002	0.295	0.026	0.002	0.579
neutral	0.105	0.000	0.002	0.287	0.024	0.002	0.579
neutral	0.086	0.000	0.001	0.205	0.028	0.004	0.674
neutral	0.116	0.001	0.003	0.198	0.038	0.006	0.638
neutral	0.148	0.000	0.003	0.179	0.039	0.003	0.628
neutral	0.116	0.000	0.003	0.219	0.035	0.005	0.622
neutral	0.143	0.000	0.003	0.123	0.043	0.002	0.685
neutral	0.075	0.000	0.001	0.150	0.028	0.002	0.744
neutral	0.068	0.000	0.002	0.166	0.025	0.003	0.737
neutral	0.078	0.000	0.002	0.165	0.048	0.002	0.705
neutral	0.074	0.000	0.003	0.177	0.033	0.003	0.709
neutral	0.099	0.001	0.002	0.161	0.029	0.004	0.705
neutral	0.054	0.000	0.003	0.193	0.032	0.002	0.715
neutral	0.062	0.000	0.003	0.202	0.024	0.004	0.704
neutral	0.066	0.000	0.004	0.147	0.042	0.002	0.740
neutral	0.056	0.001	0.003	0.131	0.033	0.003	0.774
neutral	0.072	0.000	0.004	0.095	0.048	0.001	0.779
neutral	0.068	0.000	0.003	0.109	0.042	0.001	0.776
neutral	0.052	0.001	0.003	0.157	0.029	0.002	0.757
neutral	0.063	0.001	0.003	0.151	0.032	0.003	0.746
neutral	0.056	0.001	0.002	0.201	0.032	0.002	0.706
neutral	0.044	0.000	0.002	0.113	0.035	0.001	0.804
neutral	0.051	0.000	0.003	0.165	0.044	0.001	0.736
neutral	0.046	0.000	0.001	0.126	0.029	0.001	0.797
neutral	0.060	0.000	0.001	0.154	0.018	0.002	0.764
neutral	0.055	0.000	0.001	0.121	0.031	0.001	0.791
neutral	0.064	0.000	0.004	0.117	0.041	0.002	0.772
neutral	0.059	0.000	0.004	0.121	0.035	0.002	0.779
neutral	0.076	0.000	0.004	0.095	0.055	0.002	0.769
neutral	0.062	0.000	0.002	0.248	0.025	0.003	0.660
neutral	0.042	0.000	0.001	0.237	0.013	0.001	0.704
neutral	0.051	0.000	0.001	0.237	0.016	0.001	0.693
neutral	0.042	0.000	0.001	0.324	0.015	0.003	0.614
neutral	0.095	0.000	0.002	0.277	0.022	0.004	0.600
neutral	0.090	0.000	0.001	0.296	0.027	0.003	0.582
neutral	0.078	0.000	0.002	0.275	0.021	0.005	0.619
neutral	0.052	0.000	0.002	0.266	0.017	0.003	0.661
neutral	0.052	0.000	0.002	0.298	0.020	0.005	0.622
neutral	0.076	0.000	0.003	0.260	0.027	0.005	0.628
neutral	0.055	0.000	0.004	0.154	0.037	0.002	0.748
neutral	0.060	0.000	0.002	0.175	0.026	0.005	0.732
neutral	0.068	0.000	0.004	0.155	0.035	0.005	0.732
neutral	0.053	0.000	0.003	0.136	0.039	0.003	0.767
neutral	0.052	0.000	0.001	0.194	0.020	0.003	0.730
neutral	0.050	0.000	0.003	0.131	0.039	0.002	0.776
neutral	0.047	0.000	0.003	0.192	0.030	0.002	0.725
neutral	0.050	0.000	0.004	0.109	0.039	0.002	0.796
neutral	0.066	0.000	0.004	0.111	0.041	0.002	0.775
neutral	0.047	0.000	0.003	0.166	0.025	0.002	0.756
neutral	0.048	0.000	0.002	0.249	0.017	0.002	0.681
neutral	0.042	0.000	0.002	0.263	0.017	0.002	0.674
neutral	0.080	0.000	0.002	0.340	0.025	0.005	0.548
neutral	0.056	0.000	0.003	0.231	0.021	0.002	0.687
neutral	0.051	0.000	0.002	0.268	0.015	0.003	0.661
neutral	0.054	0.000	0.003	0.356	0.020	0.004	0.563
neutral	0.062	0.000	0.003	0.317	0.023	0.004	0.591
neutral	0.067	0.000	0.002	0.346	0.020	0.005	0.560
neutral	0.076	0.000	0.004	0.321	0.018	0.006	0.575
neutral	0.075	0.001	0.003	0.370	0.019	0.006	0.527
neutral	0.051	0.000	0.003	0.158	0.032	0.003	0.753
neutral	0.052	0.000	0.002	0.164	0.027	0.001	0.753
neutral	0.055	0.000	0.005	0.191	0.039	0.004	0.706
neutral	0.049	0.000	0.004	0.144	0.036	0.003	0.763
neutral	0.061	0.000	0.004	0.299	0.028	0.004	0.604
neutral	0.055	0.000	0.003	0.150	0.029	0.003	0.760
neutral	0.071	0.000	0.003	0.126	0.030	0.003	0.768
neutral	0.085	0.000	0.003	0.127	0.035	0.003	0.747
neutral	0.051	0.000	0.002	0.271	0.022	0.003	0.650
neutral	0.050	0.000	0.003	0.147	0.036	0.002	0.761
neutral	0.084	0.000	0.004	0.160	0.035	0.005	0.712
neutral	0.069	0.000	0.003	0.347	0.020	0.005	0.556
neutral	0.050	0.000	0.003	0.325	0.022	0.003	0.597
neutral	0.047	0.000	0.003	0.131	0.033	0.002	0.785
neutral	0.059	0.000	0.003	0.168	0.032	0.003	0.735
neutral	0.048	0.000	0.003	0.225	0.023	0.002	0.697
neutral	0.079	0.000	0.003	0.348	0.033	0.004	0.534
neutral	0.082	0.000	0.002	0.390	0.023	0.005	0.497
neutral	0.042	0.000	0.002	0.293	0.017	0.005	0.641
neutral	0.063	0.000	0.003	0.299	0.020	0.004	0.612
neutral	0.065	0.000	0.003	0.282	0.022	0.006	0.622
neutral	0.068	0.000	0.006	0.214	0.041	0.006	0.666
neutral	0.057	0.000	0.005	0.189	0.041	0.004	0.704
neutral	0.049	0.000	0.003	0.191	0.031	0.006	0.719
neutral	0.066	0.000	0.004	0.182	0.039	0.007	0.702
neutral	0.045	0.000	0.001	0.149	0.019	0.002	0.785
neutral	0.066	0.000	0.001	0.128	0.022	0.002	0.782
neutral	0.057	0.000	0.001	0.097	0.025	0.001	0.819
neutral	0.043	0.000	0.003	0.225	0.021	0.003	0.705
neutral	0.036	0.000	0.004	0.215	0.030	0.006	0.709
neutral	0.041	0.000	0.004	0.168	0.036	0.003	0.748
neutral	0.075	0.000	0.004	0.152	0.036	0.004	0.729
neutral	0.077	0.000	0.002	0.125	0.030	0.003	0.762
neutral	0.069	0.000	0.002	0.139	0.026	0.004	0.760
neutral	0.049	0.000	0.003	0.247	0.023	0.004	0.674
neutral	0.036	0.000	0.003	0.290	0.024	0.004	0.643
neutral	0.037	0.000	0.001	0.158	0.021	0.002	0.781
neutral	0.068	0.001	0.003	0.400	0.025	0.006	0.496
neutral	0.062	0.000	0.003	0.170	0.031	0.004	0.730
neutral	0.059	0.000	0.003	0.248	0.028	0.004	0.657
neutral	0.045	0.000	0.002	0.377	0.019	0.003	0.553
neutral	0.060	0.000	0.002	0.415	0.021	0.004	0.498
neutral	0.052	0.000	0.004	0.245	0.029	0.005	0.665
neutral	0.046	0.000	0.003	0.304	0.022	0.004	0.620
neutral	0.048	0.000	0.003	0.279	0.026	0.004	0.639
neutral	0.069	0.000	0.003	0.208	0.033	0.008	0.679
neutral	0.041	0.000	0.003	0.104	0.037	0.002	0.813
neutral	0.049	0.000	0.001	0.199	0.017	0.004	0.730
neutral	0.047	0.000	0.003	0.216	0.038	0.004	0.692
neutral	0.051	0.000	0.002	0.172	0.023	0.003	0.749
neutral	0.046	0.000	0.002	0.174	0.024	0.002	0.752
neutral	0.046	0.000	0.002	0.165	0.019	0.003	0.765
neutral	0.080	0.000	0.002	0.175	0.028	0.004	0.711
neutral	0.076	0.000	0.005	0.280	0.036	0.005	0.599
neutral	0.034	0.000	0.001	0.209	0.018	0.003	0.735
neutral	0.057	0.000	0.002	0.202	0.020	0.003	0.715
neutral	0.058	0.000	0.001	0.206	0.021	0.003	0.711
neutral	0.036	0.000	0.002	0.445	0.014	0.003	0.500
neutral	0.047	0.000	0.005	0.364	0.020	0.009	0.555
neutral	0.051	0.000	0.005	0.338	0.026	0.008	0.572
neutral	0.064	0.000	0.006	0.279	0.030	0.008	0.613
neutral	0.062	0.000	0.005	0.299	0.030	0.005	0.598
neutral	0.040	0.000	0.002	0.158	0.017	0.003	0.779
neutral	0.041	0.000	0.003	0.244	0.027	0.004	0.681
neutral	0.041	0.000	0.002	0.185	0.027	0.003	0.741
neutral	0.036	0.000	0.001	0.248	0.017	0.003	0.695
neutral	0.046	0.000	0.004	0.242	0.029	0.005	0.674
neutral	0.053	0.000	0.003	0.245	0.031	0.005	0.661
neutral	0.048	0.000	0.003	0.380	0.021	0.006	0.542
neutral	0.046	0.000	0.003	0.225	0.029	0.004	0.693
neutral	0.063	0.000	0.003	0.426	0.022	0.003	0.483
neutral	0.042	0.000	0.003	0.367	0.021	0.005	0.562
neutral	0.048	0.000	0.003	0.437	0.018	0.005	0.489
neutral	0.063	0.000	0.005	0.194	0.052	0.006	0.678
neutral	0.034	0.000	0.001	0.219	0.021	0.003	0.723
neutral	0.113	0.000	0.006	0.138	0.046	0.005	0.692
neutral	0.036	0.000	0.002	0.433	0.017	0.004	0.509
neutral	0.052	0.000	0.004	0.144	0.037	0.006	0.757
neutral	0.049	0.000	0.006	0.349	0.031	0.009	0.556
neutral	0.040	0.000	0.003	0.327	0.028	0.003	0.599
neutral	0.050	0.000	0.003	0.274	0.029	0.004	0.640
neutral	0.042	0.000	0.001	0.185	0.016	0.002	0.753
neutral	0.051	0.000	0.003	0.185	0.034	0.005	0.722
neutral	0.052	0.000	0.003	0.245	0.033	0.006	0.661
neutral	0.063	0.001	0.006	0.327	0.047	0.010	0.546
neutral	0.038	0.000	0.002	0.264	0.019	0.005	0.672
neutral	0.053	0.000	0.003	0.227	0.020	0.004	0.693
neutral	0.050	0.000	0.002	0.264	0.022	0.004	0.658
neutral	0.066	0.000	0.003	0.218	0.038	0.006	0.669
neutral	0.037	0.000	0.004	0.205	0.031	0.007	0.717
neutral	0.038	0.000	0.003	0.406	0.026	0.013	0.514
neutral	0.046	0.000	0.001	0.208	0.023	0.001	0.720
neutral	0.047	0.000	0.003	0.255	0.039	0.006	0.649
neutral	0.045	0.000	0.003	0.213	0.033	0.005	0.701
neutral	0.045	0.000	0.003	0.237	0.034	0.004	0.678
neutral	0.034	0.000	0.001	0.213	0.026	0.003	0.723
neutral	0.042	0.000	0.001	0.222	0.017	0.001	0.717
neutral	0.029	0.000	0.001	0.301	0.015	0.002	0.652
neutral	0.060	0.000	0.002	0.300	0.036	0.004	0.598
neutral	0.057	0.000	0.003	0.263	0.031	0.008	0.637
neutral	0.052	0.000	0.004	0.305	0.041	0.006	0.591
neutral	0.075	0.000	0.005	0.240	0.096	0.007	0.577
neutral	0.068	0.001	0.005	0.308	0.053	0.008	0.557
neutral	0.096	0.001	0.007	0.279	0.084	0.007	0.526
neutral	0.049	0.000	0.002	0.170	0.036	0.002	0.741
neutral	0.043	0.000	0.001	0.148	0.030	0.001	0.776
neutral	0.066	0.000	0.004	0.273	0.059	0.008	0.590
neutral	0.056	0.000	0.005	0.235	0.045	0.005	0.654
neutral	0.039	0.000	0.001	0.218	0.019	0.002	0.721
neutral	0.050	0.000	0.004	0.253	0.035	0.007	0.651
neutral	0.072	0.000	0.002	0.281	0.031	0.004	0.610
neutral	0.058	0.000	0.006	0.316	0.041	0.008	0.570
neutral	0.048	0.000	0.003	0.370	0.027	0.008	0.543
neutral	0.040	0.000	0.001	0.333	0.017	0.002	0.608
neutral	0.047	0.000	0.003	0.332	0.031	0.009	0.580
neutral	0.059	0.000	0.006	0.382	0.055	0.010	0.488
neutral	0.043	0.000	0.001	0.265	0.025	0.003	0.662
neutral	0.046	0.000	0.004	0.414	0.047	0.008	0.481
neutral	0.048	0.000	0.001	0.283	0.023	0.002	0.642
neutral	0.045	0.000	0.002	0.179	0.035	0.005	0.733
neutral	0.043	0.000	0.004	0.325	0.040	0.007	0.580
neutral	0.051	0.000	0.001	0.447	0.026	0.005	0.471
neutral	0.062	0.000	0.006	0.343	0.058	0.006	0.524
neutral	0.042	0.000	0.001	0.153	0.028	0.001	0.776
neutral	0.063	0.000	0.004	0.166	0.043	0.003	0.720
