prediction	angry	disgust	fear	happy	sad	surprise	neutral
sad	0.081	0.001	0.021	0.002	0.540	0.002	0.352
sad	0.070	0.001	0.027	0.001	0.715	0.001	0.186
sad	0.087	0.001	0.049	0.001	0.746	0.002	0.114
sad	0.081	0.001	0.033	0.002	0.704	0.002	0.178
sad	0.044	0.001	0.053	0.000	0.872	0.000	0.030
sad	0.066	0.000	0.030	0.000	0.876	0.000	0.028
sad	0.062	0.000	0.046	0.000	0.813	0.001	0.077
sad	0.076	0.001	0.036	0.001	0.789	0.001	0.096
sad	0.068	0.001	0.026	0.002	0.690	0.002	0.212
sad	0.067	0.000	0.025	0.004	0.585	0.002	0.317
sad	0.086	0.002	0.031	0.000	0.846	0.000	0.035
sad	0.127	0.001	0.040	0.001	0.598	0.002	0.230
neutral	0.260	0.001	0.013	0.004	0.295	0.001	0.425
neutral	0.321	0.001	0.014	0.003	0.316	0.001	0.343
neutral	0.255	0.001	0.008	0.007	0.333	0.001	0.396
neutral	0.314	0.001	0.011	0.003	0.267	0.001	0.404
angry	0.495	0.000	0.017	0.001	0.369	0.001	0.118
angry	0.481	0.000	0.018	0.001	0.387	0.001	0.112
angry	0.433	0.001	0.013	0.002	0.330	0.001	0.220
angry	0.358	0.001	0.016	0.003	0.345	0.002	0.276
angry	0.412	0.001	0.023	0.001	0.404	0.001	0.158
sad	0.309	0.001	0.018	0.002	0.425	0.001	0.244
sad	0.405	0.001	0.026	0.001	0.406	0.001	0.160
sad	0.281	0.002	0.013	0.004	0.399	0.001	0.300
sad	0.309	0.001	0.019	0.003	0.429	0.001	0.239
angry	0.437	0.001	0.027	0.001	0.417	0.002	0.117
angry	0.393	0.001	0.021	0.001	0.377	0.001	0.204
sad	0.415	0.000	0.021	0.001	0.446	0.001	0.117
sad	0.420	0.001	0.019	0.001	0.498	0.001	0.061
sad	0.243	0.000	0.012	0.003	0.528	0.001	0.213
sad	0.353	0.000	0.022	0.001	0.459	0.001	0.163
sad	0.352	0.000	0.019	0.002	0.468	0.001	0.158
angry	0.448	0.001	0.018	0.002	0.347	0.002	0.183
sad	0.048	0.000	0.064	0.000	0.873	0.000	0.014
sad	0.177	0.001	0.048	0.000	0.723	0.000	0.050
sad	0.331	0.002	0.031	0.001	0.442	0.002	0.191
sad	0.269	0.001	0.027	0.002	0.469	0.001	0.230
sad	0.142	0.001	0.030	0.001	0.757	0.003	0.068
sad	0.217	0.001	0.025	0.001	0.675	0.003	0.078
sad	0.210	0.001	0.042	0.001	0.594	0.004	0.147
sad	0.268	0.001	0.030	0.001	0.610	0.003	0.086
sad	0.271	0.001	0.040	0.001	0.478	0.002	0.207
sad	0.298	0.001	0.020	0.001	0.439	0.001	0.240
neutral	0.217	0.000	0.011	0.005	0.272	0.001	0.495
sad	0.292	0.000	0.018	0.001	0.534	0.002	0.152
sad	0.424	0.001	0.020	0.001	0.457	0.002	0.095
sad	0.332	0.000	0.014	0.003	0.369	0.002	0.280
sad	0.312	0.000	0.014	0.002	0.427	0.002	0.243
sad	0.279	0.005	0.025	0.000	0.643	0.001	0.048
sad	0.047	0.000	0.028	0.001	0.795	0.001	0.128
sad	0.083	0.000	0.040	0.000	0.770	0.001	0.106
sad	0.138	0.003	0.028	0.001	0.667	0.001	0.161
sad	0.147	0.001	0.025	0.002	0.472	0.003	0.350
sad	0.142	0.003	0.028	0.001	0.752	0.001	0.073
sad	0.212	0.000	0.020	0.001	0.463	0.001	0.302
sad	0.152	0.001	0.020	0.001	0.629	0.001	0.196
sad	0.102	0.001	0.027	0.001	0.722	0.002	0.146
sad	0.060	0.001	0.030	0.000	0.860	0.000	0.048
sad	0.120	0.001	0.023	0.001	0.763	0.001	0.091
sad	0.192	0.001	0.010	0.004	0.541	0.002	0.250
sad	0.161	0.000	0.010	0.002	0.415	0.002	0.410
neutral	0.294	0.000	0.008	0.002	0.209	0.001	0.486
sad	0.176	0.000	0.013	0.003	0.462	0.002	0.344
neutral	0.253	0.001	0.014	0.003	0.299	0.001	0.428
sad	0.229	0.001	0.014	0.002	0.432	0.001	0.321
sad	0.173	0.001	0.015	0.003	0.418	0.001	0.389
sad	0.177	0.001	0.016	0.004	0.443	0.001	0.357
neutral	0.138	0.000	0.006	0.005	0.123	0.001	0.726
neutral	0.113	0.000	0.006	0.004	0.165	0.001	0.711
neutral	0.133	0.001	0.012	0.003	0.280	0.002	0.569
neutral	0.159	0.001	0.012	0.004	0.305	0.002	0.516
sad	0.232	0.003	0.016	0.003	0.395	0.002	0.348
neutral	0.062	0.000	0.007	0.004	0.182	0.002	0.743
neutral	0.068	0.000	0.007	0.004	0.185	0.002	0.734
sad	0.026	0.000	0.034	0.001	0.810	0.001	0.127
sad	0.087	0.003	0.034	0.005	0.543	0.001	0.327
neutral	0.140	0.002	0.021	0.006	0.412	0.001	0.419
neutral	0.125	0.001	0.010	0.003	0.261	0.001	0.598
sad	0.101	0.002	0.018	0.002	0.481	0.001	0.394
sad	0.070	0.002	0.029	0.002	0.747	0.001	0.149
sad	0.101	0.001	0.020	0.003	0.446	0.002	0.428
neutral	0.114	0.001	0.018	0.003	0.354	0.002	0.508
neutral	0.095	0.000	0.012	0.005	0.304	0.002	0.582
neutral	0.106	0.000	0.012	0.005	0.282	0.002	0.593
sad	0.217	0.003	0.018	0.003	0.539	0.002	0.219
sad	0.128	0.002	0.021	0.002	0.708	0.001	0.138
sad	0.326	0.004	0.032	0.001	0.479	0.001	0.157
sad	0.063	0.000	0.032	0.000	0.857	0.000	0.047
sad	0.086	0.003	0.029	0.001	0.778	0.000	0.103
neutral	0.084	0.000	0.008	0.004	0.284	0.001	0.619
sad	0.034	0.001	0.035	0.000	0.888	0.000	0.042
sad	0.052	0.001	0.055	0.000	0.850	0.001	0.041
sad	0.103	0.002	0.025	0.002	0.688	0.000	0.180
sad	0.126	0.000	0.016	0.002	0.493	0.001	0.362
sad	0.165	0.000	0.025	0.001	0.510	0.001	0.298
angry	0.439	0.010	0.126	0.007	0.355	0.039	0.023
sad	0.107	0.000	0.015	0.001	0.443	0.002	0.432
sad	0.281	0.004	0.098	0.005	0.567	0.026	0.020
sad	0.219	0.006	0.113	0.002	0.626	0.013	0.022
neutral	0.175	0.001	0.012	0.004	0.396	0.001	0.412
sad	0.125	0.001	0.018	0.001	0.445	0.001	0.409
sad	0.259	0.002	0.181	0.013	0.448	0.024	0.072
sad	0.123	0.000	0.017	0.003	0.550	0.001	0.305
sad	0.201	0.003	0.205	0.010	0.521	0.021	0.040
neutral	0.127	0.001	0.011	0.004	0.333	0.001	0.524
sad	0.141	0.002	0.205	0.014	0.574	0.019	0.046
sad	0.099	0.001	0.019	0.002	0.482	0.000	0.397
sad	0.230	0.003	0.269	0.010	0.435	0.027	0.025
sad	0.118	0.000	0.018	0.003	0.433	0.001	0.427
sad	0.301	0.002	0.259	0.008	0.391	0.018	0.020
sad	0.204	0.009	0.054	0.005	0.701	0.023	0.004
sad	0.028	0.000	0.038	0.000	0.759	0.000	0.175
angry	0.448	0.001	0.103	0.013	0.366	0.017	0.052
sad	0.149	0.011	0.061	0.002	0.728	0.033	0.014
sad	0.088	0.003	0.018	0.002	0.766	0.001	0.123
sad	0.050	0.007	0.017	0.000	0.818	0.001	0.106
sad	0.289	0.046	0.078	0.006	0.507	0.047	0.027
sad	0.173	0.019	0.016	0.001	0.700	0.001	0.089
sad	0.255	0.036	0.066	0.003	0.601	0.020	0.017
sad	0.280	0.000	0.087	0.215	0.331	0.004	0.083
sad	0.047	0.003	0.028	0.000	0.792	0.002	0.127
sad	0.051	0.003	0.031	0.001	0.752	0.001	0.160
sad	0.104	0.039	0.014	0.001	0.779	0.001	0.063
sad	0.064	0.031	0.019	0.001	0.846	0.001	0.038
sad	0.084	0.017	0.026	0.002	0.770	0.004	0.097
sad	0.184	0.083	0.093	0.004	0.572	0.046	0.019
sad	0.071	0.028	0.020	0.002	0.796	0.002	0.081
sad	0.081	0.033	0.019	0.001	0.787	0.001	0.078
sad	0.293	0.032	0.119	0.002	0.516	0.024	0.013
sad	0.094	0.029	0.012	0.001	0.822	0.001	0.042
sad	0.188	0.054	0.113	0.003	0.581	0.047	0.014
sad	0.029	0.002	0.016	0.000	0.901	0.000	0.052
sad	0.035	0.003	0.028	0.000	0.882	0.001	0.051
sad	0.216	0.030	0.089	0.004	0.606	0.040	0.014
sad	0.059	0.002	0.026	0.000	0.871	0.000	0.042
sad	0.244	0.015	0.086	0.006	0.582	0.057	0.009
sad	0.074	0.010	0.021	0.001	0.836	0.000	0.058
sad	0.246	0.057	0.097	0.003	0.540	0.048	0.009
sad	0.053	0.001	0.022	0.001	0.788	0.001	0.134
sad	0.191	0.056	0.117	0.003	0.571	0.049	0.013
sad	0.077	0.001	0.026	0.001	0.711	0.002	0.183
sad	0.271	0.024	0.078	0.004	0.566	0.047	0.010
sad	0.113	0.013	0.019	0.002	0.769	0.000	0.084
sad	0.231	0.018	0.095	0.004	0.588	0.051	0.012
sad	0.063	0.005	0.024	0.001	0.862	0.000	0.044
sad	0.196	0.037	0.091	0.003	0.617	0.045	0.011
sad	0.098	0.010	0.030	0.001	0.797	0.000	0.064
sad	0.206	0.020	0.104	0.004	0.605	0.047	0.014
sad	0.064	0.010	0.023	0.001	0.852	0.000	0.049
sad	0.200	0.031	0.094	0.005	0.612	0.048	0.011
sad	0.041	0.002	0.028	0.000	0.885	0.001	0.043
sad	0.257	0.021	0.085	0.003	0.595	0.031	0.008
sad	0.052	0.003	0.018	0.001	0.878	0.000	0.048
sad	0.272	0.034	0.084	0.006	0.548	0.042	0.013
sad	0.060	0.005	0.022	0.001	0.847	0.001	0.064
sad	0.176	0.028	0.094	0.003	0.636	0.049	0.014
sad	0.121	0.006	0.016	0.005	0.653	0.001	0.198
sad	0.198	0.053	0.111	0.005	0.564	0.057	0.013
sad	0.066	0.001	0.028	0.001	0.777	0.002	0.126
sad	0.198	0.042	0.111	0.002	0.610	0.026	0.012
sad	0.100	0.009	0.025	0.001	0.814	0.000	0.050
sad	0.186	0.036	0.116	0.004	0.622	0.022	0.015
sad	0.193	0.024	0.022	0.004	0.661	0.000	0.096
sad	0.295	0.016	0.103	0.004	0.528	0.040	0.013
sad	0.120	0.001	0.018	0.002	0.650	0.001	0.208
sad	0.229	0.040	0.104	0.003	0.586	0.025	0.012
sad	0.219	0.002	0.016	0.003	0.484	0.002	0.275
sad	0.231	0.022	0.115	0.004	0.584	0.032	0.012
sad	0.063	0.003	0.032	0.000	0.865	0.001	0.037
sad	0.245	0.028	0.105	0.003	0.577	0.031	0.011
sad	0.062	0.004	0.048	0.000	0.865	0.000	0.022
sad	0.295	0.031	0.088	0.003	0.533	0.040	0.009
sad	0.093	0.007	0.033	0.001	0.815	0.000	0.050
sad	0.237	0.027	0.078	0.004	0.613	0.032	0.009
sad	0.096	0.004	0.029	0.001	0.828	0.000	0.042
sad	0.217	0.022	0.109	0.004	0.605	0.032	0.012
sad	0.032	0.001	0.036	0.000	0.889	0.000	0.041
sad	0.218	0.025	0.088	0.004	0.620	0.032	0.012
sad	0.056	0.003	0.037	0.000	0.874	0.000	0.029
sad	0.232	0.019	0.076	0.009	0.612	0.037	0.014
sad	0.056	0.003	0.030	0.000	0.857	0.000	0.054
sad	0.245	0.035	0.107	0.009	0.545	0.047	0.012
sad	0.057	0.002	0.025	0.001	0.830	0.001	0.083
sad	0.190	0.022	0.101	0.003	0.642	0.032	0.010
sad	0.071	0.001	0.023	0.001	0.724	0.001	0.179
sad	0.227	0.027	0.110	0.008	0.575	0.037	0.016
sad	0.081	0.003	0.026	0.001	0.769	0.001	0.118
sad	0.062	0.001	0.042	0.001	0.762	0.001	0.130
sad	0.203	0.038	0.087	0.005	0.606	0.046	0.015
sad	0.098	0.001	0.033	0.001	0.743	0.002	0.122
sad	0.258	0.020	0.070	0.008	0.562	0.068	0.015
sad	0.085	0.003	0.033	0.001	0.765	0.001	0.111
sad	0.076	0.001	0.045	0.002	0.741	0.003	0.133
sad	0.059	0.001	0.041	0.001	0.761	0.002	0.135
sad	0.076	0.001	0.038	0.001	0.782	0.002	0.099
sad	0.058	0.002	0.045	0.001	0.808	0.001	0.086
sad	0.067	0.004	0.036	0.000	0.842	0.001	0.050
sad	0.053	0.003	0.031	0.001	0.878	0.001	0.033
sad	0.237	0.030	0.109	0.002	0.564	0.043	0.014
sad	0.055	0.002	0.034	0.001	0.868	0.001	0.040
sad	0.246	0.030	0.102	0.005	0.562	0.042	0.014
sad	0.135	0.009	0.022	0.003	0.736	0.001	0.093
sad	0.223	0.039	0.106	0.004	0.579	0.033	0.015
sad	0.090	0.002	0.036	0.002	0.755	0.002	0.113
sad	0.097	0.006	0.032	0.002	0.723	0.001	0.139
sad	0.196	0.025	0.132	0.004	0.605	0.027	0.011
sad	0.144	0.008	0.039	0.003	0.680	0.001	0.124
sad	0.211	0.032	0.110	0.008	0.567	0.053	0.019
sad	0.125	0.002	0.037	0.004	0.591	0.003	0.238
sad	0.157	0.039	0.105	0.003	0.642	0.040	0.014
sad	0.096	0.002	0.031	0.004	0.610	0.003	0.253
sad	0.152	0.056	0.098	0.001	0.651	0.034	0.009
sad	0.143	0.046	0.106	0.002	0.657	0.034	0.012
sad	0.105	0.003	0.030	0.005	0.577	0.003	0.278
angry	0.324	0.000	0.124	0.311	0.154	0.015	0.072
sad	0.103	0.010	0.031	0.002	0.737	0.001	0.116
sad	0.152	0.008	0.086	0.003	0.692	0.047	0.011
sad	0.081	0.007	0.040	0.001	0.817	0.000	0.054
sad	0.065	0.005	0.029	0.001	0.866	0.001	0.034
sad	0.207	0.015	0.118	0.009	0.586	0.055	0.011
sad	0.080	0.010	0.030	0.002	0.799	0.001	0.077
sad	0.196	0.038	0.094	0.006	0.604	0.053	0.010
sad	0.101	0.012	0.033	0.002	0.784	0.001	0.066
sad	0.198	0.012	0.017	0.007	0.528	0.002	0.235
neutral	0.166	0.001	0.010	0.009	0.279	0.008	0.527
sad	0.275	0.020	0.085	0.011	0.533	0.060	0.016
sad	0.219	0.033	0.097	0.005	0.599	0.035	0.012
sad	0.226	0.002	0.014	0.009	0.376	0.008	0.366
sad	0.260	0.002	0.014	0.008	0.412	0.005	0.300
sad	0.246	0.024	0.080	0.010	0.554	0.070	0.015
sad	0.259	0.007	0.017	0.007	0.454	0.003	0.252
sad	0.244	0.021	0.080	0.005	0.591	0.046	0.012
neutral	0.209	0.000	0.014	0.014	0.309	0.006	0.448
sad	0.235	0.026	0.086	0.011	0.591	0.038	0.013
neutral	0.195	0.002	0.013	0.008	0.360	0.005	0.417
sad	0.211	0.020	0.084	0.005	0.623	0.047	0.010
sad	0.274	0.004	0.021	0.005	0.447	0.003	0.247
sad	0.245	0.033	0.099	0.003	0.577	0.032	0.011
sad	0.229	0.006	0.018	0.003	0.518	0.002	0.224
neutral	0.257	0.000	0.017	0.010	0.340	0.008	0.368
sad	0.208	0.035	0.099	0.003	0.592	0.053	0.010
sad	0.251	0.001	0.013	0.007	0.406	0.005	0.317
sad	0.168	0.032	0.111	0.003	0.626	0.051	0.010
sad	0.196	0.003	0.021	0.003	0.553	0.002	0.222
sad	0.222	0.034	0.096	0.006	0.581	0.049	0.012
sad	0.221	0.004	0.027	0.004	0.484	0.001	0.258
sad	0.206	0.007	0.082	0.003	0.652	0.037	0.012
sad	0.077	0.003	0.025	0.001	0.842	0.000	0.051
sad	0.231	0.052	0.104	0.003	0.569	0.029	0.012
sad	0.093	0.005	0.035	0.001	0.827	0.001	0.038
sad	0.196	0.025	0.129	0.002	0.622	0.015	0.011
sad	0.167	0.005	0.035	0.002	0.704	0.001	0.086
sad	0.193	0.062	0.094	0.002	0.607	0.030	0.012
sad	0.179	0.008	0.032	0.002	0.696	0.001	0.082
sad	0.177	0.058	0.077	0.002	0.644	0.028	0.014
sad	0.219	0.032	0.115	0.003	0.588	0.029	0.014
sad	0.092	0.004	0.040	0.002	0.773	0.001	0.087
sad	0.168	0.021	0.024	0.002	0.738	0.000	0.047
sad	0.238	0.036	0.129	0.003	0.533	0.048	0.012
sad	0.180	0.022	0.029	0.002	0.709	0.001	0.058
sad	0.142	0.030	0.112	0.003	0.668	0.037	0.009
sad	0.161	0.023	0.025	0.004	0.686	0.001	0.100
sad	0.265	0.036	0.125	0.004	0.515	0.045	0.010
sad	0.159	0.022	0.024	0.003	0.689	0.001	0.102
sad	0.262	0.032	0.107	0.003	0.543	0.043	0.009
sad	0.136	0.003	0.025	0.004	0.662	0.001	0.168
sad	0.215	0.037	0.022	0.004	0.639	0.001	0.082
sad	0.290	0.032	0.088	0.005	0.537	0.036	0.012
sad	0.116	0.002	0.018	0.003	0.648	0.003	0.211
sad	0.292	0.032	0.118	0.004	0.505	0.036	0.013
sad	0.096	0.004	0.020	0.003	0.725	0.002	0.150
sad	0.175	0.037	0.094	0.003	0.650	0.031	0.009
sad	0.096	0.005	0.023	0.003	0.716	0.002	0.155
sad	0.141	0.003	0.025	0.004	0.575	0.006	0.245
sad	0.215	0.052	0.096	0.004	0.594	0.028	0.011
sad	0.098	0.017	0.024	0.003	0.773	0.001	0.084
sad	0.220	0.015	0.096	0.003	0.608	0.045	0.012
sad	0.118	0.004	0.025	0.003	0.646	0.004	0.200
sad	0.243	0.040	0.105	0.004	0.564	0.032	0.012
sad	0.156	0.003	0.021	0.004	0.543	0.005	0.268
sad	0.175	0.024	0.023	0.003	0.689	0.001	0.086
sad	0.220	0.041	0.112	0.003	0.587	0.024	0.013
sad	0.100	0.002	0.020	0.003	0.686	0.004	0.185
sad	0.188	0.054	0.104	0.003	0.601	0.038	0.011
sad	0.113	0.003	0.019	0.004	0.650	0.003	0.206
sad	0.171	0.003	0.027	0.004	0.557	0.005	0.232
sad	0.174	0.040	0.023	0.002	0.707	0.001	0.053
sad	0.198	0.018	0.039	0.003	0.635	0.002	0.104
sad	0.220	0.024	0.092	0.003	0.613	0.040	0.007
sad	0.183	0.033	0.027	0.004	0.685	0.001	0.067
sad	0.226	0.052	0.033	0.004	0.592	0.001	0.092
sad	0.190	0.030	0.111	0.003	0.622	0.027	0.016
sad	0.145	0.005	0.024	0.005	0.532	0.004	0.286
sad	0.137	0.008	0.025	0.003	0.646	0.002	0.180
sad	0.256	0.029	0.100	0.004	0.567	0.029	0.016
sad	0.150	0.007	0.020	0.004	0.626	0.002	0.191
sad	0.153	0.005	0.025	0.006	0.586	0.004	0.221
sad	0.180	0.011	0.043	0.002	0.684	0.001	0.080
sad	0.125	0.007	0.041	0.002	0.749	0.001	0.075
sad	0.182	0.039	0.104	0.003	0.618	0.037	0.017
sad	0.125	0.018	0.037	0.002	0.747	0.001	0.070
sad	0.157	0.010	0.086	0.002	0.691	0.042	0.012
sad	0.084	0.006	0.040	0.001	0.816	0.001	0.052
sad	0.186	0.048	0.102	0.002	0.616	0.029	0.017
sad	0.125	0.014	0.034	0.002	0.765	0.001	0.060
sad	0.230	0.045	0.104	0.002	0.565	0.040	0.012
sad	0.124	0.015	0.031	0.001	0.778	0.001	0.050
sad	0.220	0.030	0.113	0.005	0.580	0.036	0.016
sad	0.127	0.002	0.030	0.002	0.698	0.004	0.136
sad	0.141	0.023	0.029	0.001	0.764	0.001	0.041
sad	0.151	0.013	0.032	0.003	0.688	0.002	0.111
sad	0.205	0.014	0.094	0.004	0.592	0.079	0.012
sad	0.135	0.005	0.034	0.002	0.683	0.001	0.139
sad	0.239	0.027	0.033	0.005	0.578	0.001	0.117
sad	0.166	0.045	0.139	0.004	0.581	0.054	0.012
sad	0.255	0.006	0.019	0.009	0.426	0.002	0.282
sad	0.173	0.025	0.028	0.002	0.719	0.001	0.052
sad	0.261	0.003	0.030	0.003	0.476	0.002	0.226
sad	0.237	0.002	0.013	0.009	0.410	0.003	0.326
sad	0.237	0.032	0.124	0.003	0.562	0.029	0.012
sad	0.265	0.002	0.013	0.010	0.384	0.003	0.323
sad	0.205	0.012	0.107	0.005	0.589	0.070	0.012
sad	0.101	0.009	0.035	0.001	0.811	0.000	0.043
sad	0.243	0.019	0.093	0.005	0.567	0.061	0.012
sad	0.160	0.012	0.045	0.001	0.733	0.001	0.048
sad	0.174	0.040	0.087	0.002	0.656	0.030	0.012
sad	0.108	0.011	0.037	0.001	0.803	0.000	0.040
sad	0.061	0.004	0.042	0.001	0.842	0.001	0.051
sad	0.210	0.014	0.101	0.004	0.619	0.040	0.011
sad	0.128	0.018	0.031	0.001	0.779	0.000	0.042
sad	0.150	0.009	0.041	0.002	0.738	0.001	0.059
sad	0.189	0.030	0.109	0.006	0.612	0.040	0.014
sad	0.143	0.006	0.027	0.004	0.626	0.002	0.193
sad	0.220	0.021	0.129	0.003	0.586	0.030	0.010
sad	0.129	0.016	0.030	0.002	0.731	0.001	0.090
sad	0.186	0.010	0.094	0.004	0.667	0.031	0.009
sad	0.079	0.009	0.041	0.001	0.843	0.000	0.028
sad	0.173	0.011	0.139	0.006	0.606	0.050	0.015
sad	0.055	0.002	0.050	0.001	0.847	0.001	0.045
sad	0.204	0.018	0.103	0.006	0.592	0.059	0.018
sad	0.057	0.003	0.049	0.001	0.850	0.001	0.039
sad	0.254	0.032	0.096	0.007	0.548	0.048	0.016
sad	0.083	0.002	0.042	0.001	0.824	0.001	0.047
sad	0.125	0.008	0.039	0.001	0.779	0.001	0.047
sad	0.286	0.017	0.111	0.005	0.529	0.038	0.014
sad	0.178	0.019	0.031	0.002	0.715	0.001	0.054
sad	0.231	0.053	0.115	0.002	0.547	0.037	0.015
sad	0.153	0.013	0.045	0.002	0.706	0.001	0.081
sad	0.227	0.051	0.104	0.003	0.570	0.031	0.014
sad	0.138	0.009	0.031	0.002	0.671	0.001	0.148
sad	0.191	0.039	0.121	0.002	0.605	0.027	0.016
sad	0.177	0.010	0.037	0.002	0.645	0.002	0.126
sad	0.179	0.032	0.120	0.002	0.612	0.041	0.014
sad	0.222	0.007	0.025	0.003	0.587	0.002	0.155
sad	0.279	0.054	0.105	0.002	0.515	0.025	0.019
sad	0.238	0.002	0.015	0.005	0.389	0.002	0.348
sad	0.254	0.037	0.085	0.002	0.584	0.021	0.017
sad	0.185	0.035	0.032	0.002	0.703	0.001	0.043
sad	0.222	0.034	0.111	0.002	0.593	0.026	0.012
sad	0.169	0.034	0.032	0.002	0.719	0.001	0.044
sad	0.179	0.030	0.107	0.003	0.629	0.038	0.015
sad	0.232	0.008	0.018	0.005	0.533	0.004	0.200
sad	0.220	0.042	0.120	0.003	0.561	0.040	0.013
sad	0.292	0.025	0.032	0.003	0.529	0.002	0.116
sad	0.197	0.023	0.107	0.004	0.620	0.038	0.011
sad	0.255	0.016	0.022	0.006	0.549	0.004	0.148
sad	0.252	0.015	0.109	0.005	0.558	0.052	0.009
sad	0.262	0.003	0.017	0.007	0.451	0.007	0.253
sad	0.188	0.033	0.104	0.003	0.637	0.023	0.012
sad	0.263	0.020	0.109	0.005	0.520	0.068	0.015
sad	0.224	0.004	0.017	0.006	0.445	0.007	0.298
sad	0.183	0.033	0.128	0.006	0.586	0.049	0.015
sad	0.266	0.008	0.019	0.007	0.492	0.005	0.202
sad	0.130	0.007	0.034	0.001	0.781	0.001	0.046
sad	0.193	0.039	0.109	0.004	0.598	0.044	0.013
sad	0.057	0.005	0.040	0.000	0.872	0.001	0.024
sad	0.218	0.021	0.132	0.003	0.583	0.029	0.014
sad	0.047	0.001	0.032	0.001	0.876	0.001	0.041
sad	0.249	0.024	0.096	0.004	0.570	0.046	0.011
sad	0.131	0.017	0.030	0.002	0.764	0.001	0.056
sad	0.169	0.034	0.125	0.003	0.615	0.040	0.012
sad	0.143	0.013	0.042	0.001	0.748	0.001	0.051
sad	0.224	0.008	0.108	0.004	0.605	0.044	0.008
sad	0.082	0.001	0.022	0.001	0.838	0.000	0.056
sad	0.199	0.024	0.121	0.004	0.597	0.042	0.014
sad	0.135	0.003	0.051	0.001	0.736	0.003	0.071
sad	0.281	0.018	0.089	0.004	0.565	0.033	0.009
sad	0.298	0.029	0.026	0.002	0.587	0.001	0.057
sad	0.204	0.033	0.094	0.004	0.628	0.024	0.013
sad	0.160	0.014	0.025	0.004	0.631	0.002	0.165
sad	0.248	0.049	0.088	0.004	0.556	0.044	0.011
sad	0.161	0.009	0.024	0.004	0.652	0.001	0.149
sad	0.203	0.030	0.124	0.004	0.592	0.034	0.013
sad	0.223	0.023	0.026	0.003	0.638	0.001	0.086
sad	0.269	0.033	0.078	0.004	0.545	0.060	0.011
sad	0.232	0.003	0.017	0.005	0.482	0.004	0.258
sad	0.242	0.004	0.018	0.005	0.443	0.004	0.285
sad	0.183	0.002	0.017	0.004	0.523	0.005	0.265
sad	0.197	0.007	0.025	0.006	0.553	0.004	0.207
sad	0.214	0.009	0.020	0.005	0.567	0.002	0.183
sad	0.214	0.017	0.122	0.004	0.577	0.053	0.012
sad	0.193	0.007	0.029	0.006	0.553	0.004	0.208
sad	0.174	0.020	0.108	0.004	0.632	0.048	0.014
sad	0.243	0.008	0.034	0.003	0.570	0.001	0.141
sad	0.189	0.013	0.097	0.002	0.654	0.032	0.013
sad	0.200	0.001	0.009	0.004	0.433	0.005	0.348
sad	0.248	0.013	0.031	0.003	0.575	0.002	0.127
sad	0.167	0.022	0.122	0.002	0.645	0.026	0.015
sad	0.220	0.002	0.016	0.005	0.480	0.004	0.273
sad	0.189	0.003	0.016	0.005	0.520	0.004	0.264
sad	0.178	0.015	0.100	0.002	0.663	0.030	0.011
sad	0.172	0.004	0.021	0.004	0.573	0.002	0.223
sad	0.192	0.019	0.109	0.002	0.634	0.029	0.015
sad	0.191	0.002	0.018	0.005	0.511	0.008	0.265
sad	0.206	0.013	0.110	0.005	0.593	0.058	0.015
sad	0.154	0.005	0.026	0.003	0.664	0.003	0.145
sad	0.181	0.026	0.141	0.004	0.592	0.041	0.015
sad	0.169	0.013	0.032	0.003	0.665	0.003	0.115
sad	0.207	0.028	0.115	0.004	0.596	0.038	0.012
sad	0.164	0.001	0.016	0.004	0.538	0.008	0.269
sad	0.214	0.024	0.109	0.003	0.611	0.025	0.014
sad	0.140	0.001	0.016	0.002	0.623	0.003	0.214
sad	0.150	0.008	0.030	0.002	0.733	0.001	0.075
sad	0.242	0.029	0.104	0.003	0.578	0.029	0.014
sad	0.145	0.001	0.018	0.003	0.570	0.004	0.259
sad	0.217	0.021	0.147	0.003	0.566	0.035	0.011
sad	0.166	0.005	0.019	0.004	0.624	0.003	0.180
sad	0.219	0.011	0.094	0.003	0.621	0.044	0.008
sad	0.145	0.002	0.014	0.004	0.554	0.005	0.276
sad	0.209	0.015	0.122	0.007	0.588	0.048	0.012
sad	0.137	0.002	0.016	0.004	0.598	0.005	0.238
sad	0.194	0.014	0.100	0.005	0.620	0.052	0.016
sad	0.148	0.004	0.019	0.003	0.653	0.003	0.169
sad	0.198	0.014	0.137	0.004	0.601	0.034	0.012
sad	0.222	0.017	0.036	0.002	0.642	0.001	0.078
sad	0.129	0.022	0.083	0.003	0.723	0.028	0.012
sad	0.061	0.000	0.022	0.000	0.879	0.000	0.037
sad	0.184	0.022	0.102	0.005	0.648	0.024	0.014
sad	0.071	0.011	0.025	0.001	0.851	0.001	0.042
sad	0.164	0.017	0.116	0.004	0.651	0.031	0.016
sad	0.200	0.001	0.010	0.006	0.427	0.004	0.353
sad	0.191	0.013	0.101	0.006	0.620	0.059	0.010
sad	0.233	0.013	0.029	0.002	0.621	0.002	0.099
sad	0.164	0.002	0.021	0.003	0.588	0.005	0.217
sad	0.169	0.023	0.102	0.003	0.654	0.035	0.012
sad	0.146	0.001	0.018	0.003	0.592	0.004	0.236
sad	0.182	0.037	0.106	0.002	0.629	0.025	0.018
sad	0.152	0.004	0.031	0.003	0.676	0.003	0.131
sad	0.212	0.022	0.110	0.002	0.621	0.020	0.013
sad	0.236	0.001	0.009	0.005	0.409	0.004	0.337
sad	0.185	0.026	0.139	0.003	0.594	0.038	0.014
sad	0.179	0.005	0.030	0.002	0.647	0.003	0.134
sad	0.182	0.023	0.107	0.002	0.642	0.031	0.012
sad	0.192	0.005	0.028	0.003	0.624	0.003	0.147
sad	0.186	0.022	0.111	0.003	0.630	0.028	0.020
sad	0.258	0.003	0.023	0.004	0.578	0.002	0.132
sad	0.173	0.010	0.116	0.002	0.629	0.055	0.014
sad	0.219	0.001	0.010	0.005	0.452	0.005	0.308
sad	0.202	0.013	0.088	0.002	0.647	0.033	0.014
sad	0.158	0.007	0.027	0.002	0.695	0.002	0.109
sad	0.212	0.019	0.110	0.002	0.616	0.025	0.016
sad	0.094	0.008	0.030	0.000	0.842	0.001	0.026
sad	0.190	0.021	0.092	0.003	0.655	0.025	0.015
sad	0.114	0.009	0.032	0.001	0.778	0.001	0.065
sad	0.197	0.017	0.098	0.003	0.631	0.041	0.013
sad	0.124	0.010	0.035	0.001	0.774	0.001	0.055
sad	0.201	0.025	0.119	0.003	0.613	0.024	0.015
sad	0.214	0.001	0.015	0.005	0.451	0.008	0.306
sad	0.171	0.023	0.094	0.004	0.658	0.035	0.014
sad	0.194	0.001	0.009	0.004	0.405	0.004	0.383
sad	0.215	0.023	0.095	0.003	0.620	0.033	0.012
sad	0.294	0.003	0.014	0.004	0.499	0.006	0.180
sad	0.202	0.024	0.124	0.002	0.600	0.037	0.011
sad	0.249	0.002	0.015	0.004	0.517	0.005	0.209
sad	0.169	0.037	0.097	0.002	0.651	0.034	0.011
neutral	0.293	0.001	0.008	0.006	0.315	0.003	0.376
sad	0.223	0.020	0.101	0.005	0.602	0.033	0.015
sad	0.333	0.002	0.013	0.005	0.437	0.008	0.202
sad	0.224	0.015	0.118	0.004	0.600	0.030	0.009
neutral	0.287	0.001	0.008	0.007	0.303	0.003	0.392
sad	0.277	0.001	0.010	0.005	0.384	0.004	0.319
sad	0.186	0.018	0.104	0.004	0.645	0.031	0.012
neutral	0.247	0.001	0.012	0.007	0.319	0.005	0.408
sad	0.202	0.013	0.105	0.006	0.630	0.031	0.013
sad	0.273	0.009	0.020	0.006	0.479	0.005	0.208
sad	0.197	0.022	0.101	0.003	0.614	0.049	0.014
neutral	0.327	0.001	0.012	0.007	0.282	0.003	0.368
sad	0.219	0.038	0.125	0.004	0.563	0.038	0.013
sad	0.289	0.002	0.017	0.007	0.412	0.006	0.268
sad	0.155	0.037	0.100	0.002	0.666	0.028	0.013
sad	0.263	0.002	0.016	0.007	0.409	0.006	0.298
neutral	0.300	0.001	0.011	0.006	0.288	0.003	0.390
sad	0.202	0.023	0.094	0.004	0.617	0.047	0.013
angry	0.357	0.004	0.016	0.006	0.352	0.006	0.259
sad	0.203	0.017	0.116	0.003	0.618	0.031	0.012
sad	0.081	0.003	0.047	0.002	0.774	0.001	0.092
sad	0.057	0.002	0.034	0.001	0.881	0.000	0.026
sad	0.214	0.022	0.102	0.005	0.611	0.030	0.015
sad	0.060	0.009	0.036	0.003	0.811	0.001	0.081
sad	0.207	0.022	0.103	0.004	0.623	0.030	0.011
sad	0.160	0.005	0.021	0.006	0.565	0.002	0.241
sad	0.201	0.054	0.112	0.004	0.584	0.033	0.013
sad	0.150	0.010	0.029	0.002	0.724	0.001	0.084
sad	0.205	0.006	0.017	0.006	0.524	0.002	0.240
sad	0.189	0.009	0.025	0.004	0.655	0.002	0.117
sad	0.148	0.011	0.094	0.003	0.688	0.044	0.012
sad	0.276	0.004	0.022	0.006	0.443	0.003	0.246
sad	0.053	0.002	0.050	0.001	0.860	0.001	0.033
sad	0.080	0.000	0.028	0.002	0.752	0.000	0.138
sad	0.155	0.024	0.087	0.004	0.669	0.049	0.013
sad	0.099	0.004	0.028	0.002	0.806	0.001	0.060
sad	0.184	0.025	0.098	0.002	0.636	0.042	0.014
sad	0.151	0.004	0.026	0.003	0.636	0.001	0.180
sad	0.178	0.013	0.090	0.002	0.673	0.030	0.014
sad	0.198	0.011	0.024	0.005	0.652	0.001	0.110
sad	0.169	0.009	0.097	0.003	0.667	0.039	0.015
sad	0.194	0.005	0.016	0.008	0.504	0.002	0.272
sad	0.181	0.014	0.112	0.003	0.640	0.036	0.015
sad	0.219	0.006	0.013	0.008	0.499	0.002	0.253
sad	0.132	0.011	0.097	0.003	0.706	0.039	0.012
neutral	0.160	0.001	0.009	0.006	0.369	0.004	0.450
sad	0.180	0.006	0.105	0.003	0.658	0.033	0.015
neutral	0.192	0.002	0.009	0.009	0.386	0.003	0.400
sad	0.166	0.012	0.088	0.003	0.668	0.049	0.014
neutral	0.166	0.000	0.006	0.008	0.262	0.003	0.555
sad	0.174	0.018	0.103	0.004	0.648	0.042	0.011
neutral	0.138	0.001	0.009	0.007	0.277	0.003	0.566
sad	0.148	0.008	0.104	0.002	0.689	0.038	0.012
sad	0.201	0.006	0.015	0.008	0.541	0.003	0.227
sad	0.128	0.006	0.093	0.003	0.720	0.040	0.010
neutral	0.155	0.001	0.010	0.012	0.322	0.003	0.497
sad	0.228	0.034	0.094	0.004	0.578	0.050	0.012
sad	0.241	0.009	0.016	0.004	0.605	0.001	0.123
sad	0.152	0.008	0.090	0.003	0.696	0.040	0.011
sad	0.211	0.007	0.015	0.007	0.570	0.002	0.187
sad	0.188	0.011	0.120	0.004	0.627	0.040	0.011
sad	0.207	0.002	0.014	0.011	0.455	0.003	0.308
sad	0.170	0.018	0.098	0.005	0.650	0.043	0.017
sad	0.241	0.009	0.015	0.005	0.664	0.001	0.065
sad	0.146	0.007	0.094	0.004	0.690	0.043	0.016
sad	0.109	0.003	0.030	0.002	0.763	0.001	0.093
sad	0.165	0.011	0.091	0.004	0.667	0.048	0.015
sad	0.073	0.001	0.029	0.005	0.765	0.001	0.125
sad	0.077	0.001	0.027	0.004	0.751	0.001	0.139
sad	0.048	0.002	0.029	0.005	0.794	0.001	0.121
sad	0.138	0.011	0.085	0.005	0.703	0.038	0.020
sad	0.078	0.005	0.023	0.003	0.810	0.001	0.081
sad	0.159	0.008	0.120	0.003	0.646	0.048	0.016
sad	0.091	0.004	0.028	0.005	0.753	0.001	0.118
sad	0.187	0.013	0.100	0.006	0.622	0.060	0.011
sad	0.123	0.004	0.026	0.005	0.694	0.002	0.146
sad	0.172	0.003	0.024	0.007	0.483	0.003	0.307
sad	0.133	0.009	0.122	0.004	0.676	0.043	0.013
sad	0.152	0.001	0.019	0.015	0.470	0.005	0.339
sad	0.245	0.019	0.110	0.007	0.557	0.045	0.016
sad	0.181	0.025	0.120	0.004	0.598	0.061	0.011
sad	0.165	0.005	0.033	0.006	0.582	0.003	0.205
sad	0.241	0.001	0.019	0.020	0.482	0.003	0.233
sad	0.159	0.016	0.098	0.003	0.683	0.029	0.012
sad	0.208	0.003	0.037	0.006	0.568	0.003	0.175
sad	0.140	0.015	0.117	0.003	0.672	0.039	0.015
sad	0.117	0.002	0.026	0.008	0.621	0.006	0.219
sad	0.183	0.012	0.089	0.002	0.669	0.031	0.013
sad	0.113	0.002	0.025	0.010	0.568	0.004	0.279
sad	0.198	0.027	0.086	0.003	0.625	0.038	0.022
sad	0.140	0.002	0.026	0.011	0.513	0.006	0.302
sad	0.135	0.009	0.102	0.003	0.701	0.032	0.018
sad	0.078	0.001	0.017	0.028	0.448	0.007	0.421
sad	0.147	0.015	0.101	0.004	0.692	0.023	0.018
sad	0.089	0.001	0.022	0.010	0.502	0.005	0.371
sad	0.154	0.011	0.071	0.002	0.720	0.025	0.017
sad	0.076	0.001	0.030	0.008	0.625	0.004	0.255
sad	0.201	0.011	0.105	0.001	0.644	0.025	0.013
sad	0.158	0.009	0.116	0.003	0.664	0.035	0.014
sad	0.102	0.001	0.027	0.011	0.473	0.006	0.381
sad	0.097	0.003	0.047	0.004	0.675	0.004	0.171
sad	0.179	0.013	0.074	0.002	0.690	0.028	0.014
sad	0.063	0.002	0.038	0.003	0.791	0.002	0.100
sad	0.176	0.011	0.097	0.002	0.663	0.036	0.013
sad	0.068	0.003	0.040	0.004	0.759	0.002	0.125
sad	0.159	0.013	0.099	0.003	0.671	0.034	0.020
sad	0.047	0.002	0.040	0.002	0.835	0.001	0.074
sad	0.189	0.017	0.103	0.002	0.648	0.029	0.012
sad	0.059	0.002	0.033	0.006	0.774	0.002	0.124
sad	0.162	0.013	0.094	0.003	0.688	0.027	0.014
sad	0.047	0.001	0.047	0.001	0.858	0.001	0.046
sad	0.145	0.013	0.073	0.002	0.728	0.025	0.014
sad	0.062	0.000	0.024	0.002	0.802	0.001	0.109
sad	0.171	0.008	0.097	0.003	0.664	0.044	0.014
sad	0.076	0.002	0.034	0.005	0.794	0.001	0.088
sad	0.133	0.009	0.109	0.002	0.695	0.039	0.012
sad	0.074	0.002	0.046	0.005	0.754	0.003	0.117
sad	0.163	0.013	0.084	0.004	0.696	0.027	0.013
sad	0.072	0.001	0.024	0.009	0.627	0.003	0.265
sad	0.199	0.013	0.094	0.003	0.637	0.043	0.011
sad	0.082	0.002	0.033	0.009	0.706	0.003	0.166
sad	0.131	0.008	0.085	0.003	0.729	0.030	0.014
sad	0.113	0.000	0.028	0.008	0.526	0.004	0.321
sad	0.153	0.011	0.077	0.003	0.698	0.045	0.013
sad	0.082	0.008	0.040	0.001	0.816	0.001	0.053
sad	0.155	0.010	0.100	0.002	0.673	0.047	0.013
sad	0.075	0.004	0.038	0.002	0.728	0.001	0.152
sad	0.199	0.011	0.112	0.002	0.626	0.039	0.011
sad	0.073	0.000	0.034	0.002	0.782	0.001	0.108
sad	0.129	0.009	0.083	0.002	0.735	0.026	0.016
sad	0.053	0.000	0.027	0.004	0.752	0.001	0.161
sad	0.151	0.008	0.099	0.003	0.682	0.044	0.012
sad	0.058	0.001	0.035	0.002	0.795	0.001	0.107
sad	0.206	0.010	0.098	0.003	0.625	0.041	0.016
sad	0.082	0.002	0.035	0.004	0.726	0.001	0.149
sad	0.073	0.002	0.044	0.003	0.756	0.001	0.121
sad	0.157	0.016	0.069	0.002	0.689	0.053	0.013
sad	0.070	0.001	0.037	0.006	0.707	0.002	0.177
sad	0.179	0.009	0.091	0.004	0.668	0.035	0.013
sad	0.073	0.002	0.041	0.004	0.744	0.001	0.135
sad	0.121	0.014	0.068	0.003	0.742	0.041	0.012
sad	0.076	0.004	0.038	0.006	0.728	0.001	0.148
sad	0.184	0.013	0.075	0.003	0.677	0.031	0.017
sad	0.119	0.002	0.034	0.011	0.512	0.003	0.320
sad	0.172	0.010	0.092	0.004	0.653	0.056	0.014
sad	0.037	0.002	0.055	0.002	0.836	0.001	0.068
sad	0.203	0.020	0.092	0.003	0.610	0.058	0.014
sad	0.045	0.001	0.033	0.004	0.792	0.001	0.123
sad	0.158	0.017	0.092	0.002	0.670	0.048	0.012
sad	0.081	0.003	0.035	0.002	0.796	0.001	0.083
sad	0.186	0.019	0.085	0.003	0.638	0.050	0.018
sad	0.066	0.003	0.037	0.003	0.702	0.001	0.189
sad	0.166	0.019	0.088	0.003	0.660	0.046	0.018
sad	0.071	0.002	0.032	0.004	0.723	0.001	0.167
sad	0.168	0.016	0.103	0.003	0.651	0.041	0.018
sad	0.066	0.001	0.027	0.013	0.484	0.003	0.406
sad	0.154	0.013	0.081	0.002	0.691	0.041	0.017
sad	0.071	0.001	0.029	0.010	0.536	0.003	0.351
sad	0.135	0.007	0.074	0.002	0.729	0.038	0.014
sad	0.056	0.002	0.030	0.005	0.706	0.001	0.199
sad	0.140	0.010	0.075	0.002	0.731	0.026	0.015
sad	0.068	0.001	0.031	0.005	0.680	0.002	0.212
sad	0.152	0.019	0.072	0.002	0.712	0.028	0.014
sad	0.034	0.000	0.039	0.001	0.855	0.000	0.070
sad	0.119	0.009	0.065	0.002	0.756	0.031	0.018
sad	0.041	0.001	0.047	0.002	0.788	0.001	0.121
sad	0.166	0.018	0.088	0.002	0.673	0.039	0.014
sad	0.060	0.002	0.031	0.005	0.755	0.001	0.147
sad	0.176	0.014	0.092	0.003	0.657	0.046	0.012
sad	0.051	0.001	0.030	0.006	0.748	0.002	0.162
sad	0.188	0.022	0.083	0.004	0.648	0.040	0.017
sad	0.065	0.002	0.037	0.004	0.746	0.001	0.146
sad	0.161	0.011	0.102	0.003	0.668	0.039	0.015
sad	0.085	0.007	0.034	0.002	0.770	0.001	0.101
sad	0.119	0.009	0.109	0.003	0.707	0.041	0.012
sad	0.102	0.008	0.036	0.003	0.717	0.001	0.134
sad	0.109	0.007	0.125	0.003	0.705	0.039	0.012
sad	0.102	0.006	0.030	0.006	0.678	0.002	0.176
sad	0.105	0.004	0.025	0.010	0.667	0.002	0.186
sad	0.040	0.000	0.018	0.003	0.854	0.000	0.085
happy	0.297	0.000	0.110	0.363	0.188	0.003	0.039
sad	0.126	0.019	0.116	0.003	0.682	0.035	0.019
happy	0.235	0.000	0.183	0.274	0.223	0.007	0.078
sad	0.051	0.000	0.017	0.002	0.862	0.000	0.068
sad	0.155	0.020	0.101	0.003	0.683	0.028	0.010
sad	0.052	0.002	0.022	0.001	0.876	0.001	0.047
sad	0.232	0.035	0.105	0.005	0.560	0.041	0.022
sad	0.116	0.008	0.024	0.001	0.789	0.001	0.061
sad	0.304	0.034	0.122	0.003	0.474	0.039	0.023
sad	0.367	0.010	0.093	0.003	0.484	0.023	0.020
sad	0.159	0.011	0.026	0.001	0.736	0.001	0.066
sad	0.342	0.000	0.078	0.063	0.394	0.001	0.122
angry	0.519	0.001	0.163	0.005	0.271	0.023	0.017
sad	0.190	0.007	0.026	0.001	0.722	0.001	0.054
angry	0.590	0.000	0.079	0.018	0.275	0.014	0.024
sad	0.033	0.002	0.016	0.000	0.925	0.000	0.025
angry	0.720	0.001	0.081	0.014	0.150	0.016	0.018
sad	0.092	0.006	0.022	0.001	0.831	0.003	0.046
angry	0.576	0.004	0.077	0.012	0.276	0.013	0.043
sad	0.084	0.004	0.023	0.001	0.847	0.002	0.039
sad	0.343	0.002	0.049	0.042	0.526	0.005	0.033
sad	0.073	0.008	0.020	0.001	0.856	0.002	0.041
sad	0.093	0.003	0.020	0.001	0.833	0.002	0.048
sad	0.073	0.001	0.029	0.003	0.769	0.002	0.124
sad	0.161	0.002	0.012	0.002	0.752	0.000	0.071
sad	0.069	0.001	0.029	0.001	0.875	0.000	0.025
sad	0.216	0.000	0.052	0.024	0.684	0.002	0.021
sad	0.127	0.001	0.017	0.001	0.788	0.000	0.066
sad	0.103	0.004	0.013	0.002	0.768	0.000	0.109
sad	0.090	0.000	0.047	0.006	0.831	0.002	0.022
sad	0.154	0.006	0.031	0.003	0.702	0.000	0.104
sad	0.196	0.002	0.048	0.024	0.708	0.002	0.020
sad	0.192	0.001	0.055	0.038	0.690	0.003	0.020
sad	0.154	0.003	0.010	0.001	0.743	0.000	0.088
sad	0.262	0.001	0.054	0.018	0.649	0.003	0.013
sad	0.148	0.005	0.024	0.002	0.742	0.000	0.079
sad	0.106	0.002	0.031	0.001	0.822	0.001	0.037
sad	0.339	0.004	0.054	0.014	0.573	0.003	0.012
sad	0.134	0.001	0.033	0.002	0.784	0.001	0.045
sad	0.156	0.001	0.047	0.009	0.776	0.002	0.010
sad	0.098	0.006	0.054	0.024	0.791	0.003	0.025
sad	0.111	0.004	0.022	0.001	0.816	0.000	0.046
sad	0.126	0.003	0.016	0.001	0.795	0.000	0.059
sad	0.134	0.006	0.070	0.042	0.702	0.003	0.042
sad	0.227	0.005	0.068	0.013	0.650	0.005	0.031
sad	0.132	0.002	0.032	0.001	0.774	0.001	0.059
angry	0.513	0.000	0.229	0.055	0.086	0.024	0.094
sad	0.082	0.002	0.026	0.000	0.857	0.001	0.032
sad	0.258	0.002	0.062	0.041	0.593	0.007	0.037
sad	0.222	0.001	0.136	0.023	0.577	0.013	0.028
sad	0.080	0.000	0.016	0.001	0.850	0.000	0.052
sad	0.032	0.000	0.020	0.001	0.887	0.001	0.060
sad	0.086	0.004	0.102	0.061	0.588	0.032	0.127
sad	0.050	0.000	0.014	0.000	0.891	0.000	0.045
sad	0.125	0.002	0.022	0.001	0.795	0.001	0.054
sad	0.118	0.008	0.023	0.001	0.814	0.000	0.036
sad	0.286	0.067	0.117	0.005	0.468	0.042	0.015
sad	0.065	0.004	0.030	0.000	0.878	0.000	0.023
angry	0.409	0.042	0.131	0.003	0.363	0.031	0.021
sad	0.058	0.002	0.028	0.001	0.859	0.001	0.052
sad	0.367	0.010	0.139	0.005	0.403	0.056	0.021
sad	0.056	0.001	0.020	0.001	0.772	0.001	0.149
sad	0.313	0.063	0.092	0.004	0.487	0.023	0.018
sad	0.094	0.005	0.031	0.001	0.825	0.001	0.043
sad	0.108	0.005	0.025	0.003	0.779	0.001	0.080
sad	0.204	0.003	0.225	0.007	0.503	0.013	0.044
sad	0.066	0.001	0.022	0.002	0.819	0.000	0.091
sad	0.090	0.001	0.050	0.001	0.780	0.001	0.076
sad	0.111	0.017	0.079	0.003	0.751	0.020	0.019
sad	0.093	0.002	0.041	0.002	0.726	0.001	0.135
sad	0.124	0.011	0.077	0.002	0.725	0.043	0.018
sad	0.131	0.010	0.079	0.003	0.741	0.021	0.015
sad	0.105	0.004	0.033	0.002	0.699	0.001	0.155
sad	0.125	0.007	0.036	0.002	0.705	0.001	0.124
sad	0.126	0.007	0.081	0.003	0.732	0.028	0.022
sad	0.121	0.002	0.067	0.002	0.686	0.002	0.122
sad	0.180	0.013	0.076	0.004	0.678	0.034	0.015
sad	0.126	0.002	0.069	0.001	0.703	0.001	0.098
sad	0.125	0.007	0.094	0.003	0.727	0.031	0.014
sad	0.157	0.003	0.063	0.002	0.676	0.001	0.098
sad	0.180	0.009	0.083	0.004	0.694	0.020	0.010
sad	0.133	0.011	0.088	0.005	0.727	0.023	0.014
sad	0.201	0.003	0.072	0.002	0.609	0.001	0.112
sad	0.123	0.012	0.084	0.004	0.722	0.040	0.015
sad	0.060	0.001	0.048	0.001	0.791	0.000	0.099
sad	0.050	0.001	0.041	0.002	0.777	0.001	0.128
sad	0.145	0.008	0.065	0.003	0.726	0.036	0.017
sad	0.154	0.016	0.076	0.004	0.708	0.027	0.015
sad	0.096	0.002	0.050	0.002	0.675	0.002	0.173
sad	0.090	0.002	0.052	0.003	0.690	0.002	0.162
sad	0.140	0.010	0.088	0.004	0.713	0.032	0.014
sad	0.082	0.000	0.037	0.006	0.614	0.002	0.258
sad	0.149	0.005	0.082	0.004	0.709	0.034	0.018
sad	0.092	0.002	0.055	0.003	0.696	0.002	0.150
sad	0.172	0.011	0.069	0.008	0.685	0.025	0.029
sad	0.132	0.001	0.059	0.003	0.684	0.001	0.120
sad	0.150	0.005	0.086	0.003	0.707	0.034	0.015
sad	0.156	0.001	0.052	0.002	0.649	0.001	0.138
sad	0.128	0.007	0.090	0.005	0.718	0.033	0.019
sad	0.105	0.002	0.055	0.003	0.692	0.001	0.142
sad	0.168	0.018	0.084	0.006	0.665	0.038	0.022
sad	0.146	0.002	0.091	0.001	0.674	0.002	0.084
sad	0.157	0.003	0.088	0.003	0.698	0.034	0.016
sad	0.072	0.001	0.075	0.001	0.779	0.001	0.072
sad	0.162	0.006	0.097	0.004	0.671	0.041	0.019
sad	0.041	0.001	0.035	0.001	0.791	0.001	0.129
sad	0.122	0.009	0.088	0.006	0.738	0.023	0.014
sad	0.169	0.019	0.093	0.004	0.665	0.027	0.022
sad	0.060	0.002	0.065	0.001	0.816	0.001	0.054
sad	0.055	0.002	0.042	0.001	0.812	0.001	0.086
sad	0.161	0.014	0.058	0.003	0.719	0.015	0.030
sad	0.145	0.017	0.077	0.004	0.712	0.021	0.024
sad	0.073	0.004	0.058	0.001	0.830	0.001	0.034
sad	0.088	0.019	0.057	0.003	0.791	0.021	0.020
sad	0.074	0.001	0.027	0.001	0.833	0.000	0.064
sad	0.062	0.001	0.057	0.000	0.852	0.000	0.027
sad	0.112	0.023	0.083	0.005	0.732	0.024	0.022
sad	0.174	0.018	0.069	0.002	0.695	0.015	0.026
sad	0.064	0.001	0.042	0.001	0.847	0.001	0.043
sad	0.111	0.005	0.028	0.001	0.808	0.001	0.046
sad	0.200	0.011	0.075	0.003	0.652	0.020	0.039
sad	0.089	0.003	0.050	0.001	0.807	0.001	0.050
sad	0.166	0.021	0.072	0.002	0.690	0.021	0.028
sad	0.119	0.014	0.065	0.003	0.752	0.023	0.024
sad	0.090	0.004	0.033	0.001	0.815	0.001	0.057
sad	0.060	0.003	0.050	0.000	0.838	0.001	0.047
sad	0.131	0.042	0.075	0.005	0.686	0.035	0.026
sad	0.086	0.004	0.034	0.001	0.818	0.001	0.056
sad	0.154	0.024	0.094	0.005	0.669	0.032	0.022
sad	0.061	0.004	0.029	0.001	0.867	0.000	0.038
sad	0.085	0.004	0.035	0.001	0.808	0.001	0.066
sad	0.148	0.022	0.090	0.004	0.695	0.022	0.018
sad	0.068	0.005	0.030	0.001	0.846	0.001	0.050
sad	0.165	0.020	0.093	0.005	0.678	0.025	0.014
sad	0.093	0.002	0.043	0.001	0.753	0.001	0.108
sad	0.115	0.015	0.077	0.007	0.749	0.018	0.019
sad	0.073	0.003	0.045	0.001	0.795	0.001	0.082
sad	0.183	0.023	0.099	0.008	0.634	0.029	0.023
sad	0.081	0.004	0.035	0.001	0.817	0.001	0.062
sad	0.191	0.035	0.097	0.012	0.589	0.053	0.024
sad	0.077	0.002	0.043	0.001	0.800	0.001	0.076
sad	0.139	0.022	0.087	0.003	0.718	0.011	0.020
sad	0.060	0.002	0.033	0.000	0.877	0.000	0.028
sad	0.191	0.023	0.096	0.003	0.649	0.018	0.021
sad	0.177	0.032	0.086	0.003	0.672	0.015	0.015
sad	0.057	0.001	0.028	0.000	0.820	0.000	0.094
sad	0.081	0.002	0.038	0.000	0.829	0.000	0.048
sad	0.167	0.025	0.085	0.003	0.682	0.018	0.019
sad	0.147	0.021	0.090	0.003	0.692	0.020	0.026
sad	0.095	0.005	0.043	0.001	0.797	0.000	0.059
sad	0.133	0.016	0.072	0.004	0.740	0.017	0.018
sad	0.076	0.002	0.036	0.001	0.805	0.001	0.080
sad	0.162	0.039	0.100	0.003	0.649	0.030	0.017
sad	0.101	0.005	0.035	0.001	0.782	0.000	0.076
sad	0.206	0.032	0.107	0.005	0.599	0.031	0.019
sad	0.068	0.003	0.044	0.001	0.811	0.001	0.073
sad	0.127	0.005	0.026	0.001	0.783	0.001	0.057
sad	0.132	0.019	0.081	0.002	0.727	0.021	0.019
sad	0.138	0.022	0.070	0.003	0.735	0.015	0.017
sad	0.056	0.000	0.032	0.000	0.853	0.000	0.058
sad	0.104	0.001	0.033	0.001	0.790	0.000	0.071
sad	0.197	0.022	0.093	0.003	0.619	0.033	0.034
sad	0.085	0.002	0.047	0.001	0.830	0.000	0.036
sad	0.162	0.012	0.092	0.006	0.681	0.023	0.023
sad	0.126	0.015	0.078	0.003	0.744	0.017	0.018
sad	0.083	0.002	0.035	0.002	0.722	0.001	0.155
sad	0.138	0.007	0.090	0.003	0.722	0.020	0.020
sad	0.147	0.002	0.038	0.001	0.754	0.001	0.058
sad	0.174	0.009	0.109	0.003	0.647	0.031	0.025
sad	0.156	0.004	0.027	0.001	0.773	0.001	0.039
sad	0.167	0.018	0.083	0.002	0.691	0.014	0.025
sad	0.080	0.004	0.029	0.001	0.830	0.001	0.056
sad	0.093	0.002	0.027	0.002	0.735	0.001	0.141
sad	0.172	0.013	0.074	0.002	0.714	0.013	0.013
sad	0.144	0.018	0.082	0.002	0.722	0.017	0.014
sad	0.117	0.004	0.027	0.001	0.800	0.001	0.050
sad	0.139	0.005	0.031	0.001	0.771	0.001	0.052
sad	0.120	0.007	0.091	0.003	0.746	0.013	0.021
sad	0.152	0.005	0.031	0.001	0.761	0.001	0.050
sad	0.144	0.012	0.100	0.002	0.704	0.018	0.020
sad	0.064	0.003	0.023	0.001	0.805	0.001	0.104
sad	0.149	0.015	0.090	0.002	0.702	0.022	0.019
sad	0.139	0.019	0.077	0.003	0.722	0.021	0.018
sad	0.087	0.001	0.042	0.003	0.671	0.001	0.195
sad	0.141	0.003	0.037	0.001	0.773	0.000	0.045
sad	0.188	0.030	0.065	0.002	0.669	0.022	0.025
sad	0.127	0.005	0.028	0.002	0.757	0.001	0.079
sad	0.194	0.010	0.090	0.003	0.664	0.022	0.017
sad	0.092	0.014	0.069	0.002	0.795	0.014	0.013
sad	0.120	0.004	0.027	0.001	0.790	0.000	0.058
sad	0.090	0.005	0.034	0.001	0.826	0.001	0.044
sad	0.111	0.014	0.074	0.003	0.768	0.016	0.015
sad	0.158	0.012	0.129	0.002	0.664	0.020	0.016
sad	0.047	0.006	0.029	0.001	0.861	0.000	0.057
sad	0.054	0.000	0.019	0.001	0.884	0.000	0.042
sad	0.101	0.017	0.081	0.002	0.769	0.016	0.014
sad	0.033	0.001	0.020	0.000	0.909	0.000	0.037
sad	0.125	0.025	0.074	0.003	0.742	0.016	0.016
sad	0.136	0.026	0.071	0.002	0.726	0.016	0.023
sad	0.062	0.002	0.034	0.000	0.868	0.001	0.034
sad	0.083	0.002	0.048	0.000	0.814	0.000	0.053
sad	0.173	0.014	0.067	0.003	0.707	0.021	0.015
sad	0.077	0.003	0.032	0.001	0.842	0.001	0.044
sad	0.128	0.014	0.115	0.004	0.679	0.039	0.021
sad	0.202	0.022	0.124	0.003	0.575	0.024	0.049
sad	0.109	0.006	0.031	0.001	0.793	0.000	0.059
sad	0.135	0.006	0.027	0.001	0.766	0.000	0.064
sad	0.133	0.015	0.141	0.003	0.669	0.026	0.015
sad	0.124	0.007	0.025	0.001	0.787	0.000	0.055
