prediction	angry	disgust	fear	happy	sad	surprise	neutral
happy	0.015	0.000	0.000	0.938	0.005	0.000	0.042
happy	0.011	0.000	0.000	0.943	0.003	0.000	0.044
happy	0.004	0.000	0.000	0.958	0.002	0.000	0.037
happy	0.002	0.000	0.000	0.967	0.001	0.000	0.030
happy	0.018	0.000	0.000	0.845	0.005	0.000	0.133
happy	0.009	0.000	0.000	0.931	0.003	0.000	0.058
happy	0.018	0.000	0.000	0.893	0.004	0.000	0.085
happy	0.028	0.000	0.000	0.807	0.007	0.000	0.158
happy	0.034	0.000	0.000	0.778	0.017	0.000	0.171
happy	0.066	0.000	0.000	0.554	0.023	0.000	0.356
happy	0.050	0.000	0.000	0.496	0.029	0.000	0.425
neutral	0.051	0.000	0.000	0.450	0.032	0.000	0.467
happy	0.043	0.000	0.000	0.473	0.036	0.000	0.448
happy	0.024	0.000	0.000	0.603	0.026	0.000	0.346
happy	0.023	0.000	0.000	0.676	0.023	0.000	0.277
happy	0.044	0.000	0.001	0.540	0.034	0.001	0.381
happy	0.040	0.000	0.001	0.618	0.016	0.000	0.325
happy	0.048	0.000	0.002	0.483	0.040	0.000	0.427
happy	0.047	0.000	0.002	0.619	0.033	0.000	0.298
neutral	0.022	0.000	0.002	0.375	0.058	0.001	0.542
happy	0.038	0.000	0.000	0.476	0.023	0.000	0.462
neutral	0.038	0.000	0.001	0.324	0.043	0.000	0.595
happy	0.050	0.000	0.001	0.485	0.023	0.000	0.441
happy	0.061	0.000	0.002	0.516	0.043	0.000	0.379
happy	0.083	0.000	0.001	0.512	0.038	0.000	0.365
happy	0.019	0.000	0.001	0.560	0.046	0.000	0.374
happy	0.072	0.000	0.002	0.493	0.063	0.001	0.369
neutral	0.108	0.000	0.004	0.335	0.076	0.001	0.477
neutral	0.051	0.000	0.001	0.424	0.080	0.000	0.444
happy	0.068	0.000	0.003	0.458	0.055	0.001	0.415
happy	0.049	0.000	0.002	0.497	0.049	0.001	0.403
happy	0.026	0.000	0.001	0.604	0.037	0.000	0.331
neutral	0.079	0.000	0.002	0.409	0.046	0.000	0.464
happy	0.013	0.000	0.000	0.610	0.037	0.000	0.339
neutral	0.074	0.000	0.002	0.372	0.052	0.000	0.501
happy	0.064	0.000	0.001	0.526	0.047	0.001	0.362
happy	0.022	0.000	0.000	0.583	0.069	0.000	0.326
neutral	0.033	0.000	0.002	0.424	0.050	0.000	0.490
neutral	0.063	0.000	0.002	0.342	0.052	0.000	0.540
neutral	0.087	0.000	0.002	0.292	0.091	0.001	0.527
neutral	0.052	0.000	0.002	0.392	0.050	0.000	0.504
neutral	0.068	0.000	0.001	0.273	0.055	0.000	0.603
neutral	0.035	0.000	0.002	0.374	0.050	0.000	0.539
neutral	0.066	0.000	0.002	0.335	0.061	0.000	0.536
happy	0.029	0.000	0.001	0.522	0.045	0.000	0.403
neutral	0.029	0.000	0.001	0.368	0.099	0.000	0.503
neutral	0.073	0.000	0.002	0.259	0.117	0.001	0.548
neutral	0.084	0.000	0.003	0.236	0.094	0.001	0.582
neutral	0.073	0.000	0.003	0.255	0.073	0.001	0.597
neutral	0.101	0.000	0.001	0.243	0.136	0.001	0.519
neutral	0.085	0.000	0.002	0.255	0.185	0.001	0.472
neutral	0.050	0.000	0.002	0.408	0.058	0.001	0.482
neutral	0.058	0.000	0.002	0.357	0.076	0.001	0.506
neutral	0.106	0.000	0.002	0.271	0.134	0.001	0.485
neutral	0.057	0.000	0.002	0.442	0.053	0.001	0.446
neutral	0.062	0.000	0.000	0.400	0.050	0.000	0.487
neutral	0.072	0.000	0.000	0.377	0.062	0.000	0.489
happy	0.018	0.000	0.001	0.609	0.036	0.000	0.337
happy	0.025	0.000	0.001	0.467	0.048	0.000	0.458
neutral	0.023	0.000	0.001	0.390	0.043	0.000	0.543
neutral	0.021	0.000	0.002	0.333	0.075	0.001	0.568
neutral	0.033	0.000	0.003	0.138	0.189	0.001	0.636
neutral	0.029	0.000	0.001	0.281	0.063	0.000	0.624
neutral	0.022	0.000	0.000	0.414	0.045	0.000	0.519
neutral	0.024	0.000	0.003	0.338	0.072	0.001	0.562
neutral	0.034	0.000	0.000	0.177	0.072	0.000	0.716
neutral	0.082	0.000	0.000	0.232	0.069	0.000	0.616
neutral	0.028	0.000	0.001	0.152	0.110	0.000	0.710
neutral	0.020	0.000	0.001	0.121	0.117	0.000	0.741
neutral	0.028	0.000	0.003	0.374	0.092	0.000	0.503
neutral	0.021	0.000	0.002	0.190	0.074	0.000	0.712
neutral	0.021	0.000	0.001	0.140	0.096	0.000	0.743
neutral	0.018	0.000	0.001	0.212	0.059	0.000	0.710
neutral	0.027	0.000	0.003	0.305	0.090	0.001	0.574
neutral	0.023	0.000	0.001	0.444	0.060	0.001	0.471
neutral	0.026	0.000	0.001	0.185	0.052	0.000	0.735
neutral	0.035	0.000	0.001	0.441	0.032	0.000	0.491
happy	0.012	0.000	0.000	0.845	0.012	0.000	0.131
happy	0.004	0.000	0.000	0.922	0.005	0.000	0.068
happy	0.014	0.000	0.001	0.833	0.019	0.000	0.133
neutral	0.041	0.000	0.001	0.368	0.051	0.000	0.538
happy	0.029	0.000	0.001	0.515	0.057	0.001	0.397
neutral	0.042	0.000	0.004	0.340	0.114	0.001	0.499
happy	0.028	0.000	0.001	0.560	0.046	0.000	0.366
happy	0.025	0.000	0.000	0.652	0.029	0.000	0.293
happy	0.017	0.000	0.000	0.798	0.011	0.000	0.174
happy	0.012	0.000	0.000	0.806	0.018	0.000	0.165
happy	0.039	0.000	0.000	0.596	0.028	0.000	0.337
happy	0.030	0.000	0.001	0.696	0.024	0.000	0.249
happy	0.085	0.000	0.001	0.482	0.072	0.001	0.359
happy	0.064	0.000	0.000	0.619	0.031	0.000	0.286
happy	0.043	0.000	0.000	0.474	0.065	0.000	0.417
neutral	0.036	0.000	0.000	0.446	0.045	0.000	0.472
happy	0.037	0.000	0.001	0.658	0.060	0.000	0.243
neutral	0.025	0.000	0.000	0.351	0.042	0.000	0.581
neutral	0.036	0.000	0.000	0.377	0.042	0.000	0.544
happy	0.031	0.000	0.001	0.506	0.024	0.000	0.438
neutral	0.037	0.000	0.000	0.297	0.040	0.000	0.626
neutral	0.045	0.000	0.000	0.264	0.035	0.000	0.656
neutral	0.042	0.000	0.000	0.454	0.041	0.000	0.463
neutral	0.038	0.000	0.000	0.450	0.055	0.000	0.457
neutral	0.061	0.000	0.002	0.387	0.075	0.000	0.474
happy	0.035	0.000	0.000	0.521	0.043	0.000	0.400
neutral	0.032	0.000	0.001	0.427	0.069	0.000	0.470
neutral	0.036	0.000	0.000	0.297	0.054	0.000	0.612
neutral	0.055	0.000	0.001	0.296	0.090	0.001	0.557
happy	0.037	0.000	0.001	0.473	0.060	0.000	0.429
neutral	0.025	0.000	0.000	0.454	0.065	0.000	0.455
neutral	0.062	0.000	0.000	0.260	0.068	0.000	0.609
happy	0.038	0.000	0.001	0.511	0.073	0.000	0.377
neutral	0.070	0.000	0.001	0.328	0.072	0.001	0.528
neutral	0.058	0.000	0.001	0.294	0.078	0.000	0.568
neutral	0.050	0.000	0.002	0.362	0.086	0.001	0.499
neutral	0.063	0.000	0.002	0.269	0.082	0.000	0.584
neutral	0.039	0.000	0.000	0.230	0.061	0.000	0.670
neutral	0.034	0.000	0.001	0.139	0.063	0.000	0.763
neutral	0.037	0.000	0.001	0.179	0.080	0.000	0.702
neutral	0.037	0.000	0.001	0.188	0.082	0.000	0.692
neutral	0.058	0.000	0.002	0.177	0.106	0.000	0.656
neutral	0.054	0.000	0.001	0.139	0.085	0.000	0.721
neutral	0.051	0.000	0.001	0.209	0.065	0.000	0.675
neutral	0.059	0.000	0.002	0.172	0.101	0.000	0.666
neutral	0.057	0.000	0.001	0.148	0.082	0.000	0.712
neutral	0.052	0.000	0.003	0.195	0.122	0.001	0.627
neutral	0.062	0.000	0.003	0.191	0.136	0.000	0.607
neutral	0.090	0.000	0.002	0.233	0.096	0.000	0.579
neutral	0.042	0.000	0.001	0.276	0.066	0.000	0.615
neutral	0.062	0.000	0.000	0.409	0.023	0.000	0.505
neutral	0.037	0.000	0.000	0.381	0.026	0.000	0.556
neutral	0.039	0.000	0.000	0.291	0.039	0.001	0.630
neutral	0.039	0.000	0.001	0.255	0.084	0.000	0.621
neutral	0.043	0.000	0.001	0.281	0.069	0.000	0.605
neutral	0.073	0.000	0.000	0.134	0.093	0.000	0.699
neutral	0.050	0.000	0.001	0.275	0.109	0.000	0.564
neutral	0.061	0.000	0.001	0.239	0.099	0.000	0.600
neutral	0.059	0.000	0.002	0.190	0.115	0.000	0.634
neutral	0.054	0.000	0.000	0.175	0.061	0.000	0.709
neutral	0.057	0.000	0.001	0.248	0.096	0.000	0.598
neutral	0.060	0.000	0.000	0.214	0.064	0.000	0.662
neutral	0.061	0.000	0.000	0.231	0.060	0.000	0.647
neutral	0.048	0.000	0.000	0.223	0.057	0.000	0.671
neutral	0.069	0.000	0.001	0.198	0.086	0.000	0.647
neutral	0.061	0.000	0.000	0.217	0.074	0.000	0.648
neutral	0.059	0.000	0.000	0.135	0.072	0.000	0.733
neutral	0.060	0.000	0.002	0.210	0.105	0.000	0.622
neutral	0.058	0.000	0.002	0.176	0.105	0.000	0.658
neutral	0.054	0.000	0.000	0.128	0.070	0.000	0.748
neutral	0.052	0.000	0.001	0.223	0.061	0.000	0.663
neutral	0.062	0.000	0.001	0.184	0.088	0.000	0.665
neutral	0.043	0.000	0.001	0.303	0.084	0.000	0.569
neutral	0.043	0.000	0.001	0.236	0.079	0.000	0.641
neutral	0.040	0.000	0.000	0.144	0.081	0.000	0.735
neutral	0.029	0.000	0.001	0.259	0.036	0.001	0.674
neutral	0.043	0.000	0.001	0.226	0.047	0.001	0.683
neutral	0.036	0.000	0.001	0.340	0.085	0.000	0.538
neutral	0.046	0.000	0.001	0.274	0.089	0.000	0.590
neutral	0.054	0.000	0.001	0.165	0.093	0.000	0.687
neutral	0.052	0.000	0.000	0.226	0.067	0.000	0.655
neutral	0.054	0.000	0.000	0.220	0.055	0.000	0.671
neutral	0.049	0.000	0.001	0.205	0.048	0.000	0.697
neutral	0.036	0.000	0.000	0.165	0.041	0.000	0.757
neutral	0.046	0.000	0.001	0.244	0.067	0.000	0.643
neutral	0.046	0.000	0.001	0.186	0.049	0.000	0.719
neutral	0.042	0.000	0.001	0.297	0.063	0.000	0.597
neutral	0.064	0.000	0.000	0.142	0.070	0.000	0.722
neutral	0.052	0.000	0.000	0.137	0.060	0.000	0.751
neutral	0.065	0.000	0.000	0.133	0.062	0.000	0.739
neutral	0.055	0.000	0.001	0.250	0.090	0.000	0.604
neutral	0.085	0.000	0.000	0.148	0.049	0.000	0.717
neutral	0.072	0.000	0.001	0.207	0.081	0.000	0.639
neutral	0.058	0.000	0.001	0.226	0.090	0.001	0.624
neutral	0.056	0.000	0.002	0.353	0.062	0.001	0.526
neutral	0.041	0.000	0.001	0.358	0.070	0.000	0.530
neutral	0.046	0.000	0.002	0.420	0.071	0.001	0.461
neutral	0.047	0.000	0.002	0.392	0.074	0.001	0.484
neutral	0.075	0.000	0.001	0.203	0.120	0.001	0.601
neutral	0.047	0.000	0.001	0.310	0.069	0.001	0.574
neutral	0.036	0.000	0.001	0.418	0.036	0.001	0.509
neutral	0.071	0.000	0.001	0.233	0.084	0.001	0.610
neutral	0.048	0.000	0.002	0.396	0.075	0.001	0.478
neutral	0.057	0.000	0.002	0.323	0.077	0.001	0.541
neutral	0.044	0.000	0.002	0.427	0.067	0.001	0.460
neutral	0.073	0.000	0.001	0.270	0.059	0.001	0.596
neutral	0.033	0.000	0.001	0.342	0.054	0.001	0.569
neutral	0.042	0.000	0.001	0.197	0.062	0.000	0.698
neutral	0.049	0.000	0.001	0.220	0.085	0.001	0.644
neutral	0.065	0.000	0.001	0.126	0.091	0.000	0.718
neutral	0.071	0.000	0.003	0.224	0.105	0.002	0.594
neutral	0.038	0.000	0.001	0.124	0.090	0.001	0.746
neutral	0.044	0.000	0.000	0.171	0.059	0.000	0.726
neutral	0.061	0.000	0.001	0.225	0.076	0.000	0.636
neutral	0.067	0.000	0.002	0.155	0.100	0.001	0.675
neutral	0.049	0.000	0.001	0.172	0.071	0.000	0.707
neutral	0.060	0.000	0.002	0.249	0.093	0.001	0.594
neutral	0.048	0.000	0.003	0.258	0.112	0.001	0.577
neutral	0.093	0.000	0.002	0.205	0.070	0.001	0.630
neutral	0.101	0.000	0.002	0.305	0.078	0.001	0.513
neutral	0.045	0.000	0.001	0.187	0.081	0.000	0.686
neutral	0.082	0.000	0.001	0.269	0.069	0.000	0.578
neutral	0.032	0.000	0.001	0.288	0.078	0.001	0.600
neutral	0.053	0.000	0.001	0.246	0.079	0.001	0.621
neutral	0.040	0.000	0.002	0.360	0.070	0.001	0.526
neutral	0.073	0.000	0.002	0.182	0.126	0.001	0.616
neutral	0.047	0.000	0.001	0.245	0.099	0.000	0.608
neutral	0.059	0.000	0.002	0.232	0.088	0.001	0.618
neutral	0.109	0.000	0.003	0.167	0.131	0.002	0.587
neutral	0.123	0.000	0.001	0.165	0.129	0.001	0.581
neutral	0.106	0.000	0.003	0.237	0.101	0.003	0.551
neutral	0.205	0.000	0.001	0.137	0.100	0.001	0.555
neutral	0.261	0.000	0.002	0.090	0.144	0.001	0.503
neutral	0.125	0.000	0.002	0.164	0.126	0.001	0.581
neutral	0.057	0.000	0.005	0.249	0.112	0.003	0.574
neutral	0.083	0.000	0.006	0.185	0.195	0.003	0.527
neutral	0.198	0.000	0.006	0.088	0.220	0.004	0.483
neutral	0.048	0.000	0.003	0.252	0.144	0.002	0.551
neutral	0.121	0.000	0.007	0.233	0.139	0.003	0.497
neutral	0.057	0.000	0.007	0.240	0.156	0.004	0.535
neutral	0.039	0.000	0.004	0.287	0.138	0.002	0.530
neutral	0.075	0.000	0.006	0.143	0.157	0.002	0.617
neutral	0.079	0.000	0.003	0.137	0.102	0.002	0.677
neutral	0.108	0.000	0.003	0.099	0.130	0.001	0.659
neutral	0.065	0.000	0.003	0.174	0.117	0.002	0.640
neutral	0.094	0.000	0.005	0.134	0.170	0.003	0.594
neutral	0.083	0.000	0.002	0.115	0.128	0.001	0.671
neutral	0.089	0.000	0.006	0.130	0.137	0.003	0.635
neutral	0.066	0.000	0.003	0.108	0.118	0.002	0.703
neutral	0.133	0.000	0.005	0.116	0.125	0.002	0.619
neutral	0.080	0.000	0.002	0.131	0.100	0.001	0.686
neutral	0.074	0.000	0.001	0.176	0.083	0.001	0.665
neutral	0.064	0.000	0.002	0.192	0.108	0.001	0.633
neutral	0.095	0.000	0.001	0.151	0.112	0.001	0.639
neutral	0.112	0.000	0.002	0.083	0.120	0.000	0.682
neutral	0.116	0.000	0.001	0.135	0.117	0.001	0.630
neutral	0.099	0.000	0.001	0.124	0.097	0.001	0.677
neutral	0.130	0.000	0.002	0.179	0.132	0.001	0.555
neutral	0.108	0.000	0.002	0.147	0.126	0.001	0.615
neutral	0.230	0.000	0.002	0.088	0.091	0.000	0.589
neutral	0.105	0.000	0.001	0.138	0.110	0.000	0.644
neutral	0.132	0.000	0.002	0.152	0.095	0.000	0.619
neutral	0.159	0.000	0.003	0.231	0.101	0.001	0.505
neutral	0.067	0.000	0.002	0.203	0.130	0.001	0.596
neutral	0.145	0.000	0.001	0.116	0.094	0.000	0.644
neutral	0.160	0.000	0.001	0.119	0.076	0.000	0.643
neutral	0.095	0.000	0.002	0.196	0.118	0.001	0.589
neutral	0.185	0.000	0.001	0.146	0.079	0.001	0.588
neutral	0.053	0.000	0.001	0.191	0.102	0.000	0.652
neutral	0.159	0.000	0.001	0.143	0.107	0.001	0.589
neutral	0.141	0.000	0.001	0.070	0.098	0.000	0.689
neutral	0.088	0.000	0.002	0.176	0.133	0.001	0.599
neutral	0.077	0.000	0.003	0.145	0.167	0.002	0.606
neutral	0.117	0.000	0.005	0.142	0.184	0.003	0.549
neutral	0.104	0.000	0.001	0.131	0.130	0.001	0.632
neutral	0.061	0.000	0.001	0.157	0.102	0.001	0.680
neutral	0.070	0.000	0.001	0.093	0.125	0.000	0.711
neutral	0.066	0.000	0.003	0.173	0.142	0.003	0.613
neutral	0.104	0.000	0.001	0.084	0.066	0.000	0.745
neutral	0.069	0.000	0.007	0.118	0.167	0.003	0.635
neutral	0.044	0.000	0.003	0.233	0.136	0.003	0.581
neutral	0.087	0.000	0.003	0.094	0.152	0.003	0.661
neutral	0.103	0.000	0.007	0.134	0.210	0.003	0.543
neutral	0.089	0.000	0.002	0.083	0.106	0.001	0.719
neutral	0.129	0.000	0.001	0.066	0.093	0.001	0.711
neutral	0.050	0.000	0.003	0.158	0.105	0.002	0.682
neutral	0.120	0.000	0.002	0.058	0.121	0.001	0.698
neutral	0.072	0.000	0.002	0.133	0.132	0.001	0.658
neutral	0.208	0.000	0.003	0.063	0.141	0.001	0.584
neutral	0.174	0.000	0.001	0.065	0.101	0.000	0.659
neutral	0.046	0.000	0.004	0.179	0.131	0.003	0.637
neutral	0.052	0.000	0.003	0.170	0.133	0.002	0.640
neutral	0.062	0.000	0.002	0.210	0.089	0.002	0.635
neutral	0.055	0.000	0.002	0.140	0.141	0.001	0.661
neutral	0.115	0.000	0.002	0.174	0.081	0.001	0.626
neutral	0.075	0.000	0.003	0.159	0.131	0.003	0.630
neutral	0.072	0.000	0.002	0.196	0.124	0.003	0.603
neutral	0.080	0.000	0.002	0.113	0.132	0.001	0.671
neutral	0.065	0.000	0.002	0.161	0.141	0.002	0.629
neutral	0.058	0.000	0.003	0.243	0.121	0.002	0.573
neutral	0.079	0.000	0.003	0.111	0.182	0.002	0.623
neutral	0.049	0.000	0.001	0.144	0.111	0.001	0.695
neutral	0.065	0.000	0.002	0.311	0.079	0.002	0.541
neutral	0.084	0.000	0.001	0.110	0.105	0.001	0.699
neutral	0.052	0.000	0.003	0.161	0.127	0.001	0.656
neutral	0.236	0.000	0.001	0.057	0.098	0.000	0.608
neutral	0.058	0.000	0.004	0.121	0.184	0.002	0.629
neutral	0.098	0.000	0.002	0.107	0.175	0.001	0.616
neutral	0.047	0.000	0.003	0.170	0.167	0.004	0.608
neutral	0.069	0.000	0.001	0.110	0.122	0.001	0.698
neutral	0.053	0.000	0.001	0.065	0.146	0.000	0.735
neutral	0.025	0.000	0.003	0.161	0.121	0.001	0.689
neutral	0.063	0.000	0.002	0.138	0.134	0.002	0.661
neutral	0.025	0.000	0.002	0.144	0.119	0.001	0.709
neutral	0.087	0.000	0.003	0.070	0.185	0.001	0.653
neutral	0.059	0.000	0.002	0.104	0.126	0.001	0.707
neutral	0.070	0.000	0.008	0.097	0.224	0.005	0.596
neutral	0.105	0.000	0.003	0.075	0.155	0.002	0.660
neutral	0.093	0.000	0.003	0.078	0.165	0.002	0.658
neutral	0.083	0.000	0.005	0.117	0.177	0.002	0.615
neutral	0.045	0.000	0.002	0.083	0.138	0.002	0.731
neutral	0.081	0.000	0.002	0.109	0.128	0.001	0.679
neutral	0.100	0.000	0.002	0.071	0.142	0.001	0.685
neutral	0.093	0.000	0.002	0.085	0.143	0.002	0.674
neutral	0.054	0.000	0.003	0.144	0.157	0.002	0.640
neutral	0.068	0.000	0.002	0.107	0.147	0.002	0.673
neutral	0.056	0.000	0.001	0.087	0.111	0.000	0.744
neutral	0.082	0.000	0.000	0.046	0.095	0.000	0.776
neutral	0.076	0.000	0.002	0.088	0.138	0.001	0.695
neutral	0.106	0.000	0.004	0.073	0.148	0.001	0.668
neutral	0.074	0.000	0.001	0.056	0.121	0.000	0.748
neutral	0.134	0.000	0.001	0.054	0.096	0.000	0.714
neutral	0.093	0.000	0.001	0.064	0.107	0.000	0.734
neutral	0.114	0.000	0.002	0.100	0.139	0.001	0.644
neutral	0.096	0.000	0.004	0.114	0.157	0.001	0.628
neutral	0.079	0.000	0.002	0.083	0.126	0.001	0.710
neutral	0.065	0.000	0.001	0.046	0.081	0.000	0.807
neutral	0.105	0.000	0.000	0.062	0.100	0.000	0.732
neutral	0.115	0.000	0.001	0.058	0.133	0.000	0.692
neutral	0.078	0.000	0.001	0.044	0.115	0.000	0.762
neutral	0.071	0.000	0.001	0.082	0.117	0.000	0.729
neutral	0.172	0.000	0.000	0.037	0.082	0.000	0.709
neutral	0.082	0.000	0.001	0.027	0.219	0.000	0.670
neutral	0.088	0.000	0.001	0.068	0.161	0.001	0.681
neutral	0.067	0.000	0.001	0.070	0.120	0.000	0.741
neutral	0.039	0.000	0.002	0.142	0.115	0.001	0.700
neutral	0.052	0.000	0.005	0.137	0.195	0.002	0.609
neutral	0.041	0.000	0.002	0.078	0.131	0.001	0.747
neutral	0.056	0.000	0.005	0.128	0.190	0.003	0.619
neutral	0.040	0.000	0.002	0.095	0.135	0.001	0.727
neutral	0.095	0.000	0.002	0.054	0.181	0.001	0.666
neutral	0.058	0.000	0.003	0.141	0.116	0.002	0.680
neutral	0.099	0.000	0.001	0.040	0.089	0.000	0.770
neutral	0.101	0.000	0.002	0.065	0.168	0.001	0.662
neutral	0.096	0.000	0.001	0.065	0.117	0.001	0.719
neutral	0.174	0.000	0.001	0.053	0.129	0.000	0.643
neutral	0.076	0.000	0.001	0.068	0.123	0.001	0.730
neutral	0.049	0.000	0.000	0.034	0.073	0.000	0.844
neutral	0.070	0.000	0.001	0.033	0.135	0.000	0.760
neutral	0.095	0.000	0.001	0.028	0.145	0.000	0.731
neutral	0.078	0.000	0.003	0.048	0.174	0.001	0.696
neutral	0.089	0.000	0.002	0.077	0.139	0.001	0.692
neutral	0.061	0.000	0.002	0.115	0.132	0.002	0.688
neutral	0.122	0.000	0.001	0.089	0.101	0.001	0.686
neutral	0.080	0.000	0.002	0.089	0.119	0.002	0.707
neutral	0.131	0.000	0.004	0.084	0.164	0.003	0.614
neutral	0.082	0.000	0.000	0.039	0.098	0.000	0.780
neutral	0.164	0.000	0.001	0.032	0.128	0.001	0.674
neutral	0.076	0.000	0.003	0.139	0.128	0.002	0.653
neutral	0.174	0.000	0.002	0.041	0.148	0.001	0.634
neutral	0.098	0.000	0.002	0.083	0.127	0.001	0.690
neutral	0.098	0.000	0.003	0.090	0.162	0.002	0.645
neutral	0.063	0.000	0.003	0.097	0.158	0.002	0.677
neutral	0.061	0.000	0.004	0.114	0.138	0.002	0.680
neutral	0.064	0.000	0.002	0.087	0.156	0.001	0.689
neutral	0.074	0.000	0.004	0.135	0.131	0.002	0.653
neutral	0.137	0.000	0.002	0.048	0.111	0.000	0.702
neutral	0.066	0.000	0.002	0.080	0.151	0.001	0.700
neutral	0.098	0.000	0.002	0.142	0.130	0.001	0.627
neutral	0.077	0.000	0.002	0.051	0.134	0.001	0.735
neutral	0.090	0.000	0.002	0.042	0.111	0.000	0.754
neutral	0.085	0.000	0.002	0.061	0.140	0.001	0.711
neutral	0.056	0.000	0.002	0.070	0.128	0.001	0.743
neutral	0.046	0.000	0.002	0.082	0.141	0.001	0.727
neutral	0.067	0.000	0.002	0.157	0.101	0.001	0.672
neutral	0.059	0.000	0.003	0.153	0.165	0.001	0.618
neutral	0.071	0.000	0.002	0.134	0.137	0.001	0.654
neutral	0.059	0.000	0.004	0.137	0.175	0.002	0.623
neutral	0.103	0.000	0.000	0.045	0.089	0.000	0.762
neutral	0.188	0.000	0.001	0.047	0.116	0.000	0.648
neutral	0.153	0.000	0.001	0.053	0.131	0.001	0.662
neutral	0.135	0.000	0.001	0.023	0.102	0.000	0.739
neutral	0.097	0.000	0.001	0.066	0.110	0.000	0.725
neutral	0.075	0.000	0.003	0.173	0.147	0.002	0.600
neutral	0.073	0.000	0.004	0.277	0.097	0.002	0.547
neutral	0.120	0.000	0.001	0.114	0.070	0.001	0.694
neutral	0.043	0.000	0.003	0.276	0.124	0.002	0.552
neutral	0.154	0.000	0.002	0.132	0.095	0.001	0.616
neutral	0.157	0.000	0.001	0.091	0.068	0.000	0.682
neutral	0.045	0.000	0.003	0.205	0.120	0.001	0.626
neutral	0.118	0.000	0.001	0.092	0.071	0.000	0.718
neutral	0.057	0.000	0.004	0.130	0.150	0.002	0.658
neutral	0.069	0.000	0.003	0.205	0.135	0.003	0.586
neutral	0.164	0.000	0.002	0.049	0.092	0.000	0.693
neutral	0.108	0.000	0.002	0.055	0.090	0.000	0.745
neutral	0.090	0.000	0.001	0.057	0.103	0.000	0.749
neutral	0.135	0.000	0.001	0.106	0.116	0.001	0.641
neutral	0.085	0.000	0.001	0.101	0.128	0.000	0.685
neutral	0.070	0.000	0.004	0.130	0.129	0.001	0.666
neutral	0.100	0.000	0.002	0.079	0.121	0.001	0.698
neutral	0.184	0.000	0.002	0.057	0.115	0.000	0.641
neutral	0.083	0.000	0.002	0.055	0.125	0.001	0.735
neutral	0.116	0.000	0.001	0.040	0.067	0.000	0.776
neutral	0.062	0.000	0.002	0.085	0.113	0.001	0.737
neutral	0.078	0.000	0.002	0.084	0.124	0.001	0.711
neutral	0.127	0.000	0.002	0.067	0.109	0.001	0.694
neutral	0.054	0.000	0.001	0.058	0.096	0.000	0.789
neutral	0.056	0.000	0.003	0.077	0.185	0.001	0.678
neutral	0.082	0.000	0.002	0.052	0.118	0.001	0.747
neutral	0.055	0.000	0.002	0.105	0.088	0.002	0.749
neutral	0.096	0.000	0.002	0.055	0.110	0.001	0.736
neutral	0.089	0.000	0.002	0.035	0.114	0.001	0.759
neutral	0.079	0.000	0.001	0.089	0.120	0.001	0.710
neutral	0.086	0.000	0.003	0.092	0.172	0.001	0.646
neutral	0.099	0.000	0.001	0.073	0.077	0.001	0.750
neutral	0.064	0.000	0.002	0.072	0.126	0.001	0.734
neutral	0.091	0.000	0.003	0.108	0.124	0.001	0.674
neutral	0.057	0.000	0.002	0.098	0.102	0.001	0.739
neutral	0.115	0.000	0.002	0.032	0.111	0.000	0.739
neutral	0.114	0.000	0.002	0.034	0.115	0.000	0.735
neutral	0.097	0.000	0.002	0.035	0.114	0.001	0.751
neutral	0.082	0.000	0.001	0.063	0.137	0.000	0.717
neutral	0.103	0.000	0.003	0.050	0.132	0.001	0.711
neutral	0.074	0.000	0.003	0.043	0.144	0.001	0.735
neutral	0.112	0.000	0.001	0.051	0.131	0.000	0.704
neutral	0.112	0.000	0.001	0.079	0.126	0.000	0.681
neutral	0.119	0.000	0.001	0.037	0.109	0.000	0.733
neutral	0.094	0.000	0.001	0.073	0.118	0.000	0.714
neutral	0.097	0.000	0.002	0.031	0.162	0.000	0.707
neutral	0.105	0.000	0.003	0.064	0.133	0.001	0.694
neutral	0.107	0.000	0.002	0.032	0.152	0.000	0.707
neutral	0.093	0.000	0.001	0.049	0.152	0.000	0.705
neutral	0.098	0.000	0.001	0.041	0.138	0.000	0.722
neutral	0.124	0.000	0.002	0.040	0.162	0.001	0.670
neutral	0.114	0.000	0.002	0.035	0.173	0.001	0.675
neutral	0.075	0.000	0.002	0.027	0.157	0.001	0.739
neutral	0.061	0.000	0.001	0.027	0.151	0.000	0.760
neutral	0.074	0.000	0.001	0.028	0.133	0.000	0.764
neutral	0.060	0.000	0.001	0.037	0.142	0.000	0.758
neutral	0.101	0.000	0.003	0.032	0.149	0.001	0.715
neutral	0.053	0.000	0.003	0.049	0.145	0.001	0.750
neutral	0.119	0.000	0.002	0.046	0.098	0.001	0.733
neutral	0.089	0.000	0.002	0.034	0.149	0.001	0.725
neutral	0.086	0.000	0.002	0.022	0.152	0.000	0.737
neutral	0.063	0.000	0.003	0.050	0.148	0.001	0.736
neutral	0.098	0.000	0.002	0.025	0.128	0.000	0.747
neutral	0.109	0.000	0.003	0.034	0.126	0.001	0.727
neutral	0.101	0.000	0.002	0.020	0.133	0.000	0.744
neutral	0.055	0.000	0.002	0.099	0.126	0.001	0.718
neutral	0.105	0.000	0.003	0.032	0.139	0.001	0.721
neutral	0.047	0.000	0.003	0.070	0.151	0.001	0.728
neutral	0.098	0.000	0.002	0.050	0.132	0.001	0.718
neutral	0.124	0.000	0.000	0.021	0.128	0.000	0.725
neutral	0.157	0.000	0.000	0.014	0.119	0.000	0.709
neutral	0.097	0.000	0.000	0.020	0.093	0.000	0.790
neutral	0.194	0.000	0.001	0.018	0.121	0.000	0.666
neutral	0.089	0.000	0.001	0.040	0.139	0.000	0.730
neutral	0.132	0.000	0.002	0.027	0.143	0.000	0.696
neutral	0.079	0.000	0.001	0.060	0.125	0.000	0.734
neutral	0.078	0.000	0.001	0.048	0.134	0.000	0.738
neutral	0.158	0.000	0.001	0.021	0.109	0.000	0.711
neutral	0.192	0.000	0.003	0.033	0.151	0.001	0.620
neutral	0.139	0.000	0.002	0.044	0.183	0.001	0.630
neutral	0.173	0.000	0.002	0.058	0.153	0.001	0.612
neutral	0.076	0.000	0.002	0.056	0.191	0.001	0.674
neutral	0.090	0.000	0.003	0.055	0.172	0.001	0.680
neutral	0.123	0.000	0.001	0.020	0.140	0.000	0.715
neutral	0.081	0.000	0.001	0.046	0.108	0.000	0.764
neutral	0.143	0.000	0.002	0.027	0.101	0.001	0.727
neutral	0.066	0.000	0.001	0.041	0.122	0.001	0.770
neutral	0.087	0.000	0.001	0.018	0.101	0.000	0.793
neutral	0.133	0.000	0.003	0.023	0.201	0.000	0.640
neutral	0.102	0.000	0.002	0.034	0.199	0.001	0.662
neutral	0.175	0.000	0.002	0.025	0.142	0.000	0.655
neutral	0.082	0.000	0.001	0.032	0.166	0.001	0.718
neutral	0.083	0.000	0.000	0.019	0.127	0.000	0.770
neutral	0.150	0.000	0.003	0.033	0.114	0.001	0.700
neutral	0.082	0.000	0.000	0.007	0.204	0.000	0.707
neutral	0.151	0.000	0.001	0.016	0.093	0.000	0.738
neutral	0.148	0.000	0.001	0.007	0.194	0.000	0.649
neutral	0.347	0.000	0.001	0.007	0.165	0.000	0.480
neutral	0.068	0.000	0.001	0.025	0.233	0.000	0.673
neutral	0.072	0.000	0.001	0.026	0.177	0.000	0.724
neutral	0.041	0.000	0.001	0.035	0.139	0.000	0.785
neutral	0.100	0.000	0.002	0.029	0.141	0.001	0.727
neutral	0.110	0.000	0.001	0.013	0.133	0.000	0.742
neutral	0.268	0.000	0.001	0.014	0.153	0.001	0.565
neutral	0.094	0.000	0.001	0.048	0.184	0.001	0.672
neutral	0.116	0.000	0.002	0.030	0.197	0.001	0.654
neutral	0.102	0.000	0.003	0.029	0.201	0.001	0.665
neutral	0.110	0.000	0.001	0.027	0.197	0.000	0.664
neutral	0.160	0.000	0.002	0.026	0.188	0.001	0.623
neutral	0.111	0.000	0.001	0.012	0.118	0.000	0.758
neutral	0.109	0.000	0.000	0.012	0.137	0.000	0.742
neutral	0.105	0.000	0.001	0.014	0.162	0.000	0.718
neutral	0.098	0.000	0.001	0.019	0.189	0.000	0.693
neutral	0.104	0.000	0.001	0.017	0.197	0.001	0.679
neutral	0.102	0.000	0.001	0.032	0.200	0.001	0.663
neutral	0.100	0.000	0.001	0.015	0.186	0.000	0.699
neutral	0.119	0.000	0.001	0.031	0.209	0.001	0.639
neutral	0.154	0.000	0.001	0.014	0.204	0.000	0.627
neutral	0.119	0.000	0.002	0.043	0.165	0.001	0.670
neutral	0.068	0.000	0.001	0.014	0.147	0.000	0.771
neutral	0.077	0.000	0.001	0.009	0.189	0.000	0.724
neutral	0.088	0.000	0.001	0.026	0.147	0.001	0.738
neutral	0.069	0.000	0.002	0.032	0.138	0.001	0.759
neutral	0.078	0.000	0.004	0.040	0.211	0.002	0.666
neutral	0.064	0.000	0.001	0.032	0.180	0.001	0.721
neutral	0.067	0.000	0.000	0.020	0.112	0.000	0.800
neutral	0.053	0.000	0.001	0.024	0.134	0.000	0.788
neutral	0.080	0.000	0.003	0.040	0.213	0.002	0.662
neutral	0.070	0.000	0.001	0.024	0.136	0.000	0.769
neutral	0.096	0.000	0.001	0.014	0.163	0.000	0.727
neutral	0.059	0.000	0.001	0.016	0.182	0.000	0.742
neutral	0.084	0.000	0.001	0.020	0.121	0.000	0.774
neutral	0.089	0.000	0.001	0.012	0.198	0.000	0.700
neutral	0.096	0.000	0.002	0.031	0.208	0.001	0.663
neutral	0.070	0.000	0.002	0.045	0.168	0.001	0.714
neutral	0.105	0.000	0.003	0.018	0.128	0.000	0.746
neutral	0.120	0.000	0.002	0.014	0.154	0.001	0.710
neutral	0.059	0.000	0.002	0.040	0.148	0.001	0.750
neutral	0.113	0.000	0.002	0.014	0.155	0.000	0.716
neutral	0.127	0.000	0.001	0.010	0.131	0.000	0.731
neutral	0.138	0.000	0.002	0.016	0.142	0.000	0.701
neutral	0.126	0.000	0.001	0.009	0.122	0.000	0.741
neutral	0.116	0.000	0.001	0.009	0.119	0.000	0.754
neutral	0.121	0.000	0.003	0.047	0.148	0.001	0.679
neutral	0.079	0.000	0.003	0.059	0.167	0.001	0.691
neutral	0.064	0.000	0.000	0.028	0.100	0.000	0.807
neutral	0.062	0.000	0.002	0.049	0.122	0.001	0.764
neutral	0.092	0.000	0.002	0.040	0.205	0.001	0.659
neutral	0.123	0.000	0.001	0.019	0.195	0.001	0.662
neutral	0.116	0.000	0.002	0.024	0.196	0.001	0.660
neutral	0.169	0.000	0.004	0.031	0.220	0.002	0.573
neutral	0.070	0.000	0.006	0.049	0.193	0.002	0.681
neutral	0.115	0.000	0.010	0.035	0.177	0.007	0.655
neutral	0.129	0.000	0.000	0.011	0.146	0.000	0.713
neutral	0.051	0.000	0.006	0.054	0.181	0.002	0.706
neutral	0.084	0.000	0.002	0.022	0.228	0.001	0.663
neutral	0.074	0.000	0.007	0.044	0.147	0.009	0.720
neutral	0.039	0.000	0.001	0.032	0.144	0.001	0.783
neutral	0.049	0.000	0.004	0.054	0.136	0.002	0.755
neutral	0.063	0.000	0.001	0.031	0.144	0.001	0.760
neutral	0.046	0.000	0.001	0.022	0.148	0.001	0.782
neutral	0.072	0.000	0.002	0.038	0.211	0.001	0.676
neutral	0.042	0.000	0.002	0.059	0.157	0.001	0.739
neutral	0.068	0.000	0.001	0.019	0.165	0.001	0.746
neutral	0.067	0.000	0.002	0.051	0.202	0.001	0.678
neutral	0.091	0.000	0.001	0.027	0.134	0.001	0.747
neutral	0.076	0.000	0.000	0.019	0.120	0.000	0.784
neutral	0.103	0.000	0.001	0.024	0.135	0.000	0.736
neutral	0.079	0.000	0.001	0.035	0.166	0.001	0.717
neutral	0.103	0.000	0.002	0.044	0.202	0.001	0.649
neutral	0.112	0.000	0.002	0.029	0.149	0.001	0.706
neutral	0.088	0.000	0.001	0.023	0.157	0.000	0.731
neutral	0.052	0.000	0.001	0.030	0.143	0.000	0.774
neutral	0.065	0.000	0.001	0.016	0.148	0.001	0.768
neutral	0.054	0.000	0.000	0.020	0.159	0.000	0.768
neutral	0.056	0.000	0.000	0.009	0.136	0.000	0.799
neutral	0.032	0.000	0.000	0.012	0.103	0.000	0.852
neutral	0.038	0.000	0.000	0.030	0.095	0.000	0.836
neutral	0.043	0.000	0.000	0.027	0.091	0.000	0.839
neutral	0.076	0.000	0.000	0.030	0.119	0.000	0.775
neutral	0.070	0.000	0.000	0.035	0.141	0.000	0.753
neutral	0.090	0.000	0.001	0.019	0.201	0.000	0.688
neutral	0.085	0.000	0.003	0.018	0.226	0.001	0.667
neutral	0.088	0.000	0.002	0.018	0.211	0.001	0.681
neutral	0.099	0.000	0.002	0.038	0.147	0.001	0.713
neutral	0.084	0.000	0.000	0.015	0.145	0.000	0.756
neutral	0.125	0.000	0.000	0.012	0.158	0.000	0.704
neutral	0.062	0.000	0.001	0.016	0.157	0.000	0.764
neutral	0.039	0.000	0.000	0.012	0.115	0.000	0.833
neutral	0.052	0.000	0.001	0.019	0.133	0.000	0.795
neutral	0.050	0.000	0.001	0.017	0.121	0.000	0.811
neutral	0.077	0.000	0.006	0.033	0.174	0.002	0.707
neutral	0.071	0.000	0.001	0.017	0.107	0.000	0.804
neutral	0.057	0.000	0.000	0.013	0.115	0.000	0.814
neutral	0.058	0.000	0.000	0.011	0.139	0.000	0.792
neutral	0.056	0.000	0.000	0.012	0.135	0.000	0.797
neutral	0.074	0.000	0.003	0.032	0.156	0.002	0.734
neutral	0.059	0.000	0.000	0.015	0.130	0.000	0.795
neutral	0.122	0.000	0.003	0.052	0.132	0.001	0.690
neutral	0.049	0.000	0.002	0.057	0.129	0.001	0.763
neutral	0.065	0.000	0.003	0.035	0.190	0.001	0.706
neutral	0.068	0.000	0.002	0.028	0.159	0.001	0.743
neutral	0.064	0.000	0.000	0.015	0.106	0.000	0.815
neutral	0.048	0.000	0.001	0.045	0.143	0.001	0.763
neutral	0.070	0.000	0.003	0.035	0.153	0.001	0.738
neutral	0.056	0.000	0.002	0.049	0.152	0.001	0.740
neutral	0.081	0.000	0.000	0.019	0.123	0.000	0.776
neutral	0.058	0.000	0.001	0.042	0.162	0.001	0.735
neutral	0.079	0.000	0.000	0.021	0.118	0.000	0.781
neutral	0.055	0.000	0.001	0.011	0.141	0.000	0.791
neutral	0.079	0.000	0.000	0.015	0.128	0.000	0.778
neutral	0.088	0.000	0.001	0.032	0.132	0.000	0.748
neutral	0.089	0.000	0.002	0.043	0.112	0.001	0.754
neutral	0.122	0.000	0.001	0.020	0.137	0.000	0.720
neutral	0.083	0.000	0.002	0.058	0.132	0.001	0.724
neutral	0.065	0.000	0.002	0.056	0.178	0.001	0.698
neutral	0.160	0.000	0.001	0.054	0.119	0.001	0.666
neutral	0.163	0.000	0.001	0.026	0.088	0.000	0.722
neutral	0.112	0.000	0.000	0.037	0.070	0.001	0.779
neutral	0.143	0.000	0.001	0.036	0.128	0.001	0.692
neutral	0.165	0.000	0.000	0.011	0.122	0.000	0.700
neutral	0.077	0.000	0.000	0.021	0.079	0.000	0.823
neutral	0.084	0.000	0.002	0.017	0.122	0.001	0.774
neutral	0.153	0.000	0.000	0.017	0.133	0.000	0.697
neutral	0.114	0.000	0.000	0.018	0.082	0.000	0.784
neutral	0.156	0.000	0.000	0.015	0.166	0.000	0.662
neutral	0.165	0.000	0.000	0.019	0.113	0.000	0.702
neutral	0.169	0.000	0.000	0.008	0.109	0.000	0.714
neutral	0.161	0.000	0.000	0.017	0.104	0.000	0.717
neutral	0.098	0.000	0.001	0.038	0.126	0.001	0.736
neutral	0.209	0.000	0.000	0.014	0.167	0.000	0.610
neutral	0.141	0.000	0.000	0.021	0.156	0.001	0.681
neutral	0.189	0.000	0.000	0.036	0.114	0.000	0.660
neutral	0.130	0.000	0.000	0.020	0.180	0.001	0.669
neutral	0.123	0.000	0.000	0.017	0.115	0.000	0.744
neutral	0.212	0.000	0.000	0.012	0.174	0.000	0.600
neutral	0.175	0.000	0.000	0.013	0.168	0.000	0.644
neutral	0.169	0.000	0.001	0.025	0.108	0.000	0.697
neutral	0.156	0.000	0.001	0.093	0.120	0.002	0.628
neutral	0.203	0.000	0.001	0.041	0.161	0.001	0.593
neutral	0.186	0.000	0.000	0.042	0.142	0.001	0.629
neutral	0.236	0.000	0.001	0.023	0.196	0.001	0.544
neutral	0.174	0.000	0.000	0.029	0.114	0.001	0.682
neutral	0.107	0.000	0.000	0.011	0.149	0.000	0.733
neutral	0.138	0.000	0.000	0.022	0.145	0.000	0.695
neutral	0.140	0.000	0.000	0.018	0.126	0.001	0.714
neutral	0.100	0.000	0.000	0.020	0.110	0.000	0.769
neutral	0.082	0.000	0.000	0.027	0.098	0.000	0.793
neutral	0.089	0.000	0.001	0.052	0.119	0.001	0.738
neutral	0.105	0.000	0.001	0.039	0.166	0.001	0.689
neutral	0.111	0.000	0.001	0.025	0.174	0.001	0.688
neutral	0.097	0.000	0.001	0.072	0.137	0.001	0.692
neutral	0.083	0.000	0.001	0.044	0.095	0.000	0.777
neutral	0.130	0.000	0.002	0.063	0.159	0.001	0.645
neutral	0.109	0.000	0.001	0.058	0.136	0.001	0.694
neutral	0.111	0.000	0.002	0.048	0.157	0.001	0.681
neutral	0.067	0.000	0.001	0.030	0.118	0.001	0.783
neutral	0.149	0.000	0.000	0.010	0.229	0.000	0.610
neutral	0.132	0.000	0.000	0.011	0.176	0.000	0.680
neutral	0.158	0.000	0.000	0.007	0.163	0.000	0.671
neutral	0.184	0.000	0.000	0.011	0.130	0.000	0.675
neutral	0.105	0.000	0.001	0.043	0.109	0.001	0.741
neutral	0.152	0.000	0.000	0.022	0.134	0.000	0.691
neutral	0.103	0.000	0.002	0.043	0.124	0.001	0.728
neutral	0.188	0.000	0.001	0.059	0.118	0.001	0.633
neutral	0.162	0.000	0.001	0.048	0.137	0.001	0.651
neutral	0.149	0.000	0.002	0.048	0.155	0.001	0.645
neutral	0.131	0.000	0.001	0.040	0.145	0.001	0.681
neutral	0.113	0.000	0.001	0.043	0.102	0.001	0.740
neutral	0.148	0.000	0.001	0.053	0.131	0.001	0.667
neutral	0.132	0.000	0.001	0.039	0.100	0.001	0.727
neutral	0.084	0.000	0.001	0.044	0.103	0.000	0.768
neutral	0.083	0.000	0.001	0.033	0.108	0.000	0.774
neutral	0.085	0.000	0.001	0.042	0.114	0.001	0.757
neutral	0.117	0.000	0.001	0.042	0.107	0.001	0.733
neutral	0.091	0.000	0.001	0.031	0.108	0.000	0.768
neutral	0.087	0.000	0.002	0.036	0.143	0.001	0.731
neutral	0.078	0.000	0.001	0.035	0.107	0.001	0.777
neutral	0.078	0.000	0.004	0.042	0.164	0.002	0.708
neutral	0.085	0.000	0.002	0.024	0.177	0.001	0.711
neutral	0.149	0.000	0.001	0.032	0.190	0.001	0.627
neutral	0.192	0.000	0.001	0.021	0.159	0.000	0.626
neutral	0.128	0.000	0.000	0.013	0.130	0.000	0.728
neutral	0.132	0.000	0.000	0.016	0.157	0.000	0.694
neutral	0.104	0.000	0.000	0.008	0.134	0.000	0.754
neutral	0.077	0.000	0.003	0.021	0.183	0.001	0.714
neutral	0.103	0.000	0.001	0.039	0.131	0.000	0.726
neutral	0.135	0.000	0.001	0.028	0.102	0.001	0.734
neutral	0.076	0.000	0.001	0.033	0.124	0.000	0.765
neutral	0.107	0.000	0.001	0.024	0.090	0.000	0.778
neutral	0.121	0.000	0.002	0.018	0.145	0.001	0.713
neutral	0.128	0.000	0.001	0.041	0.150	0.001	0.680
neutral	0.132	0.000	0.001	0.017	0.133	0.001	0.716
neutral	0.116	0.000	0.002	0.039	0.160	0.001	0.682
neutral	0.095	0.000	0.003	0.021	0.189	0.001	0.691
neutral	0.156	0.000	0.000	0.013	0.203	0.000	0.627
neutral	0.126	0.000	0.000	0.009	0.183	0.000	0.681
neutral	0.146	0.000	0.001	0.018	0.201	0.000	0.634
neutral	0.122	0.000	0.001	0.016	0.171	0.000	0.689
neutral	0.118	0.000	0.000	0.012	0.163	0.000	0.707
neutral	0.140	0.000	0.000	0.013	0.146	0.000	0.701
neutral	0.105	0.000	0.000	0.009	0.138	0.000	0.747
neutral	0.112	0.000	0.000	0.009	0.177	0.000	0.702
neutral	0.175	0.000	0.000	0.009	0.195	0.000	0.621
neutral	0.195	0.000	0.000	0.009	0.171	0.000	0.624
neutral	0.136	0.000	0.001	0.018	0.184	0.000	0.660
neutral	0.306	0.000	0.000	0.016	0.179	0.000	0.499
neutral	0.121	0.000	0.001	0.021	0.180	0.000	0.676
neutral	0.108	0.000	0.001	0.011	0.177	0.000	0.703
neutral	0.107	0.000	0.001	0.009	0.210	0.000	0.672
neutral	0.109	0.000	0.000	0.012	0.192	0.000	0.687
neutral	0.090	0.000	0.002	0.021	0.182	0.001	0.702
neutral	0.114	0.000	0.001	0.015	0.163	0.001	0.706
neutral	0.124	0.000	0.001	0.010	0.204	0.000	0.661
neutral	0.109	0.000	0.001	0.016	0.217	0.001	0.655
neutral	0.098	0.000	0.000	0.006	0.160	0.000	0.736
neutral	0.058	0.000	0.002	0.041	0.147	0.000	0.753
neutral	0.096	0.000	0.000	0.008	0.165	0.000	0.731
neutral	0.076	0.000	0.000	0.006	0.187	0.000	0.731
neutral	0.103	0.000	0.000	0.009	0.156	0.000	0.732
neutral	0.101	0.000	0.002	0.017	0.157	0.001	0.722
neutral	0.097	0.000	0.001	0.015	0.175	0.001	0.711
neutral	0.129	0.000	0.005	0.039	0.214	0.001	0.611
neutral	0.084	0.000	0.003	0.104	0.166	0.001	0.641
neutral	0.129	0.000	0.002	0.137	0.141	0.000	0.591
neutral	0.165	0.000	0.007	0.078	0.221	0.002	0.527
neutral	0.273	0.000	0.002	0.091	0.136	0.001	0.498
neutral	0.054	0.000	0.001	0.091	0.060	0.001	0.793
neutral	0.118	0.000	0.003	0.080	0.172	0.002	0.625
neutral	0.056	0.000	0.002	0.268	0.047	0.002	0.625
happy	0.132	0.000	0.004	0.422	0.117	0.003	0.322
happy	0.072	0.000	0.001	0.629	0.047	0.000	0.251
neutral	0.067	0.000	0.001	0.362	0.107	0.000	0.463
neutral	0.109	0.000	0.001	0.199	0.089	0.001	0.601
neutral	0.057	0.000	0.002	0.096	0.119	0.001	0.725
neutral	0.078	0.000	0.002	0.090	0.129	0.001	0.700
neutral	0.070	0.000	0.002	0.116	0.108	0.002	0.702
neutral	0.082	0.000	0.002	0.076	0.130	0.001	0.709
neutral	0.106	0.000	0.001	0.105	0.095	0.000	0.692
neutral	0.126	0.000	0.001	0.139	0.101	0.001	0.632
neutral	0.181	0.000	0.001	0.071	0.113	0.001	0.633
neutral	0.140	0.000	0.004	0.059	0.165	0.003	0.629
neutral	0.071	0.000	0.002	0.139	0.109	0.002	0.677
neutral	0.088	0.000	0.002	0.102	0.152	0.003	0.652
neutral	0.232	0.000	0.001	0.067	0.129	0.000	0.571
neutral	0.059	0.000	0.009	0.061	0.223	0.003	0.646
neutral	0.120	0.000	0.001	0.127	0.113	0.001	0.638
neutral	0.132	0.000	0.002	0.157	0.120	0.001	0.588
neutral	0.111	0.000	0.002	0.181	0.090	0.001	0.615
neutral	0.144	0.000	0.001	0.130	0.135	0.001	0.589
neutral	0.147	0.000	0.000	0.115	0.091	0.000	0.647
neutral	0.146	0.000	0.000	0.113	0.106	0.000	0.634
neutral	0.151	0.000	0.001	0.101	0.123	0.001	0.624
neutral	0.174	0.000	0.000	0.070	0.103	0.000	0.653
neutral	0.194	0.000	0.000	0.056	0.142	0.000	0.607
neutral	0.121	0.000	0.001	0.135	0.110	0.001	0.632
neutral	0.115	0.000	0.002	0.137	0.126	0.001	0.619
neutral	0.115	0.000	0.002	0.120	0.119	0.001	0.642
neutral	0.112	0.000	0.003	0.192	0.117	0.002	0.575
neutral	0.115	0.000	0.002	0.143	0.117	0.001	0.622
neutral	0.163	0.000	0.000	0.059	0.123	0.000	0.653
neutral	0.169	0.000	0.000	0.040	0.165	0.000	0.626
neutral	0.161	0.000	0.001	0.077	0.103	0.000	0.658
neutral	0.139	0.000	0.001	0.089	0.100	0.001	0.671
neutral	0.100	0.000	0.001	0.117	0.096	0.001	0.685
neutral	0.128	0.000	0.001	0.071	0.111	0.000	0.688
neutral	0.147	0.000	0.001	0.149	0.112	0.001	0.589
neutral	0.171	0.000	0.001	0.089	0.128	0.001	0.611
neutral	0.132	0.000	0.001	0.081	0.118	0.001	0.668
neutral	0.167	0.000	0.003	0.155	0.139	0.001	0.534
neutral	0.168	0.000	0.002	0.091	0.133	0.002	0.604
neutral	0.125	0.000	0.002	0.097	0.170	0.001	0.605
neutral	0.127	0.000	0.002	0.091	0.179	0.002	0.598
neutral	0.190	0.000	0.001	0.059	0.170	0.001	0.579
neutral	0.165	0.000	0.001	0.093	0.118	0.001	0.623
neutral	0.126	0.000	0.003	0.086	0.175	0.001	0.608
neutral	0.112	0.000	0.001	0.092	0.131	0.001	0.662
neutral	0.140	0.000	0.001	0.043	0.146	0.001	0.669
neutral	0.144	0.000	0.001	0.069	0.115	0.001	0.671
neutral	0.193	0.000	0.001	0.090	0.141	0.001	0.574
neutral	0.188	0.000	0.000	0.037	0.171	0.001	0.602
neutral	0.152	0.000	0.002	0.071	0.145	0.002	0.629
neutral	0.205	0.000	0.001	0.042	0.206	0.001	0.546
neutral	0.262	0.000	0.001	0.031	0.158	0.000	0.548
neutral	0.255	0.000	0.001	0.086	0.090	0.001	0.568
neutral	0.219	0.000	0.001	0.036	0.219	0.001	0.523
neutral	0.223	0.000	0.001	0.081	0.108	0.001	0.587
neutral	0.246	0.000	0.003	0.108	0.155	0.006	0.481
neutral	0.183	0.000	0.001	0.055	0.206	0.001	0.553
neutral	0.201	0.000	0.001	0.030	0.215	0.000	0.551
neutral	0.189	0.000	0.002	0.073	0.126	0.001	0.610
neutral	0.170	0.000	0.002	0.037	0.183	0.001	0.607
neutral	0.184	0.000	0.001	0.021	0.196	0.000	0.598
neutral	0.243	0.000	0.001	0.017	0.192	0.000	0.546
neutral	0.164	0.000	0.001	0.053	0.215	0.001	0.566
neutral	0.231	0.000	0.001	0.029	0.194	0.000	0.544
neutral	0.170	0.000	0.001	0.075	0.119	0.001	0.634
neutral	0.165	0.000	0.001	0.072	0.115	0.001	0.646
neutral	0.190	0.000	0.001	0.080	0.109	0.001	0.618
neutral	0.125	0.000	0.001	0.076	0.166	0.002	0.630
neutral	0.247	0.000	0.001	0.032	0.116	0.001	0.602
neutral	0.188	0.000	0.001	0.068	0.108	0.001	0.633
neutral	0.168	0.000	0.002	0.047	0.131	0.001	0.652
neutral	0.158	0.000	0.002	0.049	0.188	0.001	0.602
neutral	0.123	0.000	0.003	0.079	0.235	0.002	0.557
neutral	0.150	0.000	0.001	0.041	0.100	0.000	0.707
neutral	0.151	0.000	0.001	0.084	0.139	0.001	0.623
neutral	0.228	0.000	0.002	0.067	0.123	0.001	0.580
neutral	0.166	0.000	0.001	0.078	0.153	0.001	0.601
neutral	0.129	0.000	0.001	0.073	0.105	0.001	0.691
neutral	0.127	0.000	0.002	0.127	0.138	0.001	0.606
neutral	0.178	0.000	0.002	0.085	0.151	0.002	0.581
neutral	0.191	0.000	0.001	0.041	0.161	0.001	0.605
neutral	0.144	0.000	0.002	0.077	0.136	0.002	0.640
neutral	0.218	0.000	0.002	0.089	0.124	0.004	0.562
neutral	0.216	0.000	0.002	0.067	0.142	0.001	0.571
neutral	0.218	0.000	0.001	0.057	0.097	0.000	0.627
neutral	0.124	0.000	0.001	0.041	0.141	0.001	0.692
neutral	0.135	0.000	0.001	0.088	0.102	0.001	0.673
neutral	0.133	0.000	0.002	0.119	0.126	0.001	0.619
happy	0.099	0.000	0.001	0.481	0.071	0.001	0.347
neutral	0.154	0.000	0.000	0.130	0.104	0.001	0.611
neutral	0.099	0.000	0.000	0.223	0.068	0.000	0.609
neutral	0.087	0.000	0.000	0.155	0.078	0.000	0.679
neutral	0.123	0.000	0.000	0.324	0.072	0.001	0.479
neutral	0.113	0.000	0.000	0.207	0.060	0.000	0.618
happy	0.051	0.000	0.000	0.792	0.020	0.000	0.136
happy	0.015	0.000	0.000	0.931	0.006	0.000	0.048
happy	0.015	0.000	0.000	0.936	0.005	0.000	0.044
happy	0.039	0.000	0.000	0.869	0.014	0.000	0.077
happy	0.028	0.000	0.000	0.893	0.013	0.000	0.065
