prediction	angry	disgust	fear	happy	sad	surprise	neutral
neutral	0.235	0.000	0.025	0.007	0.166	0.014	0.552
neutral	0.159	0.000	0.030	0.011	0.224	0.013	0.563
neutral	0.122	0.000	0.010	0.019	0.136	0.004	0.709
neutral	0.184	0.000	0.033	0.016	0.196	0.018	0.553
neutral	0.213	0.000	0.057	0.013	0.189	0.029	0.500
neutral	0.180	0.000	0.045	0.013	0.186	0.023	0.552
neutral	0.127	0.000	0.024	0.013	0.214	0.012	0.610
neutral	0.112	0.000	0.037	0.014	0.184	0.015	0.639
neutral	0.126	0.000	0.040	0.015	0.198	0.015	0.606
neutral	0.136	0.000	0.045	0.015	0.202	0.015	0.588
neutral	0.090	0.000	0.038	0.019	0.166	0.014	0.673
neutral	0.059	0.000	0.020	0.015	0.134	0.006	0.766
neutral	0.065	0.000	0.017	0.012	0.116	0.006	0.785
neutral	0.083	0.000	0.008	0.008	0.123	0.002	0.777
neutral	0.159	0.000	0.005	0.009	0.121	0.001	0.705
neutral	0.078	0.000	0.014	0.010	0.117	0.004	0.777
neutral	0.059	0.000	0.024	0.012	0.125	0.007	0.774
neutral	0.054	0.000	0.022	0.013	0.167	0.006	0.739
neutral	0.108	0.000	0.041	0.011	0.169	0.013	0.658
neutral	0.146	0.000	0.023	0.010	0.146	0.012	0.663
neutral	0.079	0.000	0.029	0.010	0.161	0.012	0.708
neutral	0.134	0.000	0.026	0.010	0.146	0.012	0.672
neutral	0.132	0.000	0.026	0.010	0.171	0.010	0.651
neutral	0.134	0.000	0.022	0.010	0.154	0.010	0.670
neutral	0.095	0.000	0.045	0.011	0.192	0.013	0.645
neutral	0.112	0.000	0.035	0.010	0.186	0.012	0.645
neutral	0.117	0.000	0.021	0.015	0.140	0.010	0.698
neutral	0.150	0.000	0.022	0.012	0.190	0.010	0.616
neutral	0.104	0.000	0.027	0.010	0.155	0.009	0.694
neutral	0.104	0.000	0.022	0.008	0.166	0.006	0.694
neutral	0.093	0.000	0.041	0.011	0.158	0.009	0.688
neutral	0.080	0.000	0.033	0.010	0.164	0.011	0.702
neutral	0.092	0.000	0.028	0.012	0.148	0.009	0.710
neutral	0.137	0.000	0.011	0.009	0.207	0.007	0.629
neutral	0.086	0.000	0.043	0.010	0.187	0.015	0.659
neutral	0.112	0.000	0.042	0.012	0.201	0.013	0.619
neutral	0.109	0.000	0.042	0.017	0.196	0.014	0.621
neutral	0.093	0.000	0.036	0.013	0.213	0.014	0.631
neutral	0.113	0.000	0.034	0.013	0.165	0.016	0.660
neutral	0.141	0.000	0.019	0.008	0.182	0.008	0.641
neutral	0.047	0.000	0.015	0.020	0.120	0.005	0.793
neutral	0.089	0.000	0.041	0.020	0.194	0.014	0.642
neutral	0.121	0.000	0.028	0.015	0.177	0.013	0.644
neutral	0.152	0.000	0.025	0.018	0.194	0.008	0.604
neutral	0.174	0.000	0.028	0.014	0.185	0.012	0.586
neutral	0.166	0.000	0.034	0.015	0.212	0.012	0.562
neutral	0.135	0.000	0.030	0.015	0.195	0.008	0.617
neutral	0.135	0.000	0.012	0.010	0.170	0.006	0.666
neutral	0.226	0.000	0.029	0.009	0.205	0.013	0.518
neutral	0.354	0.000	0.008	0.008	0.184	0.005	0.441
neutral	0.118	0.000	0.014	0.015	0.166	0.007	0.679
neutral	0.101	0.000	0.011	0.012	0.175	0.006	0.694
neutral	0.136	0.000	0.013	0.009	0.205	0.006	0.629
neutral	0.300	0.000	0.022	0.007	0.162	0.011	0.498
neutral	0.103	0.000	0.014	0.013	0.179	0.004	0.686
neutral	0.102	0.000	0.011	0.023	0.147	0.005	0.712
neutral	0.102	0.000	0.010	0.023	0.159	0.004	0.701
neutral	0.169	0.000	0.025	0.026	0.243	0.018	0.520
neutral	0.081	0.000	0.012	0.020	0.167	0.004	0.716
neutral	0.114	0.000	0.015	0.019	0.209	0.008	0.635
neutral	0.107	0.000	0.008	0.010	0.269	0.005	0.602
neutral	0.108	0.000	0.010	0.011	0.362	0.004	0.506
neutral	0.135	0.000	0.018	0.013	0.370	0.005	0.458
neutral	0.091	0.000	0.011	0.024	0.185	0.006	0.683
neutral	0.063	0.000	0.012	0.019	0.211	0.005	0.689
neutral	0.070	0.000	0.009	0.022	0.127	0.003	0.770
neutral	0.089	0.000	0.016	0.035	0.239	0.009	0.612
neutral	0.095	0.000	0.015	0.023	0.207	0.003	0.657
neutral	0.119	0.000	0.012	0.015	0.248	0.004	0.602
neutral	0.087	0.000	0.009	0.010	0.234	0.003	0.658
neutral	0.103	0.000	0.011	0.011	0.199	0.003	0.672
neutral	0.070	0.000	0.013	0.013	0.150	0.006	0.747
neutral	0.071	0.000	0.011	0.018	0.134	0.004	0.762
neutral	0.116	0.000	0.005	0.013	0.154	0.002	0.710
neutral	0.366	0.000	0.008	0.006	0.179	0.001	0.440
neutral	0.092	0.000	0.007	0.023	0.144	0.002	0.731
neutral	0.235	0.000	0.008	0.015	0.160	0.001	0.581
neutral	0.061	0.000	0.013	0.025	0.161	0.004	0.735
neutral	0.080	0.000	0.007	0.013	0.180	0.004	0.717
neutral	0.090	0.000	0.006	0.018	0.198	0.003	0.686
neutral	0.059	0.000	0.024	0.045	0.232	0.005	0.635
neutral	0.060	0.000	0.007	0.017	0.197	0.004	0.715
neutral	0.069	0.000	0.008	0.022	0.168	0.004	0.730
neutral	0.230	0.000	0.010	0.011	0.219	0.003	0.526
neutral	0.157	0.000	0.015	0.012	0.270	0.007	0.539
neutral	0.080	0.000	0.009	0.015	0.198	0.002	0.695
neutral	0.071	0.000	0.009	0.009	0.239	0.004	0.669
neutral	0.262	0.000	0.017	0.009	0.269	0.004	0.438
neutral	0.143	0.000	0.012	0.011	0.230	0.003	0.601
neutral	0.326	0.000	0.009	0.005	0.213	0.002	0.444
neutral	0.170	0.000	0.011	0.011	0.238	0.004	0.567
neutral	0.193	0.000	0.007	0.010	0.211	0.002	0.577
neutral	0.084	0.000	0.008	0.012	0.226	0.002	0.668
neutral	0.088	0.000	0.007	0.013	0.225	0.002	0.664
neutral	0.129	0.000	0.008	0.015	0.240	0.003	0.605
neutral	0.075	0.000	0.009	0.008	0.222	0.003	0.683
neutral	0.287	0.000	0.014	0.010	0.295	0.004	0.391
neutral	0.085	0.000	0.010	0.011	0.292	0.002	0.599
neutral	0.277	0.000	0.015	0.009	0.316	0.003	0.379
neutral	0.114	0.000	0.011	0.007	0.251	0.003	0.613
neutral	0.202	0.000	0.012	0.009	0.234	0.004	0.539
neutral	0.093	0.000	0.010	0.007	0.238	0.003	0.650
neutral	0.082	0.000	0.009	0.008	0.227	0.003	0.670
neutral	0.087	0.000	0.010	0.008	0.263	0.002	0.630
neutral	0.086	0.000	0.009	0.006	0.246	0.002	0.651
neutral	0.083	0.000	0.010	0.007	0.235	0.003	0.662
neutral	0.082	0.000	0.009	0.006	0.222	0.003	0.677
neutral	0.172	0.000	0.014	0.006	0.304	0.004	0.500
neutral	0.081	0.000	0.011	0.013	0.238	0.004	0.652
neutral	0.100	0.000	0.009	0.009	0.227	0.002	0.652
neutral	0.135	0.000	0.010	0.012	0.317	0.002	0.523
neutral	0.114	0.000	0.013	0.007	0.290	0.004	0.572
neutral	0.085	0.000	0.009	0.007	0.295	0.002	0.602
neutral	0.130	0.000	0.016	0.007	0.364	0.004	0.479
neutral	0.268	0.000	0.015	0.005	0.249	0.005	0.458
neutral	0.156	0.000	0.017	0.008	0.349	0.003	0.466
neutral	0.134	0.000	0.015	0.008	0.283	0.004	0.556
neutral	0.118	0.000	0.013	0.009	0.291	0.004	0.564
neutral	0.132	0.000	0.016	0.008	0.343	0.003	0.498
neutral	0.139	0.000	0.010	0.007	0.243	0.002	0.599
neutral	0.148	0.000	0.015	0.009	0.342	0.003	0.483
neutral	0.090	0.000	0.013	0.007	0.234	0.002	0.654
neutral	0.115	0.000	0.015	0.009	0.317	0.003	0.541
neutral	0.076	0.000	0.009	0.010	0.300	0.002	0.604
neutral	0.107	0.000	0.009	0.008	0.324	0.002	0.549
neutral	0.107	0.000	0.009	0.013	0.248	0.002	0.621
neutral	0.101	0.000	0.009	0.013	0.222	0.002	0.654
neutral	0.101	0.000	0.009	0.015	0.238	0.002	0.635
neutral	0.162	0.000	0.013	0.011	0.307	0.004	0.504
neutral	0.101	0.000	0.010	0.013	0.236	0.003	0.638
neutral	0.097	0.000	0.010	0.010	0.245	0.002	0.635
neutral	0.094	0.000	0.011	0.013	0.247	0.002	0.632
neutral	0.072	0.000	0.017	0.017	0.181	0.003	0.710
neutral	0.107	0.000	0.014	0.018	0.238	0.002	0.620
neutral	0.101	0.000	0.017	0.012	0.243	0.005	0.623
neutral	0.085	0.000	0.011	0.014	0.241	0.002	0.647
neutral	0.092	0.000	0.018	0.007	0.265	0.002	0.616
neutral	0.093	0.000	0.012	0.007	0.267	0.002	0.620
neutral	0.090	0.000	0.010	0.007	0.245	0.001	0.646
neutral	0.105	0.000	0.009	0.006	0.273	0.001	0.605
neutral	0.118	0.000	0.018	0.010	0.371	0.004	0.479
neutral	0.084	0.000	0.015	0.009	0.253	0.003	0.636
neutral	0.092	0.000	0.013	0.014	0.321	0.002	0.557
neutral	0.102	0.000	0.018	0.009	0.309	0.005	0.557
neutral	0.213	0.000	0.017	0.013	0.272	0.005	0.479
neutral	0.139	0.000	0.015	0.009	0.332	0.004	0.502
neutral	0.133	0.000	0.013	0.008	0.282	0.003	0.561
neutral	0.208	0.000	0.014	0.010	0.266	0.004	0.498
neutral	0.106	0.000	0.016	0.015	0.254	0.006	0.601
neutral	0.171	0.000	0.015	0.013	0.217	0.004	0.580
neutral	0.076	0.000	0.011	0.009	0.263	0.003	0.637
neutral	0.101	0.000	0.009	0.012	0.207	0.002	0.668
neutral	0.227	0.000	0.016	0.010	0.242	0.004	0.500
neutral	0.257	0.000	0.013	0.009	0.310	0.003	0.409
neutral	0.191	0.000	0.014	0.007	0.284	0.006	0.500
neutral	0.224	0.000	0.014	0.007	0.269	0.005	0.482
neutral	0.232	0.000	0.012	0.008	0.256	0.004	0.488
neutral	0.098	0.000	0.011	0.010	0.222	0.002	0.656
neutral	0.112	0.000	0.010	0.022	0.207	0.004	0.644
neutral	0.363	0.000	0.014	0.011	0.241	0.004	0.366
angry	0.422	0.000	0.011	0.008	0.210	0.002	0.347
neutral	0.325	0.000	0.021	0.018	0.273	0.005	0.358
neutral	0.297	0.000	0.016	0.008	0.228	0.001	0.451
neutral	0.111	0.000	0.009	0.010	0.222	0.003	0.645
neutral	0.251	0.000	0.011	0.007	0.252	0.004	0.474
neutral	0.292	0.000	0.012	0.008	0.230	0.003	0.456
neutral	0.227	0.000	0.009	0.007	0.267	0.005	0.485
neutral	0.201	0.000	0.009	0.006	0.246	0.005	0.534
neutral	0.236	0.000	0.012	0.006	0.220	0.005	0.521
neutral	0.265	0.000	0.011	0.004	0.236	0.004	0.480
neutral	0.278	0.000	0.010	0.004	0.218	0.004	0.486
neutral	0.253	0.000	0.010	0.006	0.191	0.004	0.536
neutral	0.257	0.000	0.012	0.007	0.211	0.005	0.508
neutral	0.225	0.000	0.016	0.007	0.262	0.006	0.483
neutral	0.095	0.000	0.014	0.008	0.252	0.004	0.627
neutral	0.251	0.000	0.017	0.009	0.336	0.005	0.381
neutral	0.058	0.000	0.014	0.015	0.207	0.002	0.704
neutral	0.092	0.000	0.007	0.014	0.333	0.002	0.553
neutral	0.090	0.000	0.020	0.025	0.194	0.002	0.669
neutral	0.131	0.000	0.016	0.009	0.337	0.003	0.504
neutral	0.166	0.000	0.012	0.009	0.369	0.002	0.441
neutral	0.132	0.000	0.018	0.006	0.381	0.003	0.460
neutral	0.166	0.000	0.014	0.012	0.325	0.003	0.480
neutral	0.097	0.000	0.006	0.012	0.300	0.002	0.583
neutral	0.079	0.000	0.011	0.021	0.216	0.004	0.669
neutral	0.108	0.000	0.008	0.019	0.271	0.002	0.592
neutral	0.221	0.000	0.016	0.008	0.294	0.003	0.458
neutral	0.101	0.000	0.009	0.009	0.306	0.002	0.574
neutral	0.095	0.000	0.009	0.010	0.302	0.003	0.582
neutral	0.221	0.000	0.019	0.009	0.255	0.002	0.495
neutral	0.252	0.000	0.024	0.007	0.282	0.003	0.431
neutral	0.354	0.000	0.026	0.006	0.247	0.005	0.362
neutral	0.329	0.000	0.025	0.006	0.248	0.005	0.386
neutral	0.205	0.000	0.018	0.007	0.265	0.002	0.504
neutral	0.222	0.000	0.017	0.009	0.267	0.003	0.483
neutral	0.217	0.000	0.014	0.008	0.293	0.003	0.465
neutral	0.313	0.000	0.017	0.005	0.321	0.003	0.340
neutral	0.287	0.000	0.022	0.011	0.279	0.005	0.397
neutral	0.167	0.000	0.019	0.005	0.347	0.004	0.459
neutral	0.194	0.000	0.017	0.008	0.312	0.003	0.465
angry	0.351	0.000	0.015	0.005	0.292	0.006	0.329
neutral	0.219	0.000	0.021	0.006	0.286	0.004	0.464
neutral	0.283	0.000	0.029	0.008	0.264	0.006	0.410
neutral	0.294	0.000	0.029	0.007	0.228	0.004	0.437
neutral	0.268	0.000	0.029	0.006	0.262	0.004	0.431
neutral	0.329	0.000	0.026	0.005	0.284	0.004	0.352
neutral	0.147	0.000	0.014	0.005	0.315	0.003	0.516
neutral	0.079	0.000	0.008	0.020	0.207	0.002	0.684
neutral	0.106	0.000	0.016	0.014	0.270	0.003	0.591
neutral	0.128	0.000	0.013	0.019	0.241	0.004	0.595
neutral	0.100	0.000	0.008	0.017	0.290	0.002	0.583
neutral	0.099	0.000	0.009	0.010	0.339	0.002	0.541
neutral	0.143	0.000	0.011	0.005	0.337	0.003	0.501
neutral	0.170	0.000	0.022	0.005	0.368	0.004	0.431
neutral	0.107	0.000	0.012	0.014	0.291	0.003	0.573
neutral	0.185	0.000	0.021	0.006	0.319	0.003	0.466
neutral	0.090	0.000	0.007	0.022	0.328	0.002	0.551
neutral	0.159	0.000	0.018	0.004	0.303	0.003	0.512
neutral	0.183	0.000	0.019	0.006	0.344	0.004	0.444
neutral	0.147	0.000	0.014	0.006	0.345	0.004	0.484
neutral	0.166	0.000	0.017	0.006	0.287	0.003	0.521
neutral	0.076	0.000	0.013	0.023	0.312	0.004	0.571
neutral	0.116	0.000	0.012	0.010	0.317	0.003	0.543
neutral	0.060	0.000	0.025	0.034	0.242	0.003	0.637
neutral	0.057	0.000	0.014	0.027	0.182	0.002	0.717
neutral	0.075	0.000	0.017	0.034	0.174	0.003	0.697
neutral	0.100	0.000	0.016	0.014	0.233	0.004	0.632
neutral	0.115	0.000	0.019	0.010	0.289	0.003	0.564
neutral	0.102	0.000	0.018	0.010	0.302	0.003	0.565
neutral	0.102	0.000	0.018	0.008	0.339	0.004	0.530
neutral	0.125	0.000	0.018	0.008	0.351	0.003	0.495
neutral	0.077	0.000	0.018	0.010	0.273	0.003	0.619
neutral	0.124	0.000	0.022	0.005	0.361	0.004	0.483
sad	0.141	0.000	0.025	0.006	0.423	0.004	0.401
neutral	0.078	0.000	0.018	0.012	0.286	0.007	0.601
neutral	0.067	0.000	0.013	0.023	0.185	0.003	0.708
neutral	0.135	0.000	0.019	0.013	0.332	0.005	0.497
neutral	0.210	0.000	0.015	0.006	0.361	0.005	0.403
neutral	0.318	0.000	0.018	0.007	0.289	0.005	0.362
neutral	0.061	0.000	0.012	0.020	0.254	0.004	0.650
neutral	0.083	0.000	0.015	0.007	0.344	0.003	0.549
neutral	0.073	0.000	0.013	0.008	0.320	0.004	0.582
neutral	0.229	0.000	0.022	0.010	0.247	0.004	0.488
neutral	0.132	0.000	0.016	0.008	0.345	0.004	0.495
neutral	0.183	0.000	0.018	0.007	0.295	0.005	0.493
neutral	0.076	0.000	0.014	0.015	0.266	0.005	0.623
neutral	0.100	0.000	0.018	0.021	0.247	0.005	0.609
neutral	0.099	0.000	0.015	0.015	0.276	0.006	0.589
neutral	0.100	0.000	0.018	0.014	0.276	0.006	0.586
sad	0.263	0.000	0.008	0.007	0.361	0.002	0.359
neutral	0.160	0.000	0.017	0.009	0.396	0.005	0.413
neutral	0.119	0.000	0.018	0.008	0.264	0.004	0.588
sad	0.240	0.000	0.009	0.005	0.382	0.002	0.363
neutral	0.124	0.000	0.024	0.009	0.338	0.004	0.501
neutral	0.176	0.000	0.020	0.007	0.362	0.005	0.431
neutral	0.109	0.000	0.021	0.011	0.235	0.006	0.618
neutral	0.065	0.000	0.022	0.036	0.220	0.003	0.653
neutral	0.100	0.000	0.018	0.011	0.324	0.003	0.543
neutral	0.105	0.000	0.014	0.010	0.334	0.005	0.531
neutral	0.085	0.000	0.018	0.015	0.259	0.006	0.618
neutral	0.171	0.000	0.015	0.006	0.325	0.004	0.479
neutral	0.144	0.000	0.016	0.006	0.341	0.003	0.489
neutral	0.239	0.000	0.008	0.007	0.331	0.002	0.412
neutral	0.131	0.000	0.018	0.009	0.351	0.006	0.485
neutral	0.220	0.000	0.013	0.007	0.333	0.004	0.424
neutral	0.193	0.000	0.014	0.007	0.328	0.005	0.452
neutral	0.346	0.000	0.011	0.014	0.269	0.003	0.357
neutral	0.149	0.000	0.020	0.015	0.316	0.006	0.493
neutral	0.130	0.000	0.020	0.028	0.317	0.007	0.497
neutral	0.287	0.000	0.018	0.011	0.307	0.007	0.370
neutral	0.187	0.000	0.017	0.014	0.317	0.005	0.461
neutral	0.215	0.000	0.022	0.010	0.370	0.004	0.379
sad	0.254	0.000	0.025	0.008	0.388	0.004	0.320
neutral	0.251	0.000	0.015	0.005	0.317	0.003	0.408
neutral	0.192	0.000	0.022	0.012	0.284	0.006	0.484
neutral	0.268	0.000	0.011	0.009	0.292	0.004	0.416
neutral	0.184	0.000	0.010	0.012	0.225	0.003	0.566
neutral	0.204	0.000	0.014	0.008	0.311	0.002	0.461
neutral	0.156	0.000	0.011	0.014	0.257	0.003	0.558
neutral	0.247	0.000	0.010	0.008	0.267	0.002	0.466
neutral	0.286	0.000	0.015	0.009	0.288	0.003	0.400
neutral	0.209	0.000	0.016	0.015	0.288	0.002	0.469
neutral	0.151	0.000	0.010	0.013	0.266	0.002	0.557
neutral	0.306	0.000	0.015	0.012	0.218	0.001	0.447
neutral	0.175	0.000	0.009	0.011	0.253	0.001	0.550
neutral	0.231	0.000	0.006	0.011	0.163	0.001	0.589
neutral	0.163	0.000	0.010	0.015	0.276	0.002	0.534
neutral	0.191	0.000	0.012	0.011	0.224	0.002	0.561
neutral	0.271	0.000	0.012	0.009	0.219	0.002	0.486
neutral	0.270	0.000	0.012	0.005	0.246	0.002	0.465
angry	0.471	0.000	0.009	0.003	0.221	0.004	0.291
angry	0.441	0.000	0.013	0.006	0.210	0.004	0.326
angry	0.466	0.000	0.008	0.002	0.311	0.002	0.211
neutral	0.294	0.000	0.009	0.006	0.225	0.005	0.461
neutral	0.287	0.000	0.008	0.006	0.322	0.002	0.374
angry	0.471	0.000	0.007	0.009	0.220	0.002	0.291
neutral	0.243	0.000	0.007	0.007	0.192	0.001	0.549
neutral	0.215	0.000	0.006	0.010	0.164	0.002	0.603
neutral	0.287	0.000	0.008	0.020	0.257	0.003	0.424
neutral	0.148	0.000	0.008	0.017	0.257	0.005	0.565
neutral	0.119	0.000	0.016	0.032	0.211	0.006	0.617
neutral	0.121	0.000	0.017	0.029	0.201	0.009	0.624
neutral	0.086	0.000	0.010	0.044	0.111	0.012	0.736
neutral	0.114	0.000	0.010	0.035	0.092	0.007	0.743
neutral	0.139	0.000	0.012	0.019	0.200	0.006	0.625
neutral	0.369	0.000	0.014	0.023	0.154	0.004	0.437
neutral	0.133	0.000	0.008	0.028	0.096	0.004	0.732
neutral	0.076	0.000	0.009	0.050	0.114	0.004	0.747
neutral	0.253	0.000	0.015	0.033	0.149	0.002	0.547
neutral	0.277	0.000	0.017	0.029	0.160	0.002	0.514
neutral	0.331	0.000	0.019	0.019	0.181	0.002	0.449
neutral	0.300	0.000	0.023	0.023	0.214	0.003	0.437
neutral	0.116	0.000	0.014	0.038	0.136	0.004	0.693
neutral	0.069	0.000	0.013	0.032	0.165	0.003	0.719
neutral	0.218	0.000	0.029	0.025	0.234	0.003	0.490
neutral	0.226	0.000	0.010	0.023	0.197	0.002	0.542
neutral	0.195	0.000	0.026	0.014	0.227	0.003	0.535
neutral	0.228	0.000	0.014	0.025	0.140	0.002	0.591
neutral	0.233	0.000	0.012	0.018	0.151	0.002	0.585
neutral	0.256	0.000	0.024	0.026	0.208	0.005	0.482
neutral	0.170	0.000	0.012	0.012	0.255	0.003	0.549
neutral	0.208	0.000	0.023	0.016	0.247	0.003	0.503
neutral	0.208	0.000	0.027	0.018	0.247	0.004	0.496
neutral	0.209	0.000	0.012	0.019	0.247	0.003	0.510
neutral	0.110	0.000	0.020	0.019	0.300	0.003	0.547
neutral	0.236	0.000	0.021	0.015	0.206	0.003	0.519
neutral	0.096	0.000	0.018	0.020	0.330	0.002	0.534
neutral	0.196	0.000	0.008	0.016	0.222	0.002	0.557
neutral	0.163	0.000	0.010	0.021	0.216	0.003	0.587
neutral	0.211	0.000	0.013	0.019	0.250	0.002	0.505
neutral	0.338	0.000	0.020	0.028	0.190	0.003	0.421
neutral	0.232	0.000	0.012	0.015	0.328	0.001	0.411
neutral	0.276	0.000	0.019	0.034	0.201	0.002	0.467
neutral	0.192	0.000	0.013	0.036	0.157	0.002	0.599
neutral	0.193	0.000	0.014	0.044	0.130	0.004	0.615
neutral	0.264	0.000	0.024	0.038	0.221	0.005	0.447
neutral	0.300	0.000	0.041	0.016	0.240	0.005	0.398
neutral	0.218	0.000	0.021	0.026	0.203	0.004	0.529
neutral	0.323	0.000	0.021	0.037	0.137	0.004	0.478
neutral	0.346	0.000	0.020	0.022	0.223	0.004	0.386
neutral	0.109	0.000	0.012	0.022	0.227	0.002	0.628
neutral	0.315	0.000	0.019	0.025	0.203	0.004	0.434
neutral	0.079	0.000	0.009	0.038	0.122	0.003	0.749
neutral	0.130	0.000	0.013	0.011	0.208	0.003	0.635
neutral	0.102	0.000	0.011	0.024	0.185	0.002	0.675
neutral	0.094	0.000	0.015	0.035	0.250	0.005	0.601
neutral	0.098	0.000	0.008	0.040	0.186	0.003	0.665
neutral	0.112	0.000	0.010	0.024	0.221	0.003	0.630
neutral	0.186	0.000	0.011	0.024	0.337	0.002	0.440
neutral	0.108	0.000	0.010	0.021	0.286	0.003	0.571
neutral	0.083	0.000	0.012	0.018	0.215	0.004	0.669
neutral	0.071	0.000	0.009	0.028	0.208	0.002	0.682
neutral	0.076	0.000	0.007	0.019	0.200	0.002	0.695
neutral	0.072	0.000	0.008	0.027	0.176	0.003	0.714
neutral	0.165	0.000	0.008	0.012	0.236	0.003	0.577
neutral	0.167	0.000	0.008	0.014	0.219	0.002	0.588
neutral	0.257	0.000	0.015	0.013	0.299	0.004	0.411
neutral	0.239	0.000	0.010	0.012	0.320	0.003	0.417
neutral	0.069	0.000	0.016	0.013	0.404	0.003	0.496
neutral	0.279	0.000	0.009	0.011	0.222	0.003	0.476
neutral	0.344	0.000	0.015	0.013	0.231	0.003	0.394
neutral	0.290	0.000	0.018	0.014	0.232	0.004	0.441
neutral	0.180	0.000	0.015	0.017	0.316	0.003	0.469
neutral	0.204	0.000	0.014	0.017	0.294	0.003	0.468
neutral	0.155	0.000	0.021	0.024	0.275	0.004	0.521
neutral	0.255	0.000	0.014	0.010	0.279	0.002	0.441
neutral	0.196	0.000	0.013	0.010	0.331	0.002	0.447
neutral	0.195	0.000	0.013	0.015	0.283	0.004	0.491
neutral	0.262	0.000	0.009	0.011	0.279	0.002	0.437
neutral	0.246	0.000	0.010	0.011	0.244	0.002	0.487
neutral	0.281	0.000	0.014	0.012	0.304	0.003	0.386
neutral	0.200	0.000	0.013	0.013	0.320	0.003	0.451
neutral	0.162	0.000	0.012	0.014	0.259	0.003	0.550
neutral	0.153	0.000	0.012	0.012	0.248	0.003	0.571
neutral	0.180	0.000	0.010	0.011	0.320	0.002	0.476
neutral	0.204	0.000	0.010	0.013	0.289	0.002	0.482
neutral	0.259	0.000	0.010	0.014	0.218	0.002	0.496
neutral	0.124	0.000	0.017	0.009	0.372	0.002	0.476
neutral	0.084	0.000	0.018	0.009	0.380	0.002	0.508
neutral	0.256	0.000	0.012	0.019	0.253	0.002	0.458
neutral	0.100	0.000	0.019	0.011	0.325	0.002	0.543
neutral	0.226	0.000	0.024	0.012	0.194	0.010	0.535
neutral	0.251	0.000	0.017	0.009	0.308	0.004	0.409
neutral	0.263	0.000	0.019	0.008	0.315	0.006	0.388
neutral	0.285	0.000	0.012	0.013	0.235	0.004	0.452
neutral	0.299	0.000	0.009	0.016	0.260	0.002	0.413
neutral	0.134	0.000	0.014	0.013	0.338	0.003	0.498
neutral	0.134	0.000	0.021	0.042	0.259	0.005	0.540
neutral	0.074	0.000	0.013	0.030	0.266	0.004	0.613
neutral	0.211	0.000	0.011	0.025	0.250	0.003	0.499
neutral	0.074	0.000	0.010	0.055	0.201	0.003	0.656
neutral	0.064	0.000	0.018	0.052	0.221	0.004	0.641
neutral	0.137	0.000	0.012	0.013	0.288	0.003	0.546
neutral	0.172	0.000	0.015	0.017	0.287	0.003	0.506
neutral	0.135	0.000	0.021	0.026	0.297	0.005	0.515
neutral	0.166	0.000	0.016	0.022	0.256	0.003	0.537
neutral	0.223	0.000	0.015	0.020	0.267	0.003	0.472
neutral	0.210	0.000	0.013	0.010	0.317	0.002	0.448
neutral	0.196	0.000	0.011	0.008	0.244	0.002	0.540
neutral	0.228	0.000	0.013	0.015	0.311	0.002	0.432
neutral	0.155	0.000	0.007	0.013	0.301	0.001	0.522
neutral	0.090	0.000	0.023	0.009	0.436	0.001	0.441
sad	0.115	0.000	0.015	0.007	0.449	0.001	0.412
sad	0.056	0.000	0.017	0.008	0.464	0.002	0.454
neutral	0.115	0.000	0.011	0.006	0.417	0.001	0.451
neutral	0.062	0.000	0.017	0.007	0.423	0.002	0.490
neutral	0.287	0.000	0.006	0.010	0.231	0.001	0.465
neutral	0.225	0.000	0.014	0.018	0.332	0.003	0.408
neutral	0.059	0.000	0.017	0.011	0.422	0.003	0.488
neutral	0.217	0.000	0.009	0.010	0.254	0.003	0.507
neutral	0.238	0.000	0.009	0.008	0.310	0.002	0.433
sad	0.214	0.000	0.013	0.011	0.382	0.003	0.376
neutral	0.243	0.000	0.010	0.014	0.341	0.003	0.388
neutral	0.208	0.000	0.011	0.012	0.329	0.002	0.438
neutral	0.228	0.000	0.009	0.011	0.292	0.002	0.458
neutral	0.285	0.000	0.011	0.009	0.292	0.002	0.400
neutral	0.222	0.000	0.012	0.009	0.304	0.003	0.451
neutral	0.326	0.000	0.014	0.009	0.291	0.002	0.358
neutral	0.295	0.000	0.007	0.009	0.292	0.002	0.395
neutral	0.213	0.000	0.012	0.010	0.361	0.002	0.401
neutral	0.113	0.000	0.014	0.014	0.373	0.003	0.484
neutral	0.243	0.000	0.014	0.007	0.316	0.003	0.418
angry	0.348	0.000	0.010	0.012	0.318	0.001	0.310
neutral	0.198	0.000	0.016	0.015	0.305	0.005	0.462
neutral	0.087	0.000	0.015	0.013	0.364	0.003	0.518
neutral	0.106	0.000	0.019	0.015	0.324	0.004	0.533
neutral	0.172	0.000	0.014	0.011	0.344	0.002	0.456
neutral	0.068	0.000	0.017	0.029	0.367	0.004	0.516
neutral	0.089	0.000	0.024	0.036	0.304	0.004	0.543
neutral	0.200	0.000	0.014	0.011	0.280	0.003	0.492
neutral	0.181	0.000	0.009	0.011	0.306	0.002	0.491
neutral	0.251	0.000	0.010	0.011	0.273	0.003	0.453
neutral	0.199	0.000	0.011	0.017	0.348	0.002	0.423
neutral	0.259	0.000	0.011	0.008	0.332	0.002	0.388
neutral	0.146	0.000	0.010	0.014	0.303	0.003	0.524
neutral	0.189	0.000	0.010	0.009	0.319	0.002	0.471
neutral	0.254	0.000	0.011	0.010	0.336	0.002	0.387
angry	0.344	0.000	0.011	0.010	0.291	0.003	0.342
neutral	0.060	0.000	0.023	0.007	0.435	0.003	0.472
angry	0.357	0.000	0.010	0.016	0.285	0.003	0.329
neutral	0.101	0.000	0.012	0.007	0.429	0.003	0.448
neutral	0.149	0.000	0.019	0.017	0.362	0.004	0.450
neutral	0.178	0.000	0.010	0.009	0.316	0.002	0.484
neutral	0.186	0.000	0.013	0.011	0.341	0.004	0.446
neutral	0.296	0.000	0.009	0.010	0.316	0.002	0.367
neutral	0.139	0.000	0.016	0.012	0.341	0.005	0.488
neutral	0.228	0.000	0.015	0.019	0.289	0.004	0.445
neutral	0.304	0.000	0.008	0.010	0.307	0.002	0.369
neutral	0.213	0.000	0.010	0.014	0.302	0.003	0.459
neutral	0.197	0.000	0.016	0.011	0.364	0.002	0.409
neutral	0.127	0.000	0.010	0.008	0.367	0.002	0.487
neutral	0.145	0.000	0.013	0.006	0.388	0.002	0.445
neutral	0.247	0.000	0.008	0.009	0.300	0.002	0.433
neutral	0.250	0.000	0.011	0.012	0.336	0.002	0.389
neutral	0.215	0.000	0.008	0.009	0.304	0.002	0.462
neutral	0.223	0.000	0.011	0.012	0.332	0.002	0.421
neutral	0.184	0.000	0.010	0.013	0.329	0.001	0.462
neutral	0.230	0.000	0.010	0.009	0.283	0.002	0.465
neutral	0.190	0.000	0.010	0.013	0.360	0.003	0.423
neutral	0.199	0.000	0.010	0.010	0.308	0.002	0.471
neutral	0.270	0.000	0.008	0.014	0.281	0.002	0.425
neutral	0.269	0.000	0.009	0.011	0.311	0.002	0.399
neutral	0.254	0.000	0.009	0.010	0.315	0.002	0.409
neutral	0.059	0.000	0.021	0.014	0.439	0.003	0.464
neutral	0.058	0.000	0.021	0.011	0.416	0.003	0.491
neutral	0.280	0.000	0.010	0.008	0.307	0.002	0.392
neutral	0.245	0.000	0.010	0.008	0.353	0.002	0.381
neutral	0.292	0.000	0.014	0.010	0.317	0.003	0.364
neutral	0.273	0.000	0.013	0.007	0.350	0.003	0.356
neutral	0.287	0.000	0.011	0.015	0.320	0.003	0.364
neutral	0.080	0.000	0.022	0.013	0.340	0.006	0.539
neutral	0.081	0.000	0.013	0.020	0.337	0.003	0.546
neutral	0.156	0.000	0.011	0.019	0.343	0.002	0.469
neutral	0.122	0.000	0.016	0.021	0.345	0.003	0.492
neutral	0.135	0.000	0.013	0.018	0.337	0.003	0.495
neutral	0.083	0.000	0.020	0.039	0.335	0.004	0.519
neutral	0.095	0.000	0.012	0.066	0.232	0.002	0.592
neutral	0.107	0.000	0.016	0.021	0.341	0.005	0.511
neutral	0.122	0.000	0.016	0.024	0.319	0.004	0.514
neutral	0.122	0.000	0.011	0.013	0.331	0.003	0.519
neutral	0.065	0.000	0.029	0.031	0.325	0.009	0.542
neutral	0.200	0.000	0.017	0.012	0.364	0.004	0.403
neutral	0.101	0.000	0.022	0.026	0.348	0.006	0.497
neutral	0.156	0.000	0.014	0.016	0.341	0.004	0.469
neutral	0.138	0.000	0.022	0.012	0.274	0.007	0.548
neutral	0.172	0.000	0.021	0.013	0.271	0.006	0.516
neutral	0.203	0.000	0.020	0.012	0.280	0.005	0.480
neutral	0.184	0.000	0.015	0.010	0.316	0.003	0.471
neutral	0.143	0.000	0.023	0.013	0.322	0.005	0.494
neutral	0.098	0.000	0.016	0.010	0.273	0.002	0.602
neutral	0.163	0.000	0.019	0.018	0.308	0.004	0.488
neutral	0.138	0.000	0.025	0.015	0.278	0.005	0.539
neutral	0.117	0.000	0.022	0.029	0.303	0.008	0.520
neutral	0.210	0.000	0.014	0.011	0.315	0.003	0.447
neutral	0.127	0.000	0.018	0.014	0.331	0.005	0.504
neutral	0.068	0.000	0.021	0.016	0.344	0.004	0.547
neutral	0.105	0.000	0.019	0.020	0.336	0.004	0.515
sad	0.192	0.000	0.015	0.012	0.393	0.003	0.385
neutral	0.110	0.000	0.017	0.040	0.331	0.005	0.497
neutral	0.181	0.000	0.008	0.021	0.305	0.003	0.481
neutral	0.090	0.000	0.022	0.031	0.348	0.005	0.504
neutral	0.103	0.000	0.022	0.028	0.302	0.006	0.539
neutral	0.188	0.000	0.013	0.017	0.345	0.003	0.433
neutral	0.184	0.000	0.012	0.019	0.312	0.003	0.470
neutral	0.123	0.000	0.015	0.050	0.330	0.003	0.478
neutral	0.103	0.000	0.015	0.023	0.303	0.004	0.552
neutral	0.149	0.000	0.017	0.014	0.300	0.005	0.515
neutral	0.119	0.000	0.027	0.015	0.347	0.008	0.483
neutral	0.107	0.000	0.015	0.013	0.319	0.004	0.542
neutral	0.090	0.000	0.023	0.019	0.380	0.004	0.484
neutral	0.072	0.000	0.019	0.019	0.314	0.002	0.574
neutral	0.139	0.000	0.015	0.009	0.271	0.002	0.563
neutral	0.078	0.000	0.021	0.027	0.318	0.006	0.550
neutral	0.068	0.000	0.019	0.028	0.340	0.005	0.539
neutral	0.049	0.000	0.019	0.020	0.290	0.004	0.619
neutral	0.052	0.000	0.032	0.013	0.302	0.003	0.598
neutral	0.098	0.000	0.022	0.029	0.304	0.005	0.543
neutral	0.076	0.000	0.017	0.041	0.233	0.003	0.630
neutral	0.093	0.000	0.023	0.016	0.310	0.006	0.551
neutral	0.126	0.000	0.021	0.017	0.307	0.005	0.525
neutral	0.049	0.000	0.019	0.020	0.260	0.003	0.650
neutral	0.089	0.000	0.016	0.028	0.289	0.005	0.573
neutral	0.067	0.000	0.016	0.029	0.241	0.003	0.644
neutral	0.086	0.000	0.022	0.022	0.230	0.008	0.631
neutral	0.093	0.000	0.019	0.020	0.227	0.006	0.634
neutral	0.084	0.000	0.014	0.038	0.261	0.005	0.597
neutral	0.066	0.000	0.014	0.070	0.180	0.008	0.661
neutral	0.107	0.000	0.016	0.084	0.219	0.006	0.567
neutral	0.101	0.000	0.010	0.086	0.144	0.007	0.652
neutral	0.124	0.000	0.008	0.070	0.135	0.004	0.659
neutral	0.161	0.000	0.008	0.049	0.149	0.005	0.629
neutral	0.073	0.000	0.016	0.341	0.095	0.007	0.468
neutral	0.075	0.000	0.028	0.117	0.176	0.006	0.598
neutral	0.105	0.000	0.013	0.205	0.145	0.005	0.527
neutral	0.048	0.000	0.010	0.278	0.109	0.003	0.553
neutral	0.070	0.000	0.011	0.219	0.104	0.004	0.593
neutral	0.054	0.000	0.014	0.245	0.129	0.003	0.554
neutral	0.159	0.000	0.009	0.206	0.144	0.004	0.478
neutral	0.037	0.000	0.019	0.209	0.140	0.006	0.590
neutral	0.059	0.000	0.012	0.293	0.113	0.004	0.519
neutral	0.081	0.000	0.007	0.232	0.113	0.003	0.564
neutral	0.156	0.000	0.006	0.138	0.150	0.002	0.547
neutral	0.078	0.000	0.010	0.185	0.103	0.003	0.622
neutral	0.049	0.000	0.014	0.229	0.121	0.006	0.581
neutral	0.067	0.000	0.013	0.169	0.139	0.005	0.607
neutral	0.236	0.000	0.010	0.118	0.170	0.003	0.462
neutral	0.100	0.000	0.011	0.135	0.156	0.003	0.595
neutral	0.209	0.000	0.006	0.100	0.124	0.003	0.557
neutral	0.124	0.000	0.011	0.107	0.125	0.006	0.627
neutral	0.254	0.000	0.010	0.080	0.128	0.007	0.521
neutral	0.349	0.000	0.012	0.092	0.168	0.006	0.372
neutral	0.134	0.000	0.013	0.094	0.117	0.009	0.634
neutral	0.099	0.000	0.012	0.145	0.129	0.006	0.609
neutral	0.208	0.000	0.007	0.146	0.144	0.007	0.488
neutral	0.274	0.000	0.012	0.080	0.177	0.005	0.453
neutral	0.284	0.000	0.009	0.106	0.162	0.005	0.434
neutral	0.172	0.000	0.010	0.088	0.158	0.004	0.568
neutral	0.190	0.000	0.011	0.077	0.155	0.005	0.562
neutral	0.279	0.000	0.012	0.102	0.177	0.010	0.420
neutral	0.130	0.000	0.014	0.123	0.134	0.009	0.589
neutral	0.093	0.000	0.012	0.074	0.175	0.005	0.641
neutral	0.088	0.000	0.014	0.090	0.157	0.007	0.643
neutral	0.099	0.000	0.014	0.071	0.180	0.007	0.630
neutral	0.190	0.000	0.014	0.047	0.128	0.004	0.617
neutral	0.260	0.000	0.006	0.057	0.143	0.004	0.530
neutral	0.275	0.000	0.007	0.046	0.133	0.005	0.534
neutral	0.220	0.000	0.009	0.046	0.147	0.005	0.574
neutral	0.197	0.000	0.010	0.050	0.135	0.006	0.602
neutral	0.093	0.000	0.013	0.076	0.137	0.009	0.673
neutral	0.098	0.000	0.018	0.072	0.196	0.012	0.605
neutral	0.084	0.000	0.034	0.062	0.155	0.014	0.651
neutral	0.097	0.000	0.020	0.056	0.192	0.012	0.623
neutral	0.081	0.000	0.024	0.061	0.190	0.013	0.630
neutral	0.080	0.000	0.018	0.090	0.169	0.007	0.636
neutral	0.075	0.000	0.017	0.107	0.177	0.011	0.613
neutral	0.080	0.000	0.029	0.061	0.136	0.015	0.678
neutral	0.081	0.000	0.021	0.089	0.134	0.010	0.665
neutral	0.088	0.000	0.018	0.070	0.134	0.009	0.682
neutral	0.096	0.000	0.020	0.104	0.159	0.007	0.615
neutral	0.068	0.000	0.035	0.104	0.183	0.006	0.604
neutral	0.097	0.000	0.013	0.083	0.174	0.004	0.629
neutral	0.071	0.000	0.021	0.123	0.178	0.009	0.598
neutral	0.068	0.000	0.020	0.141	0.147	0.008	0.616
neutral	0.060	0.000	0.017	0.094	0.141	0.008	0.681
neutral	0.120	0.000	0.019	0.100	0.186	0.007	0.567
neutral	0.079	0.000	0.031	0.077	0.191	0.006	0.616
neutral	0.066	0.000	0.017	0.079	0.189	0.007	0.642
neutral	0.080	0.000	0.012	0.142	0.162	0.006	0.597
neutral	0.113	0.000	0.016	0.124	0.179	0.009	0.558
neutral	0.075	0.000	0.024	0.168	0.148	0.015	0.570
neutral	0.077	0.000	0.017	0.087	0.168	0.006	0.645
neutral	0.103	0.000	0.015	0.075	0.159	0.013	0.636
neutral	0.116	0.000	0.012	0.046	0.153	0.011	0.663
neutral	0.147	0.000	0.009	0.046	0.188	0.006	0.606
neutral	0.167	0.000	0.008	0.045	0.173	0.005	0.602
neutral	0.080	0.000	0.030	0.083	0.221	0.010	0.576
neutral	0.068	0.000	0.010	0.014	0.240	0.002	0.666
neutral	0.090	0.000	0.015	0.022	0.218	0.005	0.651
neutral	0.163	0.000	0.018	0.075	0.191	0.004	0.550
neutral	0.138	0.000	0.020	0.041	0.209	0.009	0.581
neutral	0.198	0.000	0.023	0.035	0.269	0.007	0.469
neutral	0.108	0.000	0.028	0.015	0.375	0.007	0.468
neutral	0.091	0.000	0.010	0.023	0.224	0.003	0.649
neutral	0.139	0.000	0.014	0.034	0.245	0.005	0.563
neutral	0.172	0.000	0.018	0.021	0.227	0.004	0.558
neutral	0.139	0.000	0.010	0.020	0.200	0.001	0.630
neutral	0.075	0.000	0.008	0.040	0.195	0.005	0.676
neutral	0.091	0.000	0.020	0.042	0.213	0.004	0.630
neutral	0.156	0.000	0.007	0.021	0.282	0.003	0.530
neutral	0.177	0.000	0.005	0.025	0.260	0.003	0.530
neutral	0.200	0.000	0.006	0.026	0.202	0.002	0.565
neutral	0.186	0.000	0.007	0.022	0.300	0.003	0.482
neutral	0.141	0.000	0.006	0.011	0.164	0.001	0.677
neutral	0.164	0.000	0.005	0.016	0.218	0.002	0.595
neutral	0.118	0.000	0.005	0.013	0.170	0.001	0.694
neutral	0.116	0.000	0.004	0.019	0.157	0.001	0.703
neutral	0.132	0.000	0.004	0.018	0.154	0.001	0.691
neutral	0.150	0.000	0.005	0.025	0.137	0.002	0.682
neutral	0.152	0.000	0.004	0.035	0.135	0.002	0.672
neutral	0.162	0.000	0.006	0.019	0.181	0.002	0.631
neutral	0.200	0.000	0.004	0.011	0.176	0.001	0.607
neutral	0.100	0.000	0.007	0.037	0.183	0.003	0.670
neutral	0.118	0.000	0.006	0.036	0.086	0.002	0.753
neutral	0.116	0.000	0.006	0.041	0.166	0.002	0.669
neutral	0.106	0.000	0.005	0.027	0.107	0.002	0.753
neutral	0.076	0.000	0.007	0.046	0.116	0.002	0.752
neutral	0.129	0.000	0.007	0.025	0.194	0.002	0.644
neutral	0.212	0.000	0.006	0.023	0.253	0.002	0.504
neutral	0.174	0.000	0.009	0.017	0.255	0.004	0.542
neutral	0.162	0.000	0.006	0.020	0.187	0.002	0.624
neutral	0.118	0.000	0.007	0.025	0.184	0.003	0.663
neutral	0.093	0.000	0.007	0.043	0.156	0.002	0.699
neutral	0.085	0.000	0.008	0.022	0.225	0.003	0.657
neutral	0.351	0.000	0.005	0.011	0.227	0.001	0.405
neutral	0.099	0.000	0.006	0.018	0.176	0.002	0.700
neutral	0.119	0.000	0.008	0.016	0.150	0.003	0.704
neutral	0.166	0.000	0.005	0.023	0.185	0.002	0.619
neutral	0.067	0.000	0.004	0.021	0.141	0.001	0.766
neutral	0.168	0.000	0.005	0.019	0.174	0.001	0.632
neutral	0.114	0.000	0.006	0.014	0.127	0.004	0.735
neutral	0.257	0.000	0.007	0.017	0.205	0.003	0.510
neutral	0.184	0.000	0.005	0.014	0.187	0.002	0.606
neutral	0.195	0.000	0.006	0.018	0.196	0.001	0.584
neutral	0.194	0.000	0.006	0.017	0.187	0.002	0.594
neutral	0.210	0.000	0.005	0.019	0.186	0.001	0.579
neutral	0.175	0.000	0.006	0.010	0.173	0.003	0.634
neutral	0.141	0.000	0.007	0.012	0.160	0.003	0.677
neutral	0.302	0.000	0.009	0.011	0.215	0.004	0.459
neutral	0.120	0.000	0.008	0.013	0.178	0.004	0.676
neutral	0.171	0.000	0.008	0.022	0.264	0.002	0.533
neutral	0.186	0.000	0.006	0.010	0.246	0.002	0.550
neutral	0.061	0.000	0.004	0.009	0.188	0.002	0.737
neutral	0.087	0.000	0.004	0.010	0.235	0.001	0.663
neutral	0.098	0.000	0.004	0.011	0.240	0.001	0.646
neutral	0.094	0.000	0.006	0.016	0.288	0.001	0.595
neutral	0.080	0.000	0.006	0.024	0.248	0.002	0.640
neutral	0.091	0.000	0.009	0.007	0.249	0.003	0.641
neutral	0.288	0.000	0.013	0.010	0.242	0.004	0.443
neutral	0.081	0.000	0.006	0.014	0.173	0.001	0.725
neutral	0.088	0.000	0.012	0.011	0.230	0.002	0.657
neutral	0.119	0.000	0.010	0.023	0.280	0.003	0.566
neutral	0.093	0.000	0.012	0.017	0.227	0.002	0.650
neutral	0.107	0.000	0.008	0.016	0.307	0.003	0.560
neutral	0.104	0.000	0.013	0.022	0.292	0.003	0.567
neutral	0.066	0.000	0.011	0.010	0.266	0.003	0.644
neutral	0.258	0.000	0.010	0.010	0.333	0.002	0.386
neutral	0.250	0.000	0.009	0.011	0.332	0.002	0.396
neutral	0.107	0.000	0.010	0.016	0.190	0.002	0.673
neutral	0.080	0.000	0.014	0.016	0.270	0.004	0.616
neutral	0.138	0.000	0.014	0.030	0.248	0.003	0.566
neutral	0.155	0.000	0.014	0.038	0.253	0.005	0.536
neutral	0.187	0.000	0.018	0.027	0.268	0.005	0.495
neutral	0.147	0.000	0.017	0.031	0.270	0.003	0.532
neutral	0.097	0.000	0.019	0.028	0.274	0.004	0.577
neutral	0.167	0.000	0.031	0.025	0.276	0.002	0.499
neutral	0.138	0.000	0.008	0.049	0.208	0.003	0.594
neutral	0.176	0.000	0.013	0.043	0.217	0.002	0.548
neutral	0.146	0.000	0.015	0.097	0.187	0.004	0.551
neutral	0.149	0.000	0.009	0.031	0.209	0.002	0.600
neutral	0.173	0.000	0.018	0.042	0.206	0.002	0.560
neutral	0.177	0.000	0.018	0.027	0.241	0.003	0.533
neutral	0.112	0.000	0.009	0.078	0.198	0.003	0.601
neutral	0.108	0.000	0.008	0.068	0.169	0.003	0.643
neutral	0.115	0.000	0.013	0.054	0.217	0.004	0.598
neutral	0.169	0.000	0.010	0.030	0.221	0.003	0.567
neutral	0.166	0.000	0.016	0.070	0.192	0.003	0.553
neutral	0.255	0.000	0.019	0.042	0.195	0.001	0.488
neutral	0.150	0.000	0.017	0.038	0.271	0.003	0.521
neutral	0.203	0.000	0.012	0.023	0.257	0.004	0.500
neutral	0.192	0.000	0.011	0.023	0.285	0.004	0.485
neutral	0.216	0.000	0.014	0.025	0.234	0.003	0.508
neutral	0.218	0.000	0.014	0.022	0.236	0.002	0.509
neutral	0.140	0.000	0.014	0.027	0.287	0.003	0.528
neutral	0.192	0.000	0.009	0.050	0.202	0.003	0.543
neutral	0.261	0.000	0.016	0.036	0.208	0.003	0.476
neutral	0.257	0.000	0.013	0.045	0.168	0.002	0.516
neutral	0.278	0.000	0.018	0.056	0.208	0.004	0.436
neutral	0.190	0.000	0.011	0.039	0.201	0.004	0.556
neutral	0.214	0.000	0.009	0.029	0.183	0.004	0.560
neutral	0.217	0.000	0.008	0.051	0.136	0.007	0.581
neutral	0.196	0.000	0.007	0.041	0.143	0.004	0.609
neutral	0.208	0.000	0.027	0.032	0.184	0.003	0.547
neutral	0.202	0.000	0.010	0.049	0.168	0.003	0.567
neutral	0.146	0.000	0.035	0.026	0.254	0.005	0.534
neutral	0.163	0.000	0.034	0.104	0.170	0.009	0.519
neutral	0.173	0.000	0.043	0.119	0.184	0.016	0.465
neutral	0.110	0.000	0.030	0.064	0.188	0.010	0.598
neutral	0.189	0.000	0.021	0.110	0.191	0.004	0.485
neutral	0.159	0.000	0.017	0.066	0.186	0.003	0.568
neutral	0.094	0.000	0.013	0.057	0.181	0.003	0.652
neutral	0.166	0.000	0.013	0.087	0.163	0.005	0.567
neutral	0.101	0.000	0.008	0.149	0.130	0.002	0.611
neutral	0.077	0.000	0.015	0.067	0.173	0.004	0.664
neutral	0.051	0.000	0.011	0.085	0.188	0.002	0.662
neutral	0.066	0.000	0.011	0.078	0.176	0.003	0.667
neutral	0.077	0.000	0.012	0.057	0.207	0.003	0.644
neutral	0.080	0.000	0.014	0.061	0.211	0.003	0.632
neutral	0.151	0.000	0.007	0.089	0.124	0.002	0.627
neutral	0.071	0.000	0.007	0.050	0.191	0.001	0.680
neutral	0.087	0.000	0.011	0.051	0.228	0.003	0.621
neutral	0.079	0.000	0.005	0.040	0.277	0.001	0.597
neutral	0.084	0.000	0.014	0.043	0.365	0.001	0.492
neutral	0.097	0.000	0.012	0.052	0.354	0.002	0.484
neutral	0.082	0.000	0.005	0.053	0.316	0.001	0.542
neutral	0.124	0.000	0.007	0.084	0.246	0.001	0.537
neutral	0.088	0.000	0.007	0.049	0.234	0.002	0.620
neutral	0.161	0.000	0.011	0.031	0.275	0.001	0.520
neutral	0.131	0.000	0.009	0.024	0.263	0.001	0.573
neutral	0.101	0.000	0.013	0.025	0.339	0.001	0.521
neutral	0.123	0.000	0.011	0.031	0.276	0.001	0.559
neutral	0.112	0.000	0.011	0.017	0.325	0.001	0.535
neutral	0.168	0.000	0.009	0.027	0.322	0.002	0.472
neutral	0.119	0.000	0.015	0.010	0.313	0.001	0.542
neutral	0.184	0.000	0.007	0.060	0.217	0.003	0.529
neutral	0.123	0.000	0.010	0.110	0.252	0.002	0.503
neutral	0.195	0.000	0.006	0.071	0.227	0.003	0.499
neutral	0.151	0.000	0.015	0.016	0.394	0.002	0.421
neutral	0.101	0.000	0.006	0.060	0.237	0.002	0.594
neutral	0.142	0.000	0.006	0.066	0.277	0.002	0.506
neutral	0.174	0.000	0.006	0.080	0.242	0.002	0.495
neutral	0.150	0.000	0.007	0.060	0.228	0.004	0.552
neutral	0.162	0.000	0.009	0.062	0.237	0.004	0.526
neutral	0.094	0.000	0.007	0.038	0.313	0.002	0.547
neutral	0.095	0.000	0.007	0.044	0.286	0.001	0.566
neutral	0.100	0.000	0.007	0.040	0.304	0.001	0.546
neutral	0.104	0.000	0.006	0.059	0.288	0.002	0.541
neutral	0.102	0.000	0.005	0.056	0.260	0.001	0.575
neutral	0.111	0.000	0.006	0.061	0.277	0.002	0.543
neutral	0.133	0.000	0.010	0.049	0.378	0.002	0.429
neutral	0.088	0.000	0.011	0.073	0.264	0.003	0.560
neutral	0.073	0.000	0.009	0.028	0.265	0.002	0.623
neutral	0.164	0.000	0.009	0.052	0.246	0.002	0.527
neutral	0.104	0.000	0.017	0.040	0.319	0.003	0.517
neutral	0.079	0.000	0.010	0.026	0.299	0.002	0.584
neutral	0.080	0.000	0.011	0.027	0.301	0.002	0.578
neutral	0.072	0.000	0.015	0.026	0.315	0.003	0.570
sad	0.093	0.000	0.032	0.030	0.442	0.005	0.399
neutral	0.071	0.000	0.034	0.025	0.343	0.005	0.522
neutral	0.075	0.000	0.032	0.018	0.372	0.004	0.499
sad	0.068	0.000	0.036	0.014	0.519	0.003	0.360
neutral	0.116	0.000	0.022	0.021	0.319	0.002	0.519
neutral	0.094	0.000	0.009	0.064	0.265	0.002	0.566
neutral	0.069	0.000	0.023	0.042	0.350	0.003	0.512
neutral	0.048	0.000	0.026	0.020	0.400	0.002	0.504
sad	0.088	0.000	0.049	0.021	0.466	0.005	0.371
sad	0.045	0.000	0.041	0.017	0.496	0.004	0.397
neutral	0.071	0.000	0.013	0.050	0.351	0.002	0.513
neutral	0.106	0.000	0.021	0.030	0.326	0.003	0.514
neutral	0.083	0.000	0.015	0.051	0.335	0.003	0.513
neutral	0.087	0.000	0.010	0.052	0.332	0.002	0.517
neutral	0.051	0.000	0.024	0.022	0.363	0.003	0.537
neutral	0.088	0.000	0.018	0.029	0.291	0.003	0.571
neutral	0.071	0.000	0.040	0.015	0.398	0.004	0.472
sad	0.076	0.000	0.043	0.011	0.447	0.006	0.418
neutral	0.111	0.000	0.012	0.058	0.313	0.004	0.502
neutral	0.131	0.000	0.015	0.047	0.372	0.006	0.429
neutral	0.115	0.000	0.016	0.044	0.363	0.006	0.456
neutral	0.138	0.000	0.012	0.045	0.349	0.003	0.453
neutral	0.161	0.000	0.009	0.058	0.247	0.004	0.522
neutral	0.160	0.000	0.010	0.049	0.236	0.004	0.541
sad	0.113	0.000	0.029	0.029	0.450	0.006	0.374
neutral	0.145	0.000	0.018	0.032	0.239	0.005	0.561
neutral	0.135	0.000	0.019	0.046	0.252	0.005	0.543
neutral	0.101	0.000	0.040	0.009	0.419	0.005	0.426
neutral	0.204	0.000	0.022	0.043	0.324	0.007	0.400
neutral	0.081	0.000	0.039	0.014	0.418	0.006	0.443
neutral	0.237	0.000	0.019	0.046	0.314	0.011	0.372
neutral	0.236	0.000	0.025	0.025	0.298	0.016	0.399
neutral	0.226	0.000	0.024	0.017	0.298	0.012	0.422
neutral	0.142	0.000	0.029	0.011	0.351	0.007	0.459
neutral	0.208	0.000	0.019	0.026	0.315	0.005	0.425
neutral	0.187	0.000	0.009	0.032	0.243	0.002	0.527
neutral	0.065	0.000	0.032	0.029	0.399	0.005	0.471
neutral	0.142	0.000	0.011	0.021	0.252	0.002	0.572
neutral	0.063	0.000	0.037	0.012	0.390	0.004	0.494
neutral	0.172	0.000	0.025	0.035	0.284	0.007	0.477
neutral	0.167	0.000	0.030	0.024	0.317	0.006	0.456
neutral	0.153	0.000	0.012	0.020	0.280	0.003	0.532
neutral	0.074	0.000	0.024	0.018	0.357	0.005	0.522
neutral	0.150	0.000	0.017	0.031	0.273	0.004	0.525
