prediction	angry	disgust	fear	happy	sad	surprise	neutral
angry	0.613	0.032	0.064	0.002	0.162	0.002	0.124
neutral	0.389	0.001	0.027	0.016	0.151	0.001	0.414
angry	0.377	0.003	0.059	0.014	0.289	0.001	0.257
angry	0.514	0.007	0.036	0.004	0.297	0.000	0.141
angry	0.582	0.006	0.041	0.007	0.243	0.000	0.121
sad	0.304	0.001	0.078	0.007	0.392	0.003	0.216
angry	0.381	0.000	0.053	0.007	0.276	0.003	0.280
angry	0.350	0.001	0.079	0.021	0.339	0.005	0.207
neutral	0.239	0.001	0.055	0.012	0.234	0.003	0.456
angry	0.420	0.001	0.039	0.006	0.252	0.001	0.281
angry	0.501	0.003	0.024	0.008	0.205	0.001	0.258
angry	0.452	0.009	0.032	0.002	0.301	0.001	0.203
angry	0.337	0.001	0.079	0.005	0.329	0.004	0.246
angry	0.434	0.001	0.056	0.006	0.282	0.004	0.217
angry	0.314	0.001	0.060	0.008	0.305	0.005	0.308
angry	0.453	0.001	0.022	0.002	0.321	0.001	0.199
neutral	0.270	0.000	0.036	0.006	0.323	0.001	0.364
sad	0.331	0.001	0.031	0.001	0.383	0.001	0.252
angry	0.343	0.001	0.025	0.002	0.305	0.000	0.325
angry	0.504	0.008	0.033	0.002	0.250	0.001	0.202
sad	0.320	0.010	0.025	0.000	0.404	0.000	0.240
neutral	0.307	0.003	0.011	0.001	0.212	0.000	0.465
sad	0.230	0.005	0.022	0.001	0.435	0.000	0.308
sad	0.250	0.008	0.015	0.001	0.417	0.001	0.308
sad	0.105	0.003	0.019	0.000	0.518	0.001	0.353
sad	0.207	0.018	0.028	0.001	0.496	0.001	0.250
sad	0.174	0.019	0.037	0.001	0.561	0.001	0.207
sad	0.351	0.006	0.027	0.003	0.378	0.002	0.232
sad	0.201	0.005	0.027	0.001	0.423	0.001	0.343
sad	0.222	0.015	0.029	0.001	0.509	0.001	0.223
sad	0.180	0.014	0.029	0.001	0.590	0.001	0.185
sad	0.149	0.005	0.049	0.000	0.684	0.000	0.113
sad	0.135	0.006	0.038	0.001	0.586	0.000	0.234
sad	0.178	0.007	0.035	0.001	0.527	0.001	0.251
sad	0.273	0.005	0.020	0.001	0.417	0.001	0.283
neutral	0.128	0.001	0.016	0.002	0.389	0.001	0.462
sad	0.256	0.007	0.034	0.001	0.479	0.001	0.222
sad	0.318	0.002	0.026	0.001	0.497	0.007	0.149
sad	0.129	0.005	0.042	0.000	0.708	0.001	0.115
angry	0.414	0.023	0.027	0.001	0.282	0.004	0.248
angry	0.469	0.070	0.027	0.005	0.194	0.005	0.228
neutral	0.235	0.010	0.053	0.018	0.330	0.009	0.345
sad	0.059	0.108	0.105	0.008	0.602	0.078	0.040
sad	0.193	0.091	0.073	0.032	0.425	0.086	0.100
angry	0.509	0.046	0.068	0.006	0.193	0.085	0.093
angry	0.445	0.007	0.059	0.001	0.268	0.018	0.202
angry	0.321	0.005	0.111	0.002	0.236	0.010	0.316
neutral	0.249	0.003	0.096	0.002	0.286	0.012	0.351
neutral	0.113	0.001	0.041	0.003	0.207	0.004	0.630
angry	0.484	0.012	0.035	0.001	0.195	0.008	0.266
angry	0.447	0.002	0.066	0.003	0.257	0.034	0.192
sad	0.220	0.004	0.031	0.001	0.438	0.002	0.304
sad	0.260	0.005	0.034	0.002	0.397	0.008	0.293
neutral	0.169	0.006	0.030	0.004	0.321	0.002	0.469
sad	0.302	0.006	0.050	0.005	0.379	0.009	0.248
sad	0.315	0.004	0.038	0.006	0.361	0.009	0.267
sad	0.278	0.009	0.030	0.003	0.391	0.008	0.281
neutral	0.331	0.006	0.033	0.003	0.279	0.014	0.334
neutral	0.227	0.007	0.031	0.005	0.236	0.027	0.467
neutral	0.190	0.001	0.017	0.001	0.241	0.012	0.538
neutral	0.222	0.009	0.027	0.001	0.323	0.001	0.417
neutral	0.244	0.007	0.021	0.001	0.266	0.003	0.458
neutral	0.225	0.012	0.023	0.000	0.258	0.001	0.481
neutral	0.248	0.044	0.021	0.001	0.236	0.000	0.449
neutral	0.171	0.020	0.009	0.004	0.148	0.001	0.647
neutral	0.143	0.004	0.014	0.008	0.130	0.000	0.701
neutral	0.101	0.005	0.011	0.026	0.144	0.000	0.713
neutral	0.111	0.011	0.028	0.003	0.320	0.000	0.526
neutral	0.285	0.011	0.029	0.008	0.190	0.001	0.477
neutral	0.196	0.009	0.039	0.001	0.355	0.000	0.399
neutral	0.196	0.003	0.037	0.001	0.311	0.001	0.452
angry	0.544	0.011	0.046	0.001	0.281	0.000	0.116
neutral	0.140	0.000	0.016	0.001	0.188	0.001	0.654
angry	0.363	0.002	0.031	0.004	0.258	0.000	0.342
angry	0.513	0.004	0.033	0.006	0.197	0.002	0.245
angry	0.606	0.006	0.032	0.009	0.191	0.001	0.157
angry	0.597	0.003	0.052	0.004	0.227	0.001	0.116
angry	0.382	0.012	0.024	0.001	0.284	0.000	0.297
angry	0.739	0.011	0.021	0.002	0.151	0.000	0.076
angry	0.771	0.003	0.037	0.003	0.127	0.001	0.060
neutral	0.204	0.001	0.014	0.001	0.172	0.002	0.606
neutral	0.276	0.004	0.036	0.000	0.296	0.001	0.386
sad	0.300	0.006	0.028	0.000	0.372	0.000	0.293
neutral	0.282	0.007	0.054	0.000	0.308	0.000	0.348
sad	0.255	0.008	0.045	0.000	0.391	0.000	0.301
sad	0.272	0.012	0.027	0.000	0.422	0.001	0.266
sad	0.320	0.007	0.029	0.000	0.355	0.001	0.288
angry	0.395	0.015	0.032	0.000	0.373	0.001	0.183
angry	0.408	0.017	0.040	0.000	0.364	0.001	0.169
sad	0.242	0.067	0.028	0.000	0.443	0.001	0.219
sad	0.215	0.119	0.043	0.000	0.466	0.001	0.156
angry	0.336	0.133	0.029	0.001	0.315	0.001	0.185
sad	0.257	0.043	0.040	0.000	0.564	0.001	0.097
sad	0.297	0.053	0.029	0.000	0.438	0.002	0.179
sad	0.144	0.016	0.052	0.000	0.680	0.001	0.108
angry	0.593	0.019	0.022	0.001	0.243	0.006	0.116
sad	0.107	0.010	0.028	0.000	0.636	0.001	0.218
sad	0.286	0.010	0.045	0.001	0.432	0.003	0.223
sad	0.233	0.020	0.051	0.000	0.578	0.004	0.114
neutral	0.246	0.003	0.020	0.003	0.299	0.012	0.417
sad	0.217	0.017	0.036	0.001	0.407	0.004	0.317
sad	0.356	0.010	0.040	0.001	0.440	0.010	0.143
sad	0.314	0.011	0.026	0.000	0.554	0.001	0.094
neutral	0.321	0.005	0.022	0.003	0.300	0.005	0.344
angry	0.426	0.004	0.028	0.002	0.313	0.003	0.224
angry	0.451	0.002	0.030	0.001	0.315	0.008	0.193
angry	0.568	0.007	0.026	0.002	0.234	0.005	0.158
sad	0.307	0.004	0.056	0.001	0.474	0.005	0.153
sad	0.273	0.003	0.046	0.000	0.573	0.003	0.101
angry	0.680	0.007	0.032	0.001	0.198	0.008	0.073
angry	0.512	0.010	0.043	0.000	0.378	0.006	0.051
sad	0.386	0.023	0.059	0.000	0.499	0.003	0.030
sad	0.379	0.069	0.033	0.002	0.392	0.002	0.123
angry	0.481	0.003	0.070	0.000	0.386	0.009	0.049
angry	0.468	0.006	0.032	0.002	0.369	0.014	0.108
sad	0.317	0.007	0.080	0.000	0.541	0.005	0.049
sad	0.366	0.006	0.077	0.000	0.499	0.005	0.047
sad	0.382	0.016	0.074	0.001	0.449	0.012	0.066
angry	0.628	0.028	0.052	0.001	0.249	0.004	0.038
angry	0.459	0.067	0.062	0.001	0.357	0.006	0.048
angry	0.625	0.041	0.041	0.002	0.212	0.017	0.062
angry	0.388	0.022	0.044	0.002	0.285	0.021	0.239
angry	0.848	0.025	0.020	0.000	0.065	0.006	0.036
angry	0.906	0.007	0.026	0.000	0.027	0.024	0.010
angry	0.842	0.004	0.070	0.000	0.072	0.006	0.006
angry	0.900	0.002	0.045	0.001	0.021	0.025	0.005
happy	0.165	0.000	0.106	0.357	0.100	0.196	0.076
happy	0.042	0.000	0.031	0.524	0.023	0.020	0.359
fear	0.108	0.000	0.351	0.188	0.105	0.084	0.164
happy	0.063	0.005	0.251	0.257	0.105	0.218	0.102
fear	0.087	0.001	0.462	0.058	0.214	0.135	0.042
fear	0.104	0.002	0.472	0.046	0.162	0.167	0.046
fear	0.086	0.000	0.720	0.028	0.044	0.112	0.010
fear	0.065	0.000	0.705	0.021	0.035	0.163	0.011
fear	0.371	0.000	0.533	0.008	0.014	0.070	0.004
angry	0.551	0.000	0.393	0.002	0.007	0.045	0.002
fear	0.143	0.000	0.657	0.004	0.007	0.187	0.002
angry	0.540	0.000	0.411	0.001	0.007	0.041	0.001
angry	0.662	0.000	0.278	0.001	0.003	0.057	0.001
angry	0.680	0.000	0.247	0.000	0.002	0.071	0.000
angry	0.882	0.000	0.076	0.001	0.001	0.040	0.000
angry	0.907	0.000	0.057	0.001	0.001	0.034	0.000
angry	0.904	0.000	0.053	0.001	0.001	0.041	0.000
angry	0.830	0.000	0.070	0.004	0.002	0.094	0.000
angry	0.797	0.000	0.118	0.002	0.001	0.081	0.000
angry	0.964	0.000	0.018	0.003	0.001	0.014	0.000
angry	0.976	0.000	0.015	0.001	0.000	0.007	0.000
angry	0.977	0.000	0.014	0.002	0.000	0.007	0.000
angry	0.980	0.000	0.014	0.001	0.000	0.005	0.000
angry	0.981	0.000	0.016	0.001	0.000	0.002	0.000
angry	0.987	0.000	0.009	0.001	0.000	0.003	0.000
angry	0.980	0.000	0.012	0.002	0.000	0.006	0.000
angry	0.986	0.000	0.011	0.001	0.000	0.002	0.000
angry	0.974	0.000	0.012	0.005	0.000	0.009	0.000
angry	0.989	0.000	0.008	0.002	0.000	0.001	0.000
angry	0.989	0.000	0.007	0.003	0.000	0.001	0.000
angry	0.974	0.000	0.021	0.002	0.000	0.002	0.000
angry	0.977	0.000	0.017	0.004	0.000	0.001	0.000
angry	0.987	0.000	0.011	0.001	0.000	0.000	0.000
angry	0.989	0.000	0.009	0.001	0.000	0.000	0.000
angry	0.990	0.000	0.007	0.003	0.000	0.001	0.000
angry	0.972	0.000	0.023	0.003	0.000	0.001	0.000
angry	0.983	0.000	0.012	0.004	0.000	0.001	0.000
angry	0.977	0.000	0.013	0.008	0.000	0.002	0.000
angry	0.989	0.000	0.009	0.001	0.000	0.000	0.000
angry	0.988	0.000	0.010	0.002	0.000	0.001	0.000
sad	0.004	0.000	0.035	0.074	0.800	0.000	0.088
angry	0.987	0.000	0.012	0.001	0.000	0.000	0.000
sad	0.009	0.000	0.052	0.055	0.791	0.000	0.093
angry	0.980	0.000	0.018	0.001	0.000	0.000	0.000
sad	0.005	0.000	0.047	0.071	0.798	0.000	0.079
angry	0.951	0.000	0.042	0.006	0.001	0.001	0.000
angry	0.962	0.000	0.033	0.004	0.002	0.000	0.000
angry	0.940	0.000	0.045	0.009	0.004	0.002	0.000
angry	0.895	0.000	0.018	0.081	0.003	0.003	0.000
angry	0.884	0.000	0.013	0.094	0.005	0.003	0.000
angry	0.760	0.000	0.004	0.213	0.013	0.007	0.002
happy	0.196	0.000	0.001	0.737	0.013	0.000	0.052
neutral	0.059	0.002	0.002	0.278	0.069	0.001	0.589
neutral	0.050	0.001	0.002	0.044	0.098	0.001	0.804
neutral	0.019	0.000	0.002	0.022	0.120	0.000	0.837
neutral	0.052	0.007	0.009	0.007	0.227	0.000	0.698
neutral	0.125	0.010	0.009	0.006	0.292	0.001	0.557
neutral	0.108	0.014	0.018	0.003	0.300	0.001	0.555
sad	0.215	0.018	0.018	0.001	0.518	0.001	0.230
sad	0.200	0.030	0.029	0.001	0.423	0.003	0.315
angry	0.587	0.022	0.020	0.000	0.297	0.002	0.072
sad	0.273	0.050	0.017	0.002	0.394	0.006	0.259
neutral	0.028	0.004	0.003	0.010	0.139	0.000	0.816
neutral	0.025	0.002	0.002	0.015	0.124	0.000	0.833
neutral	0.049	0.004	0.005	0.008	0.218	0.000	0.717
neutral	0.043	0.004	0.003	0.008	0.153	0.001	0.788
neutral	0.117	0.030	0.026	0.001	0.316	0.001	0.509
sad	0.259	0.032	0.019	0.001	0.352	0.001	0.336
neutral	0.306	0.006	0.014	0.006	0.253	0.006	0.409
neutral	0.268	0.019	0.019	0.001	0.250	0.002	0.441
neutral	0.324	0.027	0.026	0.001	0.293	0.002	0.327
neutral	0.285	0.023	0.018	0.001	0.281	0.002	0.390
sad	0.292	0.024	0.027	0.000	0.337	0.002	0.317
angry	0.384	0.040	0.022	0.001	0.257	0.002	0.293
angry	0.386	0.027	0.022	0.002	0.231	0.003	0.328
neutral	0.119	0.031	0.009	0.004	0.200	0.001	0.636
neutral	0.143	0.039	0.013	0.004	0.261	0.002	0.538
neutral	0.146	0.023	0.009	0.013	0.234	0.001	0.574
sad	0.209	0.065	0.023	0.004	0.484	0.003	0.212
neutral	0.211	0.007	0.023	0.003	0.375	0.001	0.380
sad	0.157	0.016	0.030	0.004	0.558	0.003	0.234
sad	0.242	0.047	0.155	0.008	0.439	0.001	0.108
sad	0.226	0.004	0.147	0.013	0.431	0.004	0.175
angry	0.458	0.016	0.104	0.020	0.305	0.006	0.091
angry	0.709	0.005	0.056	0.006	0.167	0.007	0.051
angry	0.394	0.006	0.089	0.084	0.379	0.003	0.046
angry	0.582	0.002	0.067	0.011	0.285	0.002	0.052
sad	0.121	0.000	0.026	0.006	0.736	0.004	0.107
sad	0.071	0.001	0.040	0.017	0.768	0.003	0.100
sad	0.232	0.002	0.057	0.245	0.257	0.039	0.168
sad	0.252	0.000	0.094	0.096	0.302	0.026	0.230
angry	0.563	0.000	0.058	0.007	0.302	0.009	0.061
sad	0.183	0.003	0.084	0.022	0.431	0.020	0.258
sad	0.104	0.002	0.057	0.029	0.451	0.014	0.344
sad	0.168	0.000	0.111	0.002	0.505	0.015	0.199
sad	0.174	0.000	0.090	0.002	0.566	0.016	0.152
neutral	0.080	0.000	0.023	0.005	0.432	0.008	0.452
sad	0.102	0.000	0.019	0.006	0.481	0.012	0.380
sad	0.160	0.000	0.023	0.010	0.461	0.013	0.333
sad	0.233	0.001	0.028	0.006	0.350	0.035	0.348
neutral	0.221	0.001	0.015	0.024	0.358	0.008	0.373
sad	0.135	0.001	0.014	0.003	0.546	0.002	0.300
sad	0.172	0.000	0.020	0.030	0.410	0.006	0.362
sad	0.321	0.000	0.030	0.046	0.411	0.005	0.185
sad	0.245	0.001	0.028	0.015	0.413	0.002	0.297
sad	0.340	0.001	0.013	0.021	0.382	0.011	0.233
sad	0.362	0.001	0.007	0.011	0.379	0.006	0.234
sad	0.258	0.001	0.011	0.003	0.462	0.006	0.260
sad	0.338	0.003	0.013	0.002	0.473	0.011	0.160
sad	0.338	0.004	0.015	0.002	0.483	0.011	0.148
angry	0.512	0.003	0.012	0.001	0.360	0.006	0.106
sad	0.321	0.006	0.021	0.000	0.558	0.002	0.091
sad	0.399	0.006	0.014	0.001	0.449	0.004	0.127
neutral	0.341	0.001	0.009	0.007	0.247	0.044	0.352
angry	0.442	0.001	0.122	0.045	0.143	0.063	0.185
neutral	0.233	0.005	0.014	0.003	0.356	0.002	0.387
sad	0.194	0.003	0.020	0.001	0.489	0.001	0.291
angry	0.267	0.000	0.085	0.124	0.172	0.132	0.221
neutral	0.144	0.004	0.014	0.001	0.301	0.002	0.534
angry	0.249	0.001	0.077	0.066	0.201	0.169	0.238
neutral	0.081	0.001	0.009	0.001	0.452	0.002	0.454
neutral	0.191	0.003	0.008	0.001	0.313	0.002	0.481
sad	0.378	0.012	0.018	0.000	0.472	0.002	0.117
sad	0.335	0.012	0.029	0.000	0.517	0.002	0.105
angry	0.574	0.021	0.013	0.000	0.257	0.000	0.134
sad	0.211	0.008	0.040	0.000	0.512	0.000	0.229
sad	0.273	0.002	0.119	0.044	0.459	0.014	0.089
sad	0.149	0.001	0.036	0.000	0.621	0.001	0.192
sad	0.296	0.001	0.035	0.000	0.453	0.001	0.214
sad	0.313	0.002	0.036	0.000	0.410	0.000	0.239
sad	0.294	0.001	0.039	0.000	0.499	0.000	0.167
sad	0.201	0.001	0.048	0.000	0.599	0.000	0.150
sad	0.223	0.001	0.050	0.000	0.549	0.001	0.176
sad	0.311	0.001	0.054	0.001	0.375	0.001	0.258
angry	0.755	0.001	0.022	0.001	0.159	0.000	0.062
angry	0.411	0.000	0.023	0.001	0.217	0.001	0.348
neutral	0.121	0.000	0.010	0.008	0.083	0.002	0.775
neutral	0.185	0.000	0.030	0.007	0.154	0.005	0.619
neutral	0.235	0.000	0.029	0.004	0.253	0.003	0.475
sad	0.151	0.005	0.258	0.020	0.271	0.057	0.238
neutral	0.180	0.000	0.040	0.004	0.233	0.004	0.538
neutral	0.217	0.000	0.026	0.006	0.259	0.003	0.490
neutral	0.302	0.002	0.029	0.003	0.304	0.001	0.359
neutral	0.232	0.000	0.077	0.003	0.249	0.009	0.431
neutral	0.198	0.000	0.027	0.009	0.284	0.002	0.480
neutral	0.256	0.001	0.032	0.008	0.305	0.002	0.396
neutral	0.257	0.001	0.033	0.005	0.286	0.002	0.416
sad	0.212	0.001	0.022	0.007	0.405	0.001	0.351
sad	0.199	0.000	0.073	0.005	0.383	0.009	0.331
sad	0.291	0.001	0.054	0.003	0.436	0.002	0.212
sad	0.137	0.000	0.038	0.005	0.431	0.003	0.386
sad	0.238	0.000	0.058	0.002	0.385	0.002	0.314
neutral	0.283	0.002	0.041	0.006	0.299	0.002	0.367
neutral	0.334	0.000	0.049	0.004	0.231	0.004	0.378
neutral	0.298	0.002	0.038	0.006	0.303	0.002	0.350
sad	0.226	0.000	0.042	0.001	0.441	0.001	0.289
sad	0.299	0.001	0.038	0.002	0.373	0.001	0.286
sad	0.327	0.002	0.042	0.004	0.441	0.002	0.182
neutral	0.279	0.001	0.038	0.007	0.299	0.005	0.371
sad	0.151	0.001	0.044	0.001	0.462	0.000	0.341
sad	0.145	0.001	0.059	0.001	0.435	0.001	0.358
angry	0.378	0.003	0.027	0.005	0.312	0.001	0.273
angry	0.377	0.002	0.029	0.002	0.362	0.001	0.227
sad	0.267	0.001	0.034	0.002	0.418	0.001	0.277
angry	0.357	0.001	0.045	0.004	0.343	0.004	0.246
sad	0.256	0.001	0.035	0.005	0.356	0.001	0.346
sad	0.225	0.001	0.027	0.001	0.457	0.001	0.287
neutral	0.259	0.001	0.052	0.004	0.273	0.004	0.407
sad	0.376	0.008	0.059	0.002	0.385	0.002	0.168
sad	0.323	0.004	0.043	0.002	0.330	0.002	0.297
neutral	0.237	0.001	0.041	0.004	0.351	0.002	0.365
sad	0.191	0.003	0.177	0.007	0.419	0.068	0.135
sad	0.309	0.002	0.035	0.003	0.362	0.002	0.287
neutral	0.312	0.003	0.036	0.002	0.322	0.002	0.323
sad	0.246	0.001	0.042	0.002	0.401	0.003	0.307
sad	0.298	0.002	0.039	0.002	0.339	0.002	0.318
neutral	0.166	0.000	0.025	0.002	0.354	0.001	0.451
neutral	0.135	0.001	0.033	0.002	0.365	0.002	0.463
sad	0.239	0.001	0.026	0.001	0.420	0.001	0.311
sad	0.283	0.002	0.067	0.001	0.425	0.001	0.221
sad	0.261	0.001	0.032	0.001	0.516	0.001	0.189
sad	0.301	0.001	0.029	0.001	0.343	0.001	0.324
sad	0.293	0.001	0.032	0.002	0.370	0.001	0.300
sad	0.288	0.003	0.031	0.002	0.353	0.001	0.323
angry	0.333	0.003	0.033	0.002	0.329	0.001	0.298
sad	0.303	0.003	0.030	0.004	0.332	0.001	0.326
neutral	0.243	0.002	0.026	0.002	0.328	0.001	0.397
neutral	0.280	0.001	0.021	0.003	0.265	0.001	0.428
sad	0.293	0.005	0.049	0.002	0.461	0.001	0.190
sad	0.195	0.001	0.031	0.002	0.453	0.001	0.318
sad	0.222	0.006	0.261	0.006	0.368	0.053	0.084
sad	0.286	0.003	0.030	0.001	0.413	0.001	0.265
sad	0.310	0.003	0.036	0.002	0.344	0.001	0.304
sad	0.225	0.002	0.029	0.001	0.402	0.001	0.341
sad	0.261	0.002	0.029	0.001	0.413	0.001	0.294
sad	0.293	0.003	0.063	0.001	0.473	0.001	0.167
neutral	0.318	0.003	0.028	0.002	0.318	0.001	0.331
sad	0.245	0.001	0.030	0.001	0.381	0.001	0.342
sad	0.309	0.003	0.047	0.001	0.406	0.001	0.233
sad	0.172	0.001	0.033	0.004	0.399	0.001	0.391
sad	0.235	0.001	0.021	0.000	0.498	0.000	0.244
angry	0.527	0.002	0.027	0.001	0.272	0.000	0.172
sad	0.284	0.004	0.044	0.000	0.469	0.000	0.198
sad	0.326	0.005	0.035	0.002	0.402	0.001	0.231
sad	0.325	0.001	0.025	0.003	0.350	0.002	0.295
angry	0.381	0.001	0.024	0.002	0.361	0.001	0.229
sad	0.333	0.003	0.033	0.001	0.403	0.001	0.226
angry	0.506	0.003	0.022	0.003	0.249	0.003	0.214
sad	0.318	0.001	0.019	0.002	0.368	0.002	0.290
sad	0.292	0.002	0.022	0.002	0.387	0.001	0.293
angry	0.352	0.001	0.025	0.002	0.318	0.003	0.299
neutral	0.291	0.002	0.033	0.001	0.323	0.002	0.348
angry	0.342	0.001	0.020	0.003	0.299	0.004	0.329
sad	0.330	0.001	0.026	0.002	0.510	0.000	0.131
sad	0.339	0.000	0.025	0.003	0.378	0.002	0.253
sad	0.296	0.001	0.026	0.002	0.385	0.003	0.286
angry	0.344	0.000	0.015	0.003	0.330	0.001	0.307
angry	0.431	0.000	0.012	0.003	0.330	0.001	0.222
sad	0.365	0.001	0.013	0.002	0.418	0.001	0.201
sad	0.370	0.003	0.011	0.006	0.383	0.001	0.227
neutral	0.339	0.001	0.013	0.007	0.282	0.004	0.355
sad	0.323	0.000	0.009	0.004	0.406	0.000	0.259
sad	0.333	0.000	0.008	0.004	0.393	0.001	0.261
angry	0.351	0.000	0.009	0.004	0.346	0.002	0.288
sad	0.385	0.000	0.011	0.001	0.469	0.000	0.134
angry	0.504	0.001	0.024	0.002	0.259	0.001	0.209
angry	0.490	0.001	0.026	0.001	0.342	0.001	0.139
angry	0.495	0.002	0.028	0.003	0.298	0.001	0.174
angry	0.475	0.001	0.028	0.002	0.366	0.001	0.128
angry	0.440	0.001	0.037	0.002	0.339	0.001	0.181
sad	0.353	0.001	0.049	0.001	0.382	0.001	0.214
angry	0.553	0.001	0.021	0.001	0.242	0.001	0.181
angry	0.351	0.000	0.033	0.002	0.299	0.002	0.313
neutral	0.244	0.001	0.028	0.003	0.226	0.004	0.495
neutral	0.204	0.001	0.030	0.004	0.220	0.007	0.534
neutral	0.171	0.001	0.058	0.001	0.312	0.003	0.454
neutral	0.115	0.000	0.037	0.002	0.280	0.009	0.557
sad	0.205	0.000	0.076	0.018	0.556	0.035	0.110
neutral	0.207	0.000	0.053	0.004	0.341	0.008	0.388
sad	0.171	0.000	0.085	0.018	0.466	0.027	0.233
neutral	0.242	0.001	0.030	0.001	0.232	0.007	0.487
sad	0.229	0.000	0.075	0.015	0.503	0.030	0.149
sad	0.109	0.000	0.089	0.028	0.584	0.008	0.182
sad	0.122	0.000	0.084	0.021	0.612	0.010	0.151
sad	0.317	0.000	0.056	0.000	0.354	0.004	0.269
sad	0.146	0.000	0.110	0.074	0.541	0.011	0.117
neutral	0.154	0.000	0.048	0.000	0.370	0.007	0.420
sad	0.171	0.000	0.054	0.026	0.635	0.023	0.091
sad	0.287	0.001	0.055	0.000	0.426	0.002	0.229
sad	0.213	0.000	0.111	0.045	0.454	0.027	0.150
sad	0.350	0.001	0.062	0.000	0.423	0.002	0.161
sad	0.145	0.000	0.087	0.020	0.585	0.013	0.149
neutral	0.330	0.000	0.064	0.003	0.235	0.010	0.358
angry	0.370	0.002	0.041	0.003	0.255	0.009	0.321
sad	0.165	0.000	0.059	0.036	0.621	0.018	0.100
neutral	0.344	0.003	0.034	0.002	0.263	0.006	0.348
sad	0.170	0.000	0.058	0.016	0.663	0.009	0.084
neutral	0.268	0.002	0.036	0.003	0.308	0.006	0.378
sad	0.159	0.000	0.076	0.055	0.584	0.008	0.118
neutral	0.312	0.000	0.029	0.003	0.292	0.009	0.355
neutral	0.270	0.001	0.056	0.005	0.213	0.007	0.449
sad	0.159	0.000	0.071	0.038	0.619	0.016	0.097
neutral	0.327	0.001	0.046	0.002	0.272	0.014	0.339
angry	0.371	0.001	0.049	0.002	0.250	0.010	0.317
neutral	0.242	0.000	0.031	0.002	0.199	0.006	0.519
angry	0.378	0.000	0.037	0.002	0.243	0.013	0.328
neutral	0.328	0.001	0.034	0.006	0.232	0.014	0.385
sad	0.147	0.000	0.080	0.035	0.609	0.014	0.114
neutral	0.292	0.000	0.027	0.001	0.300	0.007	0.373
neutral	0.330	0.001	0.046	0.003	0.265	0.010	0.346
angry	0.478	0.001	0.050	0.003	0.214	0.005	0.250
sad	0.094	0.000	0.040	0.057	0.585	0.026	0.197
neutral	0.232	0.000	0.046	0.006	0.196	0.007	0.513
angry	0.401	0.000	0.031	0.001	0.254	0.003	0.310
sad	0.236	0.000	0.085	0.048	0.471	0.015	0.146
neutral	0.302	0.000	0.053	0.003	0.275	0.003	0.364
sad	0.139	0.000	0.069	0.017	0.579	0.019	0.177
sad	0.285	0.000	0.066	0.002	0.364	0.006	0.275
sad	0.111	0.000	0.054	0.027	0.630	0.025	0.153
neutral	0.205	0.000	0.075	0.004	0.311	0.008	0.397
sad	0.281	0.000	0.071	0.014	0.497	0.030	0.108
angry	0.333	0.002	0.048	0.002	0.333	0.004	0.278
sad	0.244	0.000	0.064	0.031	0.516	0.014	0.131
angry	0.375	0.004	0.034	0.001	0.352	0.004	0.230
sad	0.341	0.000	0.092	0.024	0.389	0.024	0.130
neutral	0.264	0.000	0.009	0.005	0.333	0.002	0.387
sad	0.246	0.000	0.086	0.067	0.425	0.040	0.136
neutral	0.147	0.001	0.012	0.002	0.307	0.001	0.530
neutral	0.215	0.007	0.008	0.017	0.169	0.008	0.575
neutral	0.280	0.005	0.006	0.008	0.173	0.001	0.526
neutral	0.314	0.007	0.007	0.015	0.157	0.003	0.496
neutral	0.271	0.009	0.007	0.013	0.222	0.002	0.476
neutral	0.346	0.003	0.009	0.004	0.216	0.002	0.421
neutral	0.331	0.007	0.018	0.008	0.246	0.012	0.378
neutral	0.231	0.025	0.025	0.012	0.270	0.017	0.420
angry	0.408	0.012	0.010	0.008	0.251	0.003	0.307
angry	0.498	0.022	0.011	0.045	0.142	0.013	0.269
angry	0.359	0.013	0.016	0.007	0.268	0.003	0.334
angry	0.355	0.059	0.023	0.023	0.218	0.008	0.314
angry	0.462	0.006	0.037	0.003	0.262	0.003	0.227
angry	0.524	0.018	0.015	0.003	0.176	0.003	0.261
angry	0.515	0.013	0.018	0.009	0.194	0.003	0.248
angry	0.508	0.013	0.024	0.004	0.274	0.002	0.175
angry	0.479	0.015	0.022	0.025	0.157	0.006	0.296
angry	0.533	0.017	0.025	0.006	0.196	0.004	0.218
neutral	0.354	0.020	0.018	0.013	0.169	0.004	0.423
angry	0.453	0.020	0.028	0.004	0.298	0.005	0.192
angry	0.532	0.011	0.024	0.003	0.277	0.002	0.151
angry	0.429	0.012	0.013	0.001	0.316	0.001	0.228
angry	0.458	0.012	0.032	0.007	0.243	0.006	0.242
angry	0.398	0.010	0.027	0.005	0.227	0.003	0.330
angry	0.429	0.015	0.024	0.010	0.242	0.004	0.275
angry	0.466	0.014	0.024	0.008	0.251	0.004	0.233
angry	0.475	0.017	0.017	0.007	0.262	0.003	0.219
angry	0.387	0.057	0.012	0.018	0.146	0.003	0.376
angry	0.462	0.023	0.018	0.014	0.190	0.005	0.288
angry	0.470	0.028	0.018	0.015	0.167	0.006	0.296
angry	0.435	0.011	0.027	0.004	0.273	0.003	0.247
angry	0.366	0.008	0.024	0.004	0.293	0.001	0.303
angry	0.410	0.011	0.020	0.005	0.276	0.002	0.276
angry	0.409	0.022	0.023	0.020	0.178	0.004	0.344
sad	0.352	0.013	0.021	0.003	0.380	0.002	0.229
angry	0.467	0.032	0.023	0.016	0.203	0.006	0.253
angry	0.416	0.012	0.019	0.012	0.220	0.005	0.316
neutral	0.292	0.011	0.009	0.030	0.225	0.004	0.429
neutral	0.304	0.001	0.008	0.008	0.240	0.002	0.436
neutral	0.239	0.005	0.034	0.037	0.337	0.006	0.341
sad	0.151	0.006	0.018	0.002	0.455	0.000	0.368
neutral	0.194	0.010	0.029	0.017	0.318	0.002	0.431
neutral	0.220	0.013	0.017	0.059	0.311	0.001	0.378
neutral	0.192	0.002	0.012	0.016	0.292	0.001	0.485
neutral	0.190	0.006	0.017	0.008	0.307	0.002	0.470
sad	0.207	0.014	0.026	0.015	0.414	0.002	0.322
sad	0.214	0.004	0.019	0.010	0.461	0.003	0.289
sad	0.286	0.009	0.037	0.018	0.340	0.003	0.306
sad	0.275	0.016	0.029	0.006	0.353	0.001	0.319
neutral	0.296	0.022	0.020	0.001	0.310	0.001	0.349
sad	0.228	0.015	0.022	0.002	0.372	0.003	0.360
sad	0.225	0.005	0.017	0.003	0.444	0.004	0.303
sad	0.197	0.019	0.024	0.002	0.383	0.002	0.372
neutral	0.230	0.003	0.018	0.005	0.349	0.002	0.393
neutral	0.262	0.003	0.019	0.001	0.339	0.001	0.375
sad	0.171	0.004	0.020	0.001	0.430	0.002	0.371
angry	0.377	0.008	0.034	0.001	0.309	0.001	0.270
neutral	0.160	0.004	0.022	0.002	0.399	0.002	0.411
sad	0.232	0.013	0.030	0.002	0.371	0.001	0.352
sad	0.246	0.006	0.027	0.002	0.376	0.002	0.341
neutral	0.260	0.003	0.023	0.001	0.345	0.002	0.365
sad	0.165	0.003	0.021	0.001	0.560	0.001	0.249
sad	0.256	0.004	0.024	0.001	0.481	0.001	0.233
sad	0.338	0.005	0.037	0.000	0.439	0.002	0.179
sad	0.240	0.003	0.025	0.002	0.486	0.002	0.242
neutral	0.226	0.002	0.016	0.001	0.373	0.002	0.380
sad	0.260	0.001	0.013	0.001	0.378	0.002	0.345
sad	0.264	0.003	0.029	0.001	0.503	0.002	0.199
sad	0.243	0.001	0.033	0.000	0.536	0.001	0.186
sad	0.392	0.005	0.027	0.000	0.479	0.001	0.097
sad	0.420	0.009	0.031	0.000	0.469	0.001	0.070
sad	0.300	0.007	0.019	0.001	0.386	0.002	0.287
neutral	0.220	0.001	0.026	0.003	0.346	0.006	0.399
angry	0.381	0.001	0.020	0.004	0.304	0.004	0.286
sad	0.242	0.000	0.007	0.003	0.434	0.002	0.311
sad	0.246	0.000	0.007	0.003	0.419	0.003	0.322
sad	0.183	0.000	0.019	0.001	0.491	0.003	0.303
neutral	0.145	0.002	0.017	0.003	0.398	0.002	0.432
sad	0.282	0.002	0.011	0.004	0.458	0.003	0.239
neutral	0.129	0.001	0.017	0.003	0.352	0.005	0.493
neutral	0.192	0.001	0.027	0.008	0.284	0.007	0.480
neutral	0.235	0.002	0.027	0.006	0.308	0.007	0.416
sad	0.213	0.005	0.030	0.002	0.385	0.002	0.363
neutral	0.104	0.001	0.018	0.007	0.254	0.006	0.610
neutral	0.134	0.000	0.023	0.011	0.345	0.009	0.478
sad	0.237	0.001	0.016	0.003	0.410	0.004	0.328
neutral	0.204	0.001	0.015	0.004	0.298	0.007	0.472
sad	0.220	0.001	0.016	0.002	0.395	0.006	0.361
angry	0.421	0.002	0.018	0.001	0.351	0.003	0.205
sad	0.372	0.001	0.016	0.001	0.434	0.003	0.172
neutral	0.094	0.000	0.022	0.007	0.320	0.008	0.550
sad	0.311	0.003	0.020	0.000	0.453	0.002	0.210
sad	0.242	0.001	0.028	0.001	0.485	0.004	0.240
neutral	0.158	0.001	0.014	0.004	0.331	0.007	0.487
angry	0.384	0.005	0.025	0.000	0.355	0.001	0.229
sad	0.315	0.006	0.017	0.001	0.354	0.003	0.304
sad	0.303	0.005	0.019	0.001	0.367	0.005	0.301
sad	0.212	0.011	0.019	0.001	0.409	0.002	0.347
sad	0.257	0.013	0.017	0.001	0.462	0.002	0.248
sad	0.307	0.012	0.023	0.000	0.442	0.002	0.214
sad	0.193	0.001	0.017	0.001	0.422	0.006	0.360
sad	0.169	0.002	0.016	0.001	0.473	0.005	0.335
sad	0.281	0.008	0.021	0.001	0.407	0.003	0.279
sad	0.282	0.007	0.015	0.001	0.352	0.005	0.338
sad	0.227	0.004	0.016	0.000	0.441	0.004	0.307
neutral	0.204	0.002	0.016	0.001	0.379	0.007	0.391
sad	0.340	0.012	0.037	0.001	0.424	0.002	0.183
sad	0.331	0.010	0.032	0.000	0.466	0.002	0.159
sad	0.190	0.001	0.020	0.002	0.438	0.007	0.342
sad	0.305	0.006	0.028	0.000	0.419	0.003	0.239
sad	0.281	0.003	0.023	0.000	0.457	0.003	0.233
sad	0.205	0.001	0.016	0.001	0.449	0.004	0.325
sad	0.356	0.002	0.019	0.001	0.382	0.003	0.236
sad	0.306	0.000	0.025	0.002	0.397	0.004	0.265
sad	0.213	0.004	0.020	0.001	0.433	0.002	0.328
sad	0.224	0.002	0.011	0.001	0.448	0.001	0.314
neutral	0.150	0.000	0.022	0.001	0.410	0.005	0.411
sad	0.298	0.001	0.027	0.000	0.414	0.004	0.255
sad	0.266	0.001	0.020	0.000	0.366	0.004	0.344
sad	0.359	0.000	0.033	0.001	0.381	0.004	0.221
sad	0.348	0.001	0.024	0.000	0.379	0.005	0.243
sad	0.277	0.001	0.021	0.000	0.416	0.004	0.280
sad	0.331	0.001	0.023	0.000	0.412	0.003	0.230
sad	0.369	0.000	0.015	0.000	0.374	0.003	0.239
sad	0.297	0.000	0.018	0.002	0.428	0.004	0.251
neutral	0.205	0.000	0.015	0.001	0.336	0.005	0.439
sad	0.237	0.002	0.029	0.000	0.441	0.002	0.289
sad	0.217	0.001	0.030	0.000	0.528	0.002	0.222
sad	0.257	0.001	0.026	0.000	0.523	0.003	0.190
sad	0.407	0.001	0.034	0.000	0.438	0.006	0.114
sad	0.305	0.000	0.026	0.001	0.350	0.011	0.308
sad	0.203	0.000	0.018	0.000	0.493	0.005	0.281
sad	0.351	0.001	0.030	0.000	0.483	0.004	0.131
sad	0.227	0.001	0.024	0.001	0.464	0.005	0.278
sad	0.316	0.001	0.028	0.000	0.493	0.003	0.159
sad	0.232	0.001	0.024	0.000	0.576	0.005	0.163
sad	0.261	0.001	0.023	0.000	0.426	0.005	0.283
sad	0.249	0.002	0.027	0.000	0.563	0.001	0.157
sad	0.239	0.001	0.034	0.000	0.590	0.003	0.133
sad	0.319	0.001	0.034	0.000	0.522	0.002	0.122
sad	0.228	0.000	0.017	0.000	0.504	0.004	0.246
sad	0.270	0.001	0.036	0.000	0.535	0.003	0.155
sad	0.326	0.002	0.024	0.000	0.419	0.002	0.227
sad	0.230	0.000	0.029	0.000	0.544	0.003	0.194
angry	0.461	0.002	0.014	0.000	0.356	0.003	0.164
sad	0.265	0.001	0.034	0.000	0.521	0.003	0.176
sad	0.254	0.001	0.032	0.000	0.594	0.003	0.116
angry	0.488	0.002	0.020	0.000	0.396	0.002	0.091
sad	0.319	0.001	0.032	0.000	0.401	0.003	0.243
sad	0.408	0.001	0.032	0.000	0.423	0.002	0.133
sad	0.347	0.001	0.030	0.000	0.472	0.002	0.148
angry	0.472	0.002	0.019	0.000	0.391	0.002	0.116
angry	0.425	0.002	0.033	0.000	0.421	0.002	0.117
sad	0.296	0.000	0.039	0.000	0.447	0.006	0.212
sad	0.257	0.001	0.029	0.000	0.449	0.003	0.261
sad	0.256	0.001	0.029	0.000	0.540	0.002	0.172
angry	0.429	0.000	0.025	0.000	0.354	0.003	0.189
sad	0.314	0.001	0.025	0.001	0.358	0.005	0.296
sad	0.344	0.001	0.042	0.000	0.427	0.005	0.181
sad	0.235	0.001	0.041	0.000	0.555	0.004	0.164
sad	0.296	0.002	0.036	0.000	0.548	0.002	0.116
sad	0.322	0.002	0.036	0.000	0.404	0.002	0.234
sad	0.243	0.000	0.019	0.001	0.368	0.006	0.362
sad	0.211	0.000	0.030	0.000	0.513	0.003	0.243
sad	0.337	0.001	0.032	0.001	0.403	0.005	0.222
sad	0.301	0.000	0.035	0.000	0.412	0.004	0.248
sad	0.345	0.000	0.032	0.000	0.374	0.003	0.245
angry	0.374	0.000	0.044	0.001	0.279	0.005	0.297
sad	0.319	0.001	0.025	0.000	0.418	0.003	0.234
angry	0.495	0.001	0.044	0.001	0.330	0.006	0.124
angry	0.482	0.001	0.032	0.000	0.343	0.002	0.140
sad	0.388	0.001	0.035	0.001	0.404	0.002	0.169
sad	0.346	0.001	0.032	0.000	0.461	0.002	0.157
sad	0.217	0.000	0.022	0.000	0.514	0.002	0.244
sad	0.333	0.001	0.035	0.000	0.485	0.002	0.144
sad	0.211	0.001	0.043	0.000	0.590	0.003	0.152
sad	0.229	0.000	0.020	0.000	0.476	0.003	0.271
sad	0.325	0.001	0.024	0.000	0.500	0.002	0.148
sad	0.328	0.001	0.026	0.000	0.514	0.002	0.129
sad	0.353	0.001	0.020	0.000	0.499	0.002	0.124
sad	0.217	0.001	0.026	0.000	0.610	0.002	0.144
sad	0.282	0.001	0.031	0.000	0.538	0.002	0.147
sad	0.293	0.001	0.020	0.000	0.532	0.002	0.151
sad	0.321	0.001	0.037	0.000	0.514	0.005	0.122
sad	0.366	0.002	0.028	0.001	0.397	0.007	0.200
sad	0.332	0.001	0.048	0.000	0.408	0.005	0.205
sad	0.210	0.000	0.022	0.000	0.504	0.003	0.260
sad	0.197	0.001	0.042	0.000	0.520	0.003	0.237
sad	0.244	0.003	0.044	0.000	0.538	0.001	0.169
sad	0.202	0.002	0.038	0.000	0.568	0.003	0.187
sad	0.249	0.002	0.033	0.000	0.507	0.002	0.207
sad	0.255	0.001	0.037	0.000	0.397	0.003	0.306
sad	0.157	0.001	0.034	0.001	0.526	0.001	0.281
sad	0.313	0.001	0.037	0.000	0.372	0.007	0.269
sad	0.372	0.001	0.034	0.001	0.388	0.003	0.202
sad	0.170	0.000	0.030	0.001	0.406	0.004	0.387
sad	0.256	0.001	0.025	0.000	0.398	0.004	0.315
sad	0.275	0.001	0.024	0.001	0.357	0.003	0.339
sad	0.237	0.001	0.017	0.000	0.419	0.003	0.322
sad	0.323	0.001	0.027	0.001	0.402	0.002	0.244
angry	0.375	0.002	0.026	0.001	0.362	0.003	0.230
angry	0.396	0.001	0.033	0.003	0.269	0.003	0.295
sad	0.300	0.002	0.022	0.000	0.353	0.002	0.320
angry	0.408	0.004	0.027	0.001	0.319	0.002	0.239
sad	0.283	0.002	0.029	0.001	0.372	0.004	0.310
neutral	0.279	0.001	0.024	0.001	0.305	0.002	0.387
sad	0.235	0.000	0.040	0.001	0.388	0.008	0.328
neutral	0.293	0.001	0.019	0.001	0.341	0.003	0.342
sad	0.299	0.002	0.022	0.000	0.340	0.008	0.328
angry	0.467	0.003	0.029	0.000	0.366	0.001	0.133
angry	0.495	0.007	0.041	0.000	0.334	0.001	0.122
sad	0.248	0.001	0.031	0.000	0.429	0.002	0.288
sad	0.254	0.001	0.035	0.000	0.512	0.003	0.195
angry	0.399	0.005	0.048	0.000	0.394	0.001	0.152
sad	0.313	0.002	0.045	0.000	0.402	0.002	0.236
angry	0.368	0.002	0.035	0.000	0.366	0.003	0.226
sad	0.299	0.002	0.026	0.000	0.476	0.002	0.194
sad	0.306	0.001	0.038	0.000	0.466	0.001	0.188
sad	0.338	0.002	0.035	0.000	0.390	0.002	0.233
sad	0.311	0.002	0.038	0.000	0.487	0.002	0.160
sad	0.282	0.002	0.027	0.000	0.426	0.003	0.260
sad	0.292	0.001	0.041	0.000	0.354	0.004	0.307
sad	0.299	0.002	0.033	0.000	0.451	0.005	0.210
sad	0.375	0.010	0.021	0.000	0.409	0.003	0.183
sad	0.288	0.003	0.041	0.000	0.500	0.004	0.164
sad	0.267	0.002	0.038	0.000	0.499	0.003	0.191
sad	0.226	0.001	0.038	0.000	0.553	0.005	0.178
sad	0.270	0.001	0.048	0.000	0.537	0.003	0.141
sad	0.209	0.002	0.034	0.000	0.537	0.001	0.217
sad	0.312	0.003	0.039	0.000	0.413	0.003	0.229
angry	0.396	0.002	0.039	0.000	0.315	0.005	0.242
angry	0.368	0.005	0.039	0.001	0.366	0.004	0.218
sad	0.245	0.001	0.032	0.000	0.474	0.004	0.244
sad	0.341	0.001	0.031	0.000	0.417	0.002	0.208
sad	0.333	0.003	0.023	0.000	0.457	0.003	0.181
angry	0.405	0.003	0.025	0.000	0.369	0.002	0.195
angry	0.524	0.003	0.030	0.001	0.297	0.002	0.143
sad	0.324	0.002	0.024	0.000	0.408	0.002	0.239
sad	0.269	0.002	0.021	0.000	0.405	0.005	0.298
sad	0.304	0.002	0.041	0.000	0.420	0.006	0.227
sad	0.284	0.002	0.026	0.000	0.403	0.004	0.281
sad	0.328	0.005	0.046	0.000	0.486	0.002	0.132
angry	0.529	0.005	0.020	0.000	0.286	0.001	0.158
angry	0.550	0.008	0.023	0.000	0.292	0.001	0.126
sad	0.228	0.001	0.036	0.000	0.435	0.003	0.296
sad	0.268	0.001	0.025	0.000	0.370	0.004	0.331
sad	0.312	0.003	0.052	0.000	0.410	0.002	0.221
sad	0.281	0.002	0.026	0.000	0.380	0.004	0.307
angry	0.404	0.004	0.025	0.000	0.394	0.002	0.171
sad	0.304	0.002	0.033	0.000	0.436	0.002	0.223
angry	0.571	0.008	0.023	0.000	0.297	0.001	0.099
sad	0.333	0.002	0.041	0.000	0.397	0.002	0.225
angry	0.446	0.002	0.029	0.000	0.322	0.001	0.200
angry	0.522	0.002	0.017	0.001	0.240	0.002	0.217
angry	0.554	0.007	0.024	0.000	0.297	0.001	0.116
angry	0.487	0.005	0.025	0.000	0.330	0.002	0.151
angry	0.539	0.007	0.023	0.000	0.296	0.001	0.134
angry	0.550	0.004	0.019	0.000	0.285	0.001	0.140
angry	0.410	0.003	0.033	0.000	0.353	0.003	0.198
sad	0.354	0.002	0.032	0.000	0.411	0.002	0.200
angry	0.452	0.002	0.040	0.000	0.342	0.001	0.163
angry	0.600	0.006	0.031	0.000	0.299	0.001	0.063
angry	0.459	0.006	0.020	0.000	0.377	0.001	0.136
angry	0.587	0.004	0.029	0.001	0.296	0.001	0.082
angry	0.472	0.003	0.026	0.001	0.331	0.002	0.165
angry	0.444	0.001	0.047	0.001	0.324	0.002	0.181
angry	0.453	0.003	0.022	0.000	0.333	0.001	0.187
angry	0.502	0.006	0.020	0.000	0.348	0.001	0.122
angry	0.390	0.000	0.041	0.001	0.282	0.005	0.281
angry	0.631	0.011	0.024	0.000	0.270	0.001	0.063
angry	0.516	0.009	0.020	0.000	0.350	0.002	0.103
angry	0.518	0.002	0.027	0.000	0.365	0.001	0.088
angry	0.415	0.003	0.025	0.000	0.388	0.003	0.166
angry	0.470	0.002	0.028	0.000	0.375	0.001	0.124
angry	0.501	0.002	0.025	0.000	0.360	0.001	0.111
sad	0.310	0.001	0.031	0.000	0.441	0.005	0.212
angry	0.522	0.001	0.028	0.002	0.237	0.003	0.207
sad	0.322	0.001	0.035	0.000	0.466	0.003	0.173
sad	0.269	0.000	0.033	0.000	0.460	0.003	0.234
sad	0.257	0.000	0.034	0.001	0.369	0.005	0.333
angry	0.530	0.001	0.035	0.001	0.255	0.002	0.174
angry	0.534	0.002	0.033	0.001	0.272	0.002	0.156
angry	0.482	0.001	0.022	0.002	0.241	0.007	0.245
sad	0.166	0.000	0.034	0.001	0.419	0.005	0.375
angry	0.365	0.001	0.028	0.002	0.235	0.009	0.360
neutral	0.286	0.000	0.024	0.001	0.245	0.009	0.434
sad	0.394	0.001	0.031	0.000	0.399	0.005	0.170
angry	0.556	0.001	0.023	0.001	0.222	0.006	0.190
sad	0.402	0.001	0.031	0.000	0.426	0.002	0.137
sad	0.314	0.001	0.050	0.000	0.418	0.003	0.214
angry	0.593	0.000	0.027	0.000	0.276	0.003	0.099
angry	0.438	0.001	0.035	0.000	0.418	0.001	0.106
angry	0.488	0.000	0.027	0.000	0.363	0.005	0.116
angry	0.491	0.001	0.029	0.001	0.329	0.001	0.148
angry	0.531	0.000	0.036	0.000	0.268	0.004	0.160
angry	0.607	0.001	0.024	0.000	0.251	0.005	0.112
angry	0.461	0.001	0.052	0.000	0.375	0.002	0.109
angry	0.527	0.000	0.032	0.000	0.305	0.002	0.133
angry	0.624	0.001	0.030	0.001	0.221	0.004	0.121
angry	0.435	0.000	0.035	0.000	0.349	0.006	0.173
angry	0.542	0.000	0.030	0.000	0.286	0.008	0.133
angry	0.454	0.000	0.042	0.000	0.385	0.002	0.116
angry	0.510	0.000	0.027	0.000	0.291	0.006	0.166
angry	0.488	0.000	0.023	0.000	0.393	0.004	0.092
angry	0.537	0.000	0.043	0.000	0.265	0.006	0.149
angry	0.445	0.000	0.036	0.001	0.313	0.007	0.199
sad	0.381	0.001	0.046	0.000	0.442	0.006	0.123
sad	0.363	0.001	0.034	0.000	0.481	0.001	0.120
sad	0.287	0.002	0.041	0.000	0.574	0.001	0.094
sad	0.285	0.002	0.055	0.000	0.569	0.002	0.087
angry	0.470	0.001	0.027	0.001	0.298	0.002	0.202
sad	0.292	0.000	0.043	0.000	0.512	0.002	0.150
sad	0.313	0.000	0.038	0.000	0.465	0.002	0.182
sad	0.254	0.001	0.041	0.000	0.575	0.002	0.127
sad	0.347	0.001	0.040	0.000	0.472	0.001	0.139
angry	0.501	0.001	0.033	0.000	0.322	0.005	0.138
sad	0.220	0.001	0.035	0.000	0.609	0.001	0.135
angry	0.544	0.001	0.022	0.000	0.252	0.003	0.177
sad	0.320	0.001	0.036	0.000	0.487	0.001	0.155
angry	0.441	0.001	0.035	0.000	0.362	0.003	0.158
sad	0.319	0.001	0.039	0.000	0.484	0.002	0.154
sad	0.370	0.001	0.038	0.000	0.431	0.003	0.158
sad	0.291	0.001	0.037	0.000	0.475	0.002	0.194
sad	0.338	0.001	0.044	0.000	0.489	0.003	0.124
sad	0.348	0.001	0.072	0.000	0.461	0.007	0.111
sad	0.254	0.000	0.060	0.000	0.487	0.003	0.196
sad	0.353	0.001	0.044	0.000	0.460	0.003	0.140
sad	0.295	0.001	0.064	0.001	0.499	0.006	0.136
sad	0.272	0.001	0.080	0.000	0.512	0.006	0.129
sad	0.300	0.001	0.043	0.000	0.500	0.002	0.153
sad	0.265	0.000	0.042	0.000	0.519	0.003	0.171
sad	0.412	0.001	0.037	0.000	0.445	0.003	0.102
angry	0.452	0.001	0.027	0.000	0.402	0.002	0.117
sad	0.395	0.001	0.025	0.000	0.453	0.001	0.124
sad	0.406	0.001	0.051	0.000	0.427	0.005	0.109
sad	0.397	0.000	0.033	0.000	0.422	0.002	0.145
sad	0.365	0.001	0.035	0.000	0.460	0.002	0.137
sad	0.362	0.000	0.035	0.001	0.393	0.008	0.202
sad	0.279	0.000	0.077	0.000	0.480	0.006	0.157
sad	0.415	0.000	0.037	0.000	0.423	0.003	0.121
angry	0.452	0.001	0.031	0.002	0.331	0.007	0.177
sad	0.295	0.000	0.047	0.000	0.481	0.004	0.173
sad	0.384	0.000	0.035	0.000	0.415	0.005	0.160
sad	0.369	0.000	0.038	0.001	0.414	0.005	0.173
sad	0.333	0.000	0.038	0.000	0.461	0.004	0.164
sad	0.344	0.000	0.035	0.000	0.445	0.003	0.173
sad	0.353	0.000	0.045	0.000	0.457	0.006	0.139
angry	0.472	0.001	0.031	0.001	0.330	0.006	0.160
angry	0.469	0.001	0.037	0.001	0.358	0.007	0.127
sad	0.383	0.000	0.045	0.001	0.390	0.011	0.170
angry	0.491	0.002	0.031	0.001	0.287	0.004	0.184
angry	0.485	0.001	0.033	0.001	0.292	0.017	0.172
angry	0.457	0.001	0.024	0.001	0.329	0.006	0.183
angry	0.438	0.001	0.042	0.000	0.392	0.005	0.123
angry	0.417	0.001	0.028	0.000	0.408	0.004	0.142
sad	0.359	0.001	0.044	0.000	0.447	0.004	0.145
sad	0.416	0.000	0.035	0.001	0.421	0.004	0.123
angry	0.430	0.000	0.019	0.002	0.248	0.010	0.291
sad	0.370	0.000	0.022	0.002	0.371	0.006	0.228
sad	0.368	0.001	0.036	0.000	0.454	0.002	0.138
sad	0.265	0.001	0.055	0.000	0.500	0.003	0.176
angry	0.371	0.001	0.034	0.002	0.292	0.007	0.294
sad	0.344	0.000	0.040	0.001	0.445	0.010	0.161
angry	0.467	0.001	0.040	0.001	0.356	0.004	0.132
sad	0.212	0.001	0.048	0.001	0.488	0.004	0.246
sad	0.204	0.001	0.042	0.000	0.471	0.006	0.276
angry	0.470	0.001	0.025	0.001	0.303	0.004	0.197
sad	0.298	0.000	0.047	0.000	0.492	0.004	0.158
sad	0.278	0.001	0.055	0.001	0.421	0.004	0.241
sad	0.279	0.001	0.048	0.001	0.419	0.004	0.248
angry	0.446	0.001	0.039	0.001	0.345	0.005	0.164
angry	0.412	0.000	0.041	0.001	0.401	0.006	0.139
neutral	0.253	0.001	0.047	0.000	0.315	0.003	0.381
angry	0.387	0.000	0.038	0.001	0.341	0.003	0.229
sad	0.272	0.000	0.048	0.001	0.388	0.003	0.288
angry	0.409	0.001	0.047	0.001	0.397	0.006	0.139
angry	0.360	0.001	0.038	0.001	0.350	0.009	0.241
angry	0.422	0.001	0.030	0.002	0.268	0.009	0.269
sad	0.394	0.001	0.068	0.001	0.400	0.007	0.130
sad	0.351	0.001	0.044	0.001	0.395	0.006	0.203
angry	0.385	0.001	0.041	0.001	0.302	0.006	0.264
angry	0.455	0.000	0.030	0.001	0.338	0.006	0.170
angry	0.384	0.001	0.028	0.001	0.269	0.008	0.310
sad	0.384	0.001	0.032	0.000	0.408	0.006	0.168
sad	0.335	0.000	0.032	0.001	0.390	0.004	0.238
angry	0.453	0.001	0.044	0.000	0.362	0.008	0.132
angry	0.429	0.000	0.028	0.001	0.368	0.003	0.171
sad	0.108	0.000	0.089	0.001	0.665	0.001	0.136
sad	0.106	0.000	0.058	0.006	0.506	0.002	0.323
sad	0.079	0.000	0.018	0.001	0.643	0.001	0.259
sad	0.288	0.000	0.048	0.005	0.370	0.002	0.287
sad	0.199	0.000	0.017	0.001	0.409	0.001	0.373
sad	0.342	0.000	0.044	0.001	0.450	0.003	0.159
sad	0.211	0.000	0.021	0.000	0.537	0.001	0.229
neutral	0.174	0.000	0.010	0.002	0.343	0.003	0.467
angry	0.451	0.000	0.011	0.002	0.396	0.001	0.140
sad	0.243	0.000	0.010	0.006	0.504	0.003	0.233
sad	0.232	0.000	0.092	0.001	0.423	0.001	0.251
neutral	0.250	0.000	0.026	0.000	0.261	0.002	0.461
angry	0.350	0.001	0.039	0.000	0.313	0.004	0.292
angry	0.358	0.006	0.039	0.000	0.336	0.004	0.257
angry	0.428	0.002	0.032	0.000	0.331	0.009	0.197
angry	0.467	0.004	0.042	0.000	0.317	0.004	0.166
angry	0.494	0.020	0.012	0.001	0.207	0.003	0.262
angry	0.547	0.026	0.035	0.000	0.188	0.001	0.203
angry	0.403	0.008	0.022	0.002	0.177	0.005	0.384
angry	0.746	0.005	0.015	0.000	0.133	0.004	0.097
angry	0.501	0.011	0.021	0.001	0.303	0.005	0.158
angry	0.405	0.023	0.019	0.000	0.369	0.001	0.182
angry	0.637	0.015	0.024	0.000	0.246	0.002	0.077
angry	0.419	0.012	0.018	0.001	0.294	0.001	0.255
angry	0.478	0.021	0.014	0.001	0.247	0.002	0.239
angry	0.537	0.013	0.018	0.001	0.186	0.006	0.239
angry	0.516	0.017	0.016	0.002	0.199	0.003	0.246
angry	0.480	0.015	0.020	0.001	0.215	0.003	0.265
angry	0.351	0.006	0.015	0.001	0.292	0.001	0.334
neutral	0.336	0.008	0.020	0.001	0.238	0.001	0.396
angry	0.343	0.008	0.035	0.001	0.307	0.006	0.300
sad	0.254	0.004	0.024	0.001	0.379	0.005	0.333
angry	0.457	0.012	0.012	0.001	0.219	0.006	0.293
angry	0.529	0.002	0.016	0.001	0.234	0.011	0.206
neutral	0.336	0.002	0.017	0.001	0.274	0.017	0.352
neutral	0.390	0.008	0.015	0.003	0.191	0.003	0.390
angry	0.430	0.010	0.015	0.002	0.131	0.005	0.409
angry	0.590	0.005	0.015	0.000	0.144	0.002	0.243
angry	0.497	0.003	0.016	0.001	0.196	0.001	0.285
angry	0.513	0.011	0.021	0.001	0.233	0.003	0.219
angry	0.536	0.011	0.018	0.001	0.209	0.002	0.224
angry	0.483	0.008	0.027	0.001	0.224	0.006	0.251
neutral	0.383	0.003	0.013	0.002	0.098	0.010	0.492
