prediction	angry	disgust	fear	happy	sad	surprise	neutral
sad	0.155	0.007	0.122	0.000	0.671	0.002	0.042
sad	0.099	0.006	0.048	0.007	0.660	0.001	0.179
sad	0.119	0.002	0.043	0.006	0.659	0.001	0.170
sad	0.091	0.002	0.050	0.005	0.697	0.001	0.155
sad	0.102	0.002	0.055	0.004	0.518	0.004	0.316
neutral	0.133	0.002	0.058	0.011	0.297	0.007	0.492
neutral	0.136	0.001	0.036	0.013	0.287	0.005	0.521
sad	0.124	0.001	0.048	0.010	0.479	0.002	0.336
neutral	0.072	0.001	0.047	0.009	0.231	0.005	0.636
neutral	0.135	0.001	0.036	0.009	0.297	0.004	0.516
sad	0.092	0.001	0.097	0.005	0.610	0.002	0.193
sad	0.087	0.002	0.109	0.003	0.563	0.002	0.235
sad	0.066	0.001	0.085	0.004	0.541	0.003	0.300
sad	0.124	0.003	0.054	0.006	0.545	0.003	0.265
sad	0.135	0.002	0.072	0.006	0.558	0.003	0.223
sad	0.173	0.005	0.050	0.009	0.450	0.003	0.311
sad	0.101	0.002	0.040	0.010	0.469	0.003	0.374
sad	0.148	0.002	0.050	0.008	0.503	0.004	0.285
sad	0.159	0.002	0.059	0.011	0.396	0.003	0.371
neutral	0.156	0.005	0.043	0.015	0.360	0.003	0.419
neutral	0.177	0.002	0.066	0.017	0.360	0.005	0.374
neutral	0.097	0.001	0.045	0.012	0.389	0.004	0.451
sad	0.077	0.002	0.087	0.005	0.614	0.002	0.213
sad	0.081	0.001	0.084	0.008	0.607	0.002	0.216
sad	0.144	0.003	0.074	0.005	0.591	0.001	0.181
sad	0.129	0.001	0.066	0.006	0.641	0.001	0.156
sad	0.150	0.002	0.088	0.004	0.609	0.001	0.147
sad	0.110	0.001	0.088	0.004	0.464	0.004	0.329
neutral	0.137	0.001	0.098	0.013	0.333	0.007	0.410
neutral	0.129	0.001	0.082	0.010	0.334	0.004	0.438
sad	0.173	0.001	0.128	0.023	0.356	0.010	0.309
neutral	0.106	0.001	0.057	0.013	0.402	0.007	0.414
neutral	0.164	0.001	0.062	0.014	0.377	0.005	0.377
neutral	0.154	0.002	0.064	0.011	0.355	0.007	0.407
sad	0.134	0.002	0.050	0.007	0.695	0.000	0.112
sad	0.182	0.004	0.059	0.004	0.582	0.002	0.168
sad	0.180	0.003	0.047	0.007	0.515	0.002	0.247
sad	0.139	0.002	0.049	0.005	0.697	0.000	0.107
sad	0.117	0.002	0.052	0.003	0.738	0.000	0.087
sad	0.127	0.002	0.083	0.008	0.534	0.004	0.243
sad	0.125	0.001	0.067	0.005	0.532	0.004	0.266
sad	0.140	0.001	0.056	0.013	0.500	0.002	0.288
neutral	0.113	0.001	0.083	0.017	0.387	0.004	0.396
sad	0.106	0.001	0.055	0.023	0.551	0.002	0.264
neutral	0.096	0.000	0.061	0.057	0.345	0.002	0.438
sad	0.086	0.001	0.056	0.078	0.392	0.003	0.384
sad	0.077	0.001	0.105	0.018	0.423	0.002	0.373
sad	0.147	0.002	0.061	0.013	0.479	0.002	0.295
sad	0.116	0.003	0.047	0.007	0.532	0.002	0.295
sad	0.132	0.001	0.104	0.007	0.513	0.003	0.239
sad	0.115	0.002	0.079	0.005	0.531	0.001	0.267
sad	0.127	0.001	0.050	0.010	0.534	0.002	0.276
sad	0.081	0.001	0.072	0.009	0.479	0.002	0.356
sad	0.093	0.003	0.062	0.000	0.772	0.001	0.069
sad	0.087	0.001	0.051	0.000	0.827	0.001	0.033
sad	0.021	0.001	0.017	0.000	0.916	0.000	0.045
sad	0.077	0.001	0.045	0.000	0.809	0.001	0.068
sad	0.044	0.000	0.020	0.000	0.887	0.000	0.048
sad	0.021	0.000	0.041	0.000	0.894	0.001	0.044
sad	0.038	0.000	0.054	0.000	0.882	0.001	0.025
sad	0.048	0.000	0.042	0.000	0.867	0.001	0.042
sad	0.027	0.000	0.098	0.000	0.834	0.001	0.038
sad	0.039	0.000	0.035	0.000	0.891	0.001	0.034
sad	0.045	0.001	0.130	0.001	0.764	0.002	0.056
sad	0.043	0.000	0.081	0.000	0.809	0.002	0.065
sad	0.055	0.001	0.066	0.000	0.799	0.001	0.078
sad	0.066	0.000	0.073	0.002	0.751	0.002	0.106
sad	0.056	0.000	0.031	0.001	0.778	0.001	0.132
sad	0.032	0.001	0.106	0.000	0.794	0.001	0.066
sad	0.070	0.001	0.054	0.000	0.790	0.001	0.084
sad	0.054	0.000	0.051	0.001	0.831	0.001	0.062
sad	0.049	0.001	0.080	0.001	0.787	0.002	0.082
sad	0.049	0.001	0.097	0.001	0.740	0.003	0.109
sad	0.056	0.002	0.136	0.001	0.665	0.004	0.135
sad	0.051	0.000	0.123	0.001	0.698	0.004	0.123
sad	0.077	0.000	0.055	0.000	0.809	0.001	0.058
sad	0.056	0.001	0.095	0.001	0.703	0.002	0.142
sad	0.070	0.000	0.054	0.001	0.787	0.001	0.087
sad	0.105	0.001	0.075	0.001	0.749	0.001	0.067
sad	0.067	0.001	0.060	0.002	0.733	0.002	0.134
sad	0.077	0.003	0.103	0.004	0.636	0.004	0.172
sad	0.084	0.002	0.078	0.004	0.693	0.004	0.135
sad	0.099	0.002	0.081	0.004	0.672	0.003	0.138
sad	0.057	0.001	0.125	0.001	0.730	0.003	0.083
sad	0.077	0.002	0.073	0.001	0.768	0.001	0.077
sad	0.134	0.001	0.062	0.004	0.684	0.002	0.114
sad	0.078	0.000	0.075	0.002	0.749	0.002	0.093
sad	0.084	0.000	0.072	0.001	0.716	0.002	0.124
sad	0.075	0.000	0.049	0.002	0.720	0.001	0.153
sad	0.075	0.000	0.110	0.002	0.659	0.002	0.151
sad	0.067	0.000	0.141	0.001	0.695	0.002	0.093
sad	0.046	0.001	0.058	0.001	0.801	0.001	0.093
sad	0.101	0.000	0.075	0.002	0.665	0.002	0.155
sad	0.105	0.000	0.062	0.002	0.708	0.001	0.122
sad	0.061	0.000	0.065	0.001	0.756	0.001	0.116
sad	0.073	0.000	0.060	0.001	0.785	0.001	0.079
sad	0.050	0.001	0.121	0.001	0.728	0.001	0.097
sad	0.037	0.001	0.085	0.001	0.794	0.001	0.080
sad	0.038	0.000	0.117	0.002	0.741	0.002	0.100
sad	0.043	0.000	0.073	0.000	0.816	0.001	0.065
sad	0.054	0.000	0.061	0.001	0.826	0.001	0.058
sad	0.042	0.000	0.084	0.001	0.794	0.001	0.079
sad	0.031	0.000	0.085	0.000	0.820	0.001	0.063
sad	0.041	0.000	0.079	0.001	0.796	0.001	0.081
sad	0.053	0.000	0.043	0.001	0.816	0.001	0.087
sad	0.075	0.001	0.075	0.001	0.770	0.001	0.077
sad	0.039	0.000	0.043	0.001	0.853	0.001	0.064
sad	0.041	0.000	0.100	0.001	0.751	0.001	0.105
sad	0.036	0.001	0.058	0.001	0.814	0.001	0.091
sad	0.039	0.001	0.076	0.001	0.764	0.001	0.119
sad	0.045	0.001	0.060	0.001	0.777	0.001	0.115
sad	0.070	0.002	0.046	0.000	0.827	0.001	0.053
sad	0.081	0.002	0.086	0.000	0.797	0.001	0.033
sad	0.068	0.001	0.065	0.000	0.832	0.001	0.034
sad	0.057	0.002	0.074	0.000	0.815	0.001	0.051
sad	0.058	0.001	0.131	0.000	0.764	0.001	0.045
sad	0.036	0.001	0.102	0.000	0.841	0.001	0.018
sad	0.050	0.002	0.092	0.000	0.834	0.001	0.021
sad	0.072	0.001	0.119	0.000	0.791	0.001	0.016
sad	0.126	0.002	0.093	0.000	0.765	0.001	0.013
sad	0.051	0.001	0.035	0.000	0.889	0.000	0.023
sad	0.114	0.001	0.055	0.002	0.778	0.000	0.050
sad	0.077	0.000	0.061	0.001	0.821	0.000	0.040
sad	0.071	0.001	0.080	0.000	0.806	0.000	0.042
sad	0.084	0.002	0.089	0.000	0.790	0.000	0.034
sad	0.167	0.003	0.086	0.001	0.703	0.000	0.040
sad	0.147	0.002	0.075	0.001	0.727	0.000	0.048
sad	0.151	0.001	0.089	0.001	0.719	0.000	0.040
sad	0.248	0.003	0.077	0.001	0.626	0.000	0.044
sad	0.294	0.002	0.058	0.001	0.613	0.000	0.032
sad	0.223	0.002	0.049	0.002	0.671	0.000	0.053
sad	0.193	0.001	0.056	0.002	0.683	0.000	0.064
sad	0.184	0.001	0.058	0.002	0.708	0.001	0.046
sad	0.227	0.001	0.083	0.001	0.656	0.001	0.032
sad	0.048	0.000	0.043	0.000	0.875	0.000	0.033
sad	0.171	0.002	0.059	0.001	0.720	0.000	0.046
sad	0.099	0.003	0.061	0.000	0.781	0.001	0.055
sad	0.115	0.004	0.036	0.000	0.797	0.000	0.048
sad	0.200	0.003	0.050	0.001	0.660	0.001	0.086
sad	0.102	0.003	0.053	0.000	0.775	0.001	0.066
sad	0.111	0.001	0.042	0.001	0.794	0.000	0.051
sad	0.124	0.001	0.054	0.001	0.787	0.000	0.032
sad	0.111	0.001	0.051	0.001	0.794	0.000	0.042
sad	0.105	0.002	0.039	0.001	0.806	0.000	0.047
sad	0.095	0.001	0.038	0.001	0.806	0.000	0.060
sad	0.104	0.001	0.037	0.001	0.793	0.000	0.063
sad	0.092	0.001	0.039	0.001	0.810	0.000	0.057
sad	0.072	0.001	0.044	0.002	0.813	0.000	0.068
sad	0.063	0.001	0.036	0.002	0.838	0.001	0.060
sad	0.041	0.000	0.052	0.000	0.854	0.000	0.052
sad	0.055	0.001	0.043	0.002	0.832	0.001	0.067
sad	0.109	0.002	0.056	0.004	0.703	0.000	0.125
sad	0.094	0.003	0.041	0.002	0.788	0.000	0.072
sad	0.112	0.001	0.063	0.003	0.732	0.001	0.087
sad	0.064	0.001	0.043	0.002	0.805	0.001	0.084
sad	0.062	0.001	0.061	0.001	0.801	0.001	0.074
sad	0.084	0.002	0.041	0.002	0.800	0.000	0.071
sad	0.086	0.001	0.043	0.002	0.783	0.000	0.085
sad	0.074	0.001	0.037	0.002	0.811	0.001	0.074
sad	0.095	0.001	0.044	0.002	0.777	0.000	0.080
sad	0.108	0.002	0.056	0.003	0.737	0.000	0.093
sad	0.112	0.001	0.034	0.002	0.766	0.000	0.085
sad	0.070	0.001	0.069	0.001	0.804	0.001	0.054
sad	0.162	0.007	0.052	0.004	0.699	0.001	0.075
sad	0.187	0.005	0.040	0.004	0.695	0.001	0.068
sad	0.131	0.007	0.049	0.002	0.747	0.000	0.064
sad	0.067	0.001	0.040	0.001	0.823	0.000	0.068
sad	0.049	0.001	0.038	0.001	0.818	0.000	0.092
sad	0.078	0.001	0.035	0.001	0.825	0.000	0.059
sad	0.108	0.001	0.055	0.001	0.775	0.000	0.059
sad	0.100	0.001	0.048	0.001	0.805	0.000	0.044
sad	0.086	0.001	0.052	0.002	0.793	0.000	0.065
sad	0.082	0.001	0.030	0.008	0.786	0.000	0.093
sad	0.105	0.002	0.049	0.005	0.764	0.001	0.074
sad	0.052	0.001	0.043	0.005	0.782	0.001	0.116
sad	0.068	0.000	0.039	0.003	0.809	0.001	0.080
sad	0.071	0.001	0.035	0.009	0.721	0.001	0.162
sad	0.080	0.001	0.036	0.011	0.745	0.000	0.127
sad	0.027	0.001	0.022	0.007	0.821	0.001	0.122
sad	0.019	0.000	0.013	0.006	0.759	0.000	0.203
sad	0.003	0.000	0.028	0.001	0.807	0.000	0.161
sad	0.002	0.000	0.015	0.001	0.834	0.000	0.148
sad	0.003	0.000	0.009	0.000	0.886	0.000	0.101
sad	0.012	0.000	0.014	0.003	0.825	0.000	0.146
sad	0.009	0.000	0.015	0.005	0.750	0.000	0.221
sad	0.010	0.000	0.021	0.003	0.798	0.000	0.168
sad	0.015	0.000	0.026	0.007	0.702	0.001	0.249
sad	0.016	0.000	0.015	0.004	0.691	0.000	0.274
sad	0.031	0.000	0.013	0.008	0.640	0.000	0.307
sad	0.025	0.002	0.027	0.009	0.659	0.001	0.276
sad	0.025	0.002	0.027	0.015	0.522	0.002	0.406
sad	0.021	0.001	0.029	0.010	0.546	0.002	0.391
neutral	0.027	0.001	0.032	0.038	0.399	0.004	0.500
sad	0.029	0.001	0.035	0.013	0.487	0.002	0.433
sad	0.031	0.001	0.033	0.010	0.571	0.001	0.353
sad	0.032	0.001	0.022	0.007	0.544	0.001	0.392
sad	0.032	0.001	0.033	0.006	0.633	0.001	0.294
neutral	0.030	0.001	0.045	0.007	0.425	0.001	0.491
sad	0.016	0.001	0.036	0.003	0.504	0.000	0.440
sad	0.018	0.001	0.036	0.003	0.502	0.000	0.440
sad	0.027	0.001	0.032	0.013	0.515	0.001	0.410
sad	0.030	0.001	0.047	0.003	0.471	0.001	0.446
neutral	0.024	0.001	0.044	0.006	0.440	0.001	0.484
neutral	0.030	0.001	0.043	0.010	0.451	0.002	0.462
sad	0.042	0.003	0.058	0.005	0.458	0.001	0.433
sad	0.041	0.002	0.073	0.005	0.449	0.002	0.428
neutral	0.031	0.002	0.045	0.008	0.388	0.002	0.525
neutral	0.029	0.001	0.052	0.008	0.372	0.002	0.536
neutral	0.031	0.003	0.052	0.004	0.445	0.002	0.464
neutral	0.029	0.003	0.041	0.009	0.449	0.002	0.467
sad	0.034	0.002	0.028	0.013	0.465	0.002	0.456
neutral	0.024	0.003	0.031	0.014	0.332	0.002	0.594
neutral	0.019	0.001	0.021	0.016	0.236	0.002	0.705
sad	0.017	0.002	0.025	0.009	0.488	0.001	0.459
neutral	0.028	0.001	0.039	0.008	0.324	0.001	0.599
neutral	0.026	0.000	0.031	0.017	0.287	0.001	0.637
neutral	0.025	0.001	0.039	0.010	0.424	0.001	0.500
neutral	0.039	0.003	0.028	0.028	0.355	0.003	0.543
sad	0.057	0.002	0.049	0.003	0.775	0.001	0.113
sad	0.037	0.000	0.015	0.007	0.685	0.001	0.255
sad	0.020	0.000	0.014	0.021	0.548	0.001	0.395
sad	0.029	0.003	0.035	0.017	0.565	0.002	0.349
sad	0.026	0.002	0.035	0.029	0.581	0.003	0.324
sad	0.031	0.004	0.033	0.047	0.570	0.005	0.310
sad	0.058	0.002	0.021	0.087	0.440	0.003	0.390
sad	0.057	0.002	0.014	0.030	0.608	0.002	0.288
sad	0.094	0.001	0.018	0.062	0.539	0.003	0.284
sad	0.077	0.002	0.016	0.061	0.538	0.005	0.302
sad	0.052	0.003	0.020	0.018	0.621	0.005	0.281
sad	0.067	0.004	0.018	0.037	0.529	0.003	0.341
sad	0.057	0.002	0.024	0.040	0.552	0.004	0.321
sad	0.073	0.002	0.020	0.059	0.433	0.003	0.409
sad	0.059	0.002	0.022	0.043	0.446	0.003	0.426
sad	0.067	0.001	0.033	0.032	0.565	0.004	0.298
sad	0.087	0.002	0.040	0.018	0.601	0.009	0.243
sad	0.028	0.000	0.022	0.005	0.770	0.001	0.173
sad	0.029	0.002	0.035	0.005	0.722	0.002	0.207
sad	0.032	0.001	0.050	0.006	0.660	0.003	0.248
sad	0.045	0.003	0.058	0.011	0.492	0.004	0.387
sad	0.035	0.001	0.099	0.009	0.612	0.004	0.239
sad	0.054	0.001	0.093	0.004	0.680	0.005	0.164
sad	0.039	0.003	0.082	0.001	0.741	0.002	0.132
sad	0.036	0.004	0.077	0.005	0.669	0.004	0.206
sad	0.044	0.001	0.078	0.013	0.519	0.005	0.340
sad	0.056	0.002	0.054	0.007	0.582	0.002	0.297
sad	0.041	0.003	0.058	0.005	0.652	0.002	0.239
sad	0.041	0.003	0.044	0.008	0.564	0.002	0.338
sad	0.056	0.005	0.045	0.016	0.534	0.005	0.339
sad	0.087	0.007	0.067	0.010	0.488	0.003	0.337
sad	0.042	0.007	0.051	0.006	0.613	0.001	0.280
sad	0.049	0.006	0.065	0.007	0.545	0.002	0.325
sad	0.069	0.005	0.082	0.015	0.503	0.005	0.322
sad	0.071	0.007	0.071	0.012	0.522	0.004	0.313
sad	0.029	0.003	0.078	0.004	0.634	0.002	0.251
sad	0.020	0.002	0.076	0.004	0.658	0.002	0.238
sad	0.020	0.001	0.093	0.002	0.669	0.002	0.213
sad	0.026	0.009	0.070	0.000	0.846	0.002	0.047
sad	0.020	0.009	0.034	0.002	0.899	0.002	0.034
sad	0.013	0.001	0.014	0.009	0.906	0.001	0.057
sad	0.020	0.002	0.021	0.011	0.891	0.002	0.052
sad	0.026	0.013	0.045	0.013	0.813	0.004	0.085
sad	0.063	0.054	0.057	0.012	0.679	0.003	0.133
sad	0.102	0.018	0.143	0.024	0.555	0.015	0.143
sad	0.103	0.045	0.078	0.039	0.510	0.016	0.209
sad	0.049	0.003	0.045	0.071	0.475	0.026	0.331
sad	0.080	0.004	0.090	0.056	0.445	0.025	0.299
sad	0.075	0.005	0.069	0.056	0.437	0.021	0.337
sad	0.067	0.009	0.046	0.091	0.451	0.014	0.324
sad	0.082	0.003	0.125	0.055	0.368	0.027	0.341
sad	0.077	0.006	0.038	0.031	0.603	0.009	0.236
sad	0.075	0.007	0.043	0.031	0.607	0.012	0.225
sad	0.087	0.004	0.081	0.054	0.458	0.020	0.297
sad	0.162	0.007	0.141	0.009	0.581	0.019	0.081
sad	0.098	0.011	0.072	0.024	0.605	0.012	0.178
sad	0.066	0.010	0.046	0.010	0.763	0.004	0.102
sad	0.261	0.024	0.075	0.029	0.489	0.020	0.102
sad	0.112	0.009	0.064	0.026	0.598	0.011	0.181
sad	0.066	0.011	0.047	0.027	0.663	0.006	0.179
sad	0.097	0.012	0.093	0.017	0.582	0.011	0.188
sad	0.160	0.011	0.073	0.031	0.500	0.022	0.203
sad	0.072	0.021	0.053	0.010	0.719	0.003	0.122
sad	0.072	0.019	0.039	0.020	0.700	0.004	0.148
sad	0.110	0.011	0.057	0.020	0.617	0.007	0.179
sad	0.109	0.013	0.073	0.002	0.737	0.003	0.063
sad	0.138	0.018	0.079	0.009	0.639	0.005	0.112
sad	0.032	0.019	0.048	0.006	0.825	0.002	0.067
sad	0.045	0.006	0.098	0.005	0.785	0.005	0.057
sad	0.057	0.024	0.063	0.004	0.778	0.003	0.072
sad	0.091	0.018	0.108	0.000	0.740	0.002	0.040
sad	0.062	0.017	0.069	0.006	0.707	0.005	0.133
sad	0.046	0.017	0.050	0.006	0.790	0.003	0.089
sad	0.231	0.008	0.074	0.008	0.584	0.022	0.073
sad	0.054	0.023	0.050	0.009	0.753	0.004	0.107
sad	0.040	0.021	0.044	0.008	0.773	0.003	0.110
sad	0.074	0.018	0.105	0.002	0.705	0.006	0.090
sad	0.057	0.015	0.094	0.003	0.733	0.004	0.094
sad	0.032	0.014	0.057	0.007	0.764	0.003	0.123
sad	0.037	0.016	0.057	0.012	0.710	0.004	0.165
sad	0.029	0.017	0.045	0.001	0.844	0.001	0.062
sad	0.043	0.021	0.041	0.008	0.757	0.002	0.128
sad	0.031	0.001	0.083	0.005	0.771	0.005	0.104
sad	0.054	0.005	0.080	0.013	0.699	0.007	0.143
sad	0.034	0.031	0.041	0.009	0.716	0.003	0.165
sad	0.030	0.009	0.058	0.011	0.711	0.006	0.176
sad	0.030	0.020	0.068	0.020	0.684	0.009	0.170
sad	0.029	0.012	0.073	0.020	0.646	0.009	0.212
sad	0.046	0.006	0.037	0.004	0.762	0.001	0.143
sad	0.041	0.006	0.128	0.006	0.659	0.007	0.154
sad	0.109	0.017	0.179	0.013	0.574	0.019	0.090
sad	0.035	0.006	0.121	0.014	0.573	0.010	0.241
sad	0.042	0.013	0.061	0.033	0.558	0.005	0.288
sad	0.043	0.009	0.040	0.016	0.636	0.003	0.253
sad	0.046	0.011	0.061	0.035	0.552	0.008	0.287
sad	0.042	0.008	0.073	0.025	0.567	0.014	0.270
sad	0.051	0.020	0.069	0.015	0.678	0.005	0.162
sad	0.034	0.008	0.064	0.040	0.514	0.009	0.331
sad	0.036	0.007	0.064	0.035	0.575	0.007	0.276
sad	0.014	0.002	0.028	0.001	0.902	0.001	0.054
sad	0.019	0.006	0.049	0.007	0.796	0.002	0.122
sad	0.025	0.004	0.043	0.005	0.838	0.002	0.083
sad	0.013	0.004	0.051	0.013	0.728	0.003	0.188
sad	0.014	0.005	0.057	0.008	0.744	0.004	0.168
sad	0.022	0.007	0.063	0.007	0.787	0.004	0.110
sad	0.010	0.003	0.050	0.003	0.855	0.003	0.077
sad	0.009	0.001	0.017	0.003	0.855	0.001	0.114
sad	0.011	0.005	0.038	0.005	0.825	0.003	0.113
sad	0.019	0.005	0.050	0.004	0.812	0.002	0.108
sad	0.013	0.005	0.043	0.005	0.820	0.003	0.111
sad	0.016	0.001	0.018	0.006	0.820	0.001	0.140
sad	0.011	0.001	0.017	0.004	0.841	0.000	0.127
sad	0.015	0.001	0.017	0.011	0.764	0.001	0.190
sad	0.023	0.003	0.033	0.010	0.700	0.001	0.229
sad	0.029	0.004	0.047	0.009	0.686	0.002	0.223
sad	0.036	0.005	0.056	0.008	0.698	0.003	0.195
sad	0.025	0.005	0.043	0.018	0.604	0.005	0.301
sad	0.030	0.008	0.048	0.009	0.675	0.004	0.226
sad	0.029	0.003	0.072	0.012	0.572	0.005	0.308
sad	0.034	0.008	0.043	0.041	0.479	0.007	0.388
sad	0.046	0.010	0.053	0.032	0.475	0.009	0.374
sad	0.043	0.006	0.055	0.044	0.510	0.014	0.327
sad	0.047	0.004	0.059	0.030	0.554	0.011	0.295
sad	0.050	0.007	0.054	0.035	0.466	0.010	0.377
neutral	0.045	0.002	0.100	0.101	0.271	0.062	0.419
neutral	0.037	0.000	0.063	0.080	0.295	0.045	0.480
neutral	0.045	0.000	0.091	0.079	0.260	0.048	0.477
neutral	0.041	0.000	0.062	0.079	0.240	0.041	0.536
sad	0.031	0.004	0.064	0.022	0.500	0.012	0.367
sad	0.035	0.007	0.055	0.023	0.569	0.010	0.300
sad	0.025	0.004	0.061	0.023	0.556	0.011	0.321
sad	0.053	0.003	0.056	0.020	0.605	0.007	0.256
neutral	0.052	0.005	0.039	0.061	0.323	0.024	0.494
neutral	0.064	0.003	0.057	0.049	0.342	0.026	0.459
neutral	0.045	0.002	0.080	0.065	0.261	0.046	0.501
sad	0.049	0.003	0.055	0.081	0.398	0.032	0.383
sad	0.051	0.002	0.087	0.019	0.589	0.018	0.234
sad	0.071	0.004	0.095	0.020	0.552	0.015	0.244
sad	0.072	0.004	0.079	0.046	0.582	0.037	0.180
sad	0.060	0.002	0.060	0.022	0.742	0.009	0.105
sad	0.015	0.005	0.011	0.006	0.924	0.001	0.038
sad	0.042	0.011	0.027	0.032	0.771	0.007	0.110
sad	0.060	0.007	0.034	0.040	0.689	0.007	0.164
sad	0.065	0.009	0.058	0.011	0.758	0.007	0.093
sad	0.059	0.008	0.048	0.030	0.698	0.012	0.144
sad	0.061	0.007	0.045	0.075	0.558	0.030	0.225
sad	0.066	0.004	0.057	0.088	0.541	0.029	0.215
sad	0.054	0.004	0.093	0.089	0.420	0.044	0.296
sad	0.039	0.002	0.042	0.147	0.426	0.052	0.293
neutral	0.043	0.006	0.048	0.172	0.276	0.072	0.383
sad	0.055	0.015	0.045	0.245	0.354	0.051	0.236
sad	0.028	0.006	0.028	0.024	0.789	0.003	0.122
sad	0.032	0.013	0.047	0.150	0.579	0.011	0.169
sad	0.018	0.003	0.046	0.020	0.790	0.004	0.119
sad	0.012	0.002	0.042	0.035	0.733	0.005	0.170
sad	0.016	0.002	0.026	0.076	0.686	0.007	0.187
sad	0.018	0.001	0.043	0.017	0.808	0.003	0.109
sad	0.028	0.001	0.038	0.036	0.668	0.005	0.223
sad	0.030	0.000	0.028	0.046	0.743	0.003	0.149
sad	0.042	0.002	0.025	0.051	0.692	0.003	0.184
sad	0.030	0.003	0.037	0.035	0.710	0.007	0.178
sad	0.029	0.005	0.038	0.015	0.757	0.002	0.154
sad	0.034	0.005	0.066	0.013	0.661	0.007	0.212
sad	0.040	0.005	0.040	0.035	0.617	0.006	0.256
sad	0.026	0.004	0.053	0.033	0.535	0.007	0.341
sad	0.028	0.004	0.055	0.050	0.492	0.011	0.361
sad	0.062	0.019	0.100	0.026	0.550	0.011	0.232
sad	0.054	0.010	0.109	0.027	0.455	0.014	0.331
sad	0.055	0.012	0.071	0.047	0.395	0.030	0.390
neutral	0.041	0.003	0.083	0.045	0.313	0.053	0.462
neutral	0.052	0.006	0.078	0.038	0.394	0.023	0.409
sad	0.066	0.010	0.102	0.015	0.562	0.007	0.238
neutral	0.039	0.004	0.116	0.036	0.387	0.016	0.402
neutral	0.038	0.004	0.111	0.049	0.366	0.026	0.405
neutral	0.033	0.004	0.091	0.066	0.298	0.029	0.479
sad	0.027	0.003	0.078	0.055	0.423	0.021	0.393
sad	0.028	0.002	0.098	0.049	0.463	0.012	0.347
neutral	0.023	0.002	0.098	0.063	0.387	0.024	0.403
sad	0.018	0.004	0.097	0.028	0.536	0.010	0.308
sad	0.023	0.002	0.058	0.033	0.642	0.010	0.231
sad	0.031	0.005	0.043	0.025	0.716	0.004	0.176
sad	0.029	0.006	0.051	0.027	0.650	0.007	0.230
sad	0.049	0.008	0.056	0.040	0.543	0.007	0.297
sad	0.021	0.003	0.072	0.019	0.677	0.009	0.199
sad	0.029	0.006	0.056	0.021	0.696	0.008	0.183
sad	0.021	0.004	0.082	0.069	0.468	0.038	0.318
sad	0.025	0.003	0.061	0.051	0.502	0.017	0.342
sad	0.026	0.004	0.067	0.035	0.569	0.014	0.285
sad	0.021	0.002	0.065	0.057	0.517	0.018	0.320
sad	0.026	0.002	0.096	0.065	0.435	0.035	0.341
sad	0.031	0.002	0.076	0.038	0.476	0.010	0.366
sad	0.026	0.003	0.066	0.035	0.560	0.010	0.300
sad	0.020	0.001	0.066	0.016	0.662	0.004	0.231
sad	0.015	0.001	0.057	0.022	0.670	0.006	0.229
sad	0.016	0.000	0.028	0.011	0.745	0.001	0.200
sad	0.032	0.005	0.097	0.035	0.518	0.019	0.293
sad	0.029	0.003	0.160	0.032	0.439	0.036	0.301
sad	0.040	0.005	0.089	0.039	0.509	0.017	0.300
sad	0.040	0.002	0.105	0.025	0.552	0.015	0.261
neutral	0.025	0.001	0.085	0.060	0.385	0.027	0.416
sad	0.021	0.001	0.121	0.041	0.477	0.032	0.306
neutral	0.020	0.002	0.076	0.069	0.392	0.020	0.420
sad	0.042	0.003	0.066	0.036	0.457	0.016	0.381
sad	0.031	0.002	0.096	0.027	0.573	0.010	0.261
sad	0.021	0.002	0.078	0.064	0.425	0.016	0.393
sad	0.034	0.003	0.105	0.054	0.417	0.019	0.368
neutral	0.030	0.002	0.099	0.068	0.394	0.014	0.394
sad	0.025	0.002	0.078	0.051	0.532	0.014	0.298
neutral	0.020	0.002	0.092	0.082	0.383	0.024	0.396
sad	0.023	0.003	0.094	0.049	0.451	0.026	0.354
sad	0.031	0.002	0.089	0.063	0.408	0.019	0.389
sad	0.025	0.003	0.098	0.041	0.549	0.012	0.272
sad	0.023	0.001	0.129	0.051	0.431	0.034	0.330
sad	0.021	0.002	0.075	0.069	0.457	0.019	0.357
sad	0.024	0.002	0.104	0.041	0.518	0.024	0.287
sad	0.035	0.003	0.076	0.075	0.398	0.024	0.390
sad	0.029	0.003	0.107	0.045	0.479	0.023	0.315
sad	0.027	0.003	0.082	0.051	0.476	0.014	0.348
sad	0.032	0.004	0.087	0.019	0.646	0.016	0.196
sad	0.019	0.003	0.104	0.011	0.733	0.007	0.123
sad	0.027	0.002	0.082	0.021	0.652	0.007	0.209
sad	0.027	0.003	0.094	0.021	0.625	0.014	0.216
sad	0.028	0.004	0.099	0.027	0.583	0.016	0.243
sad	0.036	0.004	0.090	0.023	0.650	0.011	0.187
sad	0.025	0.003	0.105	0.020	0.615	0.016	0.216
sad	0.022	0.003	0.062	0.021	0.723	0.008	0.162
sad	0.012	0.000	0.027	0.007	0.863	0.001	0.089
sad	0.031	0.005	0.096	0.022	0.598	0.011	0.237
sad	0.022	0.002	0.104	0.036	0.507	0.016	0.313
sad	0.036	0.003	0.104	0.018	0.577	0.009	0.253
sad	0.029	0.005	0.101	0.016	0.622	0.019	0.209
sad	0.035	0.005	0.067	0.018	0.670	0.010	0.194
sad	0.026	0.003	0.107	0.035	0.499	0.021	0.310
sad	0.030	0.004	0.097	0.028	0.534	0.013	0.293
sad	0.036	0.004	0.097	0.028	0.564	0.016	0.256
sad	0.039	0.005	0.092	0.028	0.596	0.025	0.215
sad	0.026	0.003	0.107	0.028	0.536	0.023	0.278
sad	0.031	0.004	0.082	0.029	0.579	0.023	0.252
sad	0.055	0.003	0.092	0.022	0.592	0.028	0.207
sad	0.040	0.002	0.073	0.032	0.623	0.020	0.210
sad	0.042	0.002	0.062	0.017	0.632	0.009	0.236
sad	0.009	0.000	0.032	0.006	0.818	0.002	0.133
sad	0.048	0.002	0.067	0.027	0.580	0.014	0.262
sad	0.037	0.003	0.077	0.014	0.635	0.021	0.213
sad	0.032	0.001	0.053	0.029	0.477	0.019	0.388
sad	0.036	0.001	0.061	0.018	0.553	0.007	0.325
sad	0.027	0.000	0.038	0.032	0.584	0.009	0.309
sad	0.040	0.000	0.048	0.017	0.581	0.006	0.307
sad	0.065	0.002	0.053	0.006	0.632	0.006	0.235
sad	0.041	0.000	0.053	0.010	0.589	0.004	0.302
sad	0.041	0.001	0.040	0.005	0.586	0.002	0.326
sad	0.039	0.000	0.040	0.011	0.564	0.003	0.344
sad	0.047	0.001	0.058	0.005	0.573	0.003	0.315
sad	0.032	0.000	0.065	0.010	0.651	0.003	0.239
sad	0.037	0.000	0.055	0.010	0.636	0.003	0.259
sad	0.014	0.000	0.021	0.004	0.764	0.000	0.196
sad	0.019	0.001	0.034	0.011	0.577	0.002	0.355
sad	0.026	0.001	0.055	0.011	0.544	0.005	0.357
sad	0.046	0.001	0.045	0.010	0.494	0.006	0.398
sad	0.019	0.001	0.043	0.013	0.621	0.006	0.297
sad	0.026	0.001	0.037	0.025	0.559	0.008	0.345
sad	0.046	0.000	0.075	0.007	0.687	0.003	0.182
sad	0.039	0.000	0.048	0.014	0.550	0.004	0.345
sad	0.030	0.000	0.060	0.006	0.580	0.003	0.320
sad	0.019	0.000	0.046	0.003	0.693	0.002	0.237
sad	0.033	0.001	0.061	0.010	0.459	0.006	0.431
neutral	0.026	0.000	0.032	0.012	0.421	0.003	0.506
sad	0.040	0.000	0.037	0.008	0.542	0.002	0.371
sad	0.037	0.000	0.050	0.009	0.612	0.002	0.289
sad	0.044	0.000	0.051	0.007	0.611	0.002	0.286
sad	0.032	0.000	0.074	0.007	0.555	0.005	0.327
sad	0.038	0.000	0.075	0.006	0.529	0.005	0.347
neutral	0.035	0.000	0.038	0.009	0.423	0.004	0.492
sad	0.033	0.001	0.045	0.005	0.561	0.003	0.352
sad	0.041	0.000	0.043	0.009	0.483	0.002	0.421
neutral	0.021	0.000	0.028	0.013	0.441	0.003	0.493
sad	0.036	0.000	0.055	0.009	0.507	0.002	0.390
sad	0.037	0.000	0.036	0.010	0.490	0.002	0.425
sad	0.042	0.000	0.057	0.005	0.606	0.002	0.289
sad	0.026	0.000	0.056	0.013	0.584	0.002	0.318
sad	0.024	0.001	0.058	0.009	0.619	0.002	0.286
sad	0.039	0.001	0.080	0.005	0.736	0.002	0.138
sad	0.029	0.000	0.071	0.007	0.672	0.003	0.219
sad	0.044	0.000	0.099	0.007	0.528	0.005	0.317
sad	0.022	0.000	0.064	0.008	0.586	0.002	0.318
sad	0.040	0.000	0.064	0.008	0.525	0.003	0.361
sad	0.037	0.000	0.055	0.009	0.600	0.003	0.296
sad	0.027	0.001	0.057	0.013	0.622	0.003	0.278
sad	0.028	0.001	0.055	0.016	0.608	0.003	0.288
sad	0.037	0.000	0.085	0.011	0.565	0.003	0.300
sad	0.046	0.000	0.083	0.014	0.589	0.004	0.263
sad	0.034	0.000	0.092	0.008	0.610	0.003	0.252
sad	0.038	0.000	0.083	0.005	0.680	0.003	0.191
sad	0.033	0.001	0.073	0.004	0.670	0.003	0.217
sad	0.028	0.000	0.075	0.003	0.688	0.002	0.203
sad	0.038	0.000	0.073	0.004	0.667	0.003	0.214
sad	0.035	0.001	0.058	0.004	0.637	0.003	0.263
sad	0.042	0.000	0.111	0.005	0.611	0.003	0.228
sad	0.045	0.000	0.090	0.003	0.699	0.003	0.160
sad	0.050	0.000	0.109	0.004	0.623	0.004	0.209
sad	0.049	0.000	0.098	0.006	0.574	0.004	0.268
sad	0.037	0.000	0.134	0.002	0.722	0.003	0.101
sad	0.033	0.000	0.025	0.007	0.681	0.001	0.254
sad	0.020	0.000	0.025	0.003	0.820	0.000	0.132
sad	0.030	0.000	0.047	0.006	0.628	0.002	0.287
sad	0.037	0.001	0.080	0.004	0.701	0.005	0.171
sad	0.036	0.002	0.063	0.003	0.711	0.004	0.183
sad	0.037	0.001	0.079	0.005	0.740	0.003	0.135
sad	0.037	0.000	0.054	0.006	0.694	0.002	0.206
sad	0.035	0.001	0.052	0.004	0.633	0.002	0.272
sad	0.019	0.000	0.071	0.004	0.788	0.001	0.116
sad	0.015	0.000	0.059	0.001	0.862	0.001	0.063
sad	0.019	0.001	0.050	0.000	0.874	0.001	0.054
sad	0.012	0.000	0.063	0.001	0.832	0.002	0.090
sad	0.006	0.000	0.018	0.001	0.875	0.000	0.100
sad	0.017	0.001	0.058	0.000	0.842	0.001	0.080
sad	0.017	0.001	0.050	0.001	0.835	0.002	0.095
sad	0.018	0.000	0.047	0.002	0.853	0.001	0.080
sad	0.022	0.000	0.057	0.001	0.802	0.003	0.115
sad	0.017	0.000	0.047	0.001	0.848	0.001	0.085
sad	0.015	0.001	0.049	0.002	0.799	0.001	0.133
sad	0.017	0.001	0.069	0.000	0.832	0.001	0.080
sad	0.011	0.000	0.032	0.000	0.888	0.001	0.068
sad	0.009	0.000	0.030	0.001	0.896	0.000	0.064
sad	0.008	0.000	0.040	0.002	0.807	0.001	0.143
sad	0.013	0.000	0.043	0.001	0.849	0.001	0.094
sad	0.014	0.000	0.050	0.000	0.878	0.001	0.057
sad	0.013	0.000	0.031	0.002	0.853	0.001	0.100
sad	0.008	0.000	0.027	0.001	0.869	0.001	0.094
sad	0.018	0.000	0.038	0.001	0.832	0.001	0.109
sad	0.012	0.000	0.031	0.002	0.821	0.001	0.134
sad	0.011	0.000	0.024	0.002	0.820	0.001	0.141
sad	0.015	0.001	0.045	0.002	0.762	0.001	0.173
sad	0.016	0.000	0.061	0.001	0.843	0.001	0.077
sad	0.025	0.001	0.068	0.001	0.755	0.001	0.149
sad	0.022	0.000	0.087	0.002	0.685	0.002	0.201
sad	0.008	0.000	0.063	0.003	0.755	0.003	0.169
sad	0.020	0.001	0.064	0.001	0.787	0.002	0.126
sad	0.026	0.000	0.053	0.001	0.790	0.001	0.128
sad	0.029	0.000	0.055	0.001	0.784	0.001	0.130
sad	0.022	0.000	0.076	0.002	0.784	0.002	0.114
sad	0.026	0.001	0.050	0.008	0.741	0.002	0.172
sad	0.023	0.000	0.067	0.003	0.704	0.002	0.200
sad	0.026	0.000	0.045	0.003	0.703	0.001	0.221
sad	0.012	0.000	0.014	0.004	0.662	0.000	0.308
sad	0.029	0.000	0.030	0.002	0.710	0.000	0.229
sad	0.092	0.004	0.070	0.017	0.472	0.013	0.331
sad	0.072	0.000	0.066	0.011	0.720	0.003	0.128
sad	0.064	0.005	0.096	0.053	0.502	0.002	0.279
sad	0.024	0.005	0.365	0.082	0.495	0.001	0.027
neutral	0.033	0.001	0.116	0.120	0.285	0.001	0.444
sad	0.073	0.012	0.117	0.019	0.686	0.000	0.092
sad	0.018	0.001	0.078	0.019	0.772	0.001	0.112
happy	0.055	0.000	0.046	0.598	0.271	0.004	0.025
sad	0.042	0.000	0.231	0.034	0.619	0.001	0.072
sad	0.044	0.002	0.333	0.013	0.482	0.001	0.127
sad	0.174	0.000	0.043	0.067	0.426	0.000	0.290
neutral	0.013	0.000	0.023	0.028	0.307	0.000	0.628
sad	0.016	0.000	0.041	0.018	0.531	0.000	0.393
sad	0.011	0.000	0.082	0.011	0.470	0.001	0.425
neutral	0.013	0.000	0.073	0.015	0.316	0.006	0.578
neutral	0.022	0.030	0.065	0.022	0.300	0.003	0.558
neutral	0.058	0.040	0.061	0.030	0.330	0.005	0.476
neutral	0.035	0.014	0.087	0.066	0.186	0.058	0.554
neutral	0.017	0.016	0.055	0.107	0.209	0.039	0.558
neutral	0.025	0.016	0.100	0.034	0.285	0.107	0.432
sad	0.056	0.032	0.084	0.013	0.498	0.016	0.301
neutral	0.027	0.026	0.110	0.057	0.313	0.032	0.436
neutral	0.039	0.050	0.067	0.031	0.296	0.030	0.488
neutral	0.039	0.030	0.133	0.053	0.342	0.054	0.350
neutral	0.028	0.035	0.143	0.045	0.300	0.035	0.413
neutral	0.026	0.013	0.101	0.049	0.372	0.024	0.415
neutral	0.031	0.122	0.088	0.046	0.312	0.037	0.364
neutral	0.023	0.065	0.057	0.040	0.324	0.030	0.459
sad	0.020	0.016	0.065	0.006	0.755	0.004	0.134
sad	0.034	0.074	0.053	0.044	0.382	0.032	0.381
sad	0.059	0.141	0.100	0.028	0.491	0.025	0.156
sad	0.059	0.226	0.085	0.027	0.429	0.022	0.152
sad	0.037	0.058	0.075	0.036	0.494	0.030	0.270
sad	0.029	0.171	0.094	0.027	0.389	0.018	0.272
disgust	0.025	0.470	0.045	0.007	0.411	0.003	0.040
sad	0.026	0.074	0.089	0.017	0.632	0.011	0.151
sad	0.038	0.079	0.064	0.032	0.549	0.028	0.209
sad	0.035	0.038	0.076	0.023	0.541	0.010	0.277
sad	0.027	0.048	0.086	0.075	0.411	0.027	0.326
sad	0.023	0.040	0.112	0.037	0.449	0.024	0.314
sad	0.038	0.270	0.043	0.047	0.362	0.008	0.231
sad	0.028	0.054	0.096	0.088	0.370	0.023	0.342
sad	0.029	0.025	0.171	0.031	0.382	0.047	0.315
sad	0.090	0.004	0.075	0.003	0.681	0.006	0.141
neutral	0.029	0.045	0.142	0.059	0.284	0.070	0.372
sad	0.042	0.050	0.118	0.035	0.478	0.021	0.256
sad	0.085	0.002	0.104	0.006	0.589	0.016	0.197
neutral	0.020	0.038	0.087	0.046	0.295	0.043	0.471
neutral	0.031	0.017	0.072	0.073	0.191	0.051	0.566
sad	0.071	0.097	0.054	0.083	0.394	0.026	0.276
neutral	0.052	0.068	0.085	0.060	0.309	0.053	0.373
sad	0.063	0.166	0.121	0.015	0.494	0.029	0.112
neutral	0.036	0.049	0.027	0.160	0.158	0.025	0.544
neutral	0.028	0.014	0.081	0.062	0.385	0.023	0.407
sad	0.041	0.063	0.050	0.069	0.436	0.014	0.327
sad	0.038	0.188	0.051	0.047	0.404	0.007	0.265
sad	0.135	0.001	0.109	0.018	0.528	0.009	0.201
sad	0.127	0.001	0.109	0.016	0.515	0.012	0.220
neutral	0.041	0.033	0.034	0.105	0.151	0.079	0.557
sad	0.053	0.000	0.113	0.005	0.517	0.019	0.293
neutral	0.032	0.050	0.068	0.048	0.265	0.052	0.486
neutral	0.045	0.021	0.035	0.081	0.160	0.058	0.600
neutral	0.063	0.036	0.064	0.065	0.337	0.042	0.392
neutral	0.040	0.083	0.029	0.123	0.169	0.046	0.509
neutral	0.057	0.031	0.056	0.069	0.294	0.034	0.458
neutral	0.051	0.035	0.039	0.060	0.236	0.060	0.520
sad	0.061	0.001	0.067	0.021	0.570	0.020	0.260
neutral	0.038	0.009	0.050	0.078	0.136	0.097	0.592
neutral	0.062	0.056	0.044	0.043	0.196	0.062	0.536
neutral	0.037	0.005	0.112	0.058	0.140	0.188	0.460
neutral	0.068	0.030	0.061	0.041	0.090	0.336	0.374
surprise	0.055	0.025	0.138	0.041	0.128	0.380	0.233
surprise	0.049	0.025	0.230	0.024	0.107	0.372	0.193
neutral	0.035	0.007	0.113	0.031	0.096	0.281	0.437
neutral	0.042	0.005	0.108	0.043	0.132	0.201	0.468
neutral	0.064	0.010	0.034	0.046	0.138	0.123	0.585
neutral	0.061	0.063	0.029	0.057	0.126	0.081	0.583
neutral	0.053	0.040	0.052	0.048	0.166	0.131	0.510
sad	0.027	0.099	0.082	0.032	0.441	0.034	0.284
sad	0.013	0.039	0.072	0.005	0.760	0.005	0.106
sad	0.011	0.005	0.037	0.005	0.814	0.002	0.125
sad	0.008	0.002	0.068	0.002	0.837	0.001	0.082
sad	0.030	0.042	0.059	0.043	0.490	0.029	0.307
sad	0.033	0.048	0.085	0.028	0.421	0.034	0.351
sad	0.030	0.090	0.062	0.036	0.454	0.026	0.302
neutral	0.030	0.027	0.080	0.047	0.322	0.044	0.450
sad	0.034	0.118	0.072	0.043	0.390	0.034	0.309
neutral	0.016	0.015	0.093	0.037	0.287	0.066	0.485
neutral	0.026	0.011	0.099	0.037	0.310	0.051	0.467
neutral	0.027	0.009	0.079	0.045	0.202	0.050	0.589
sad	0.029	0.160	0.073	0.044	0.402	0.033	0.260
sad	0.028	0.022	0.118	0.032	0.413	0.042	0.344
sad	0.024	0.014	0.103	0.039	0.411	0.036	0.373
sad	0.035	0.074	0.070	0.026	0.453	0.022	0.321
sad	0.078	0.001	0.085	0.006	0.581	0.007	0.242
sad	0.187	0.023	0.253	0.002	0.460	0.022	0.053
sad	0.027	0.152	0.086	0.003	0.674	0.008	0.050
disgust	0.056	0.384	0.041	0.039	0.369	0.005	0.106
disgust	0.189	0.413	0.088	0.006	0.275	0.005	0.024
sad	0.305	0.038	0.086	0.006	0.535	0.009	0.021
disgust	0.058	0.769	0.050	0.002	0.116	0.001	0.003
disgust	0.118	0.597	0.080	0.004	0.183	0.002	0.016
disgust	0.101	0.581	0.048	0.005	0.236	0.004	0.025
disgust	0.126	0.615	0.070	0.006	0.154	0.003	0.026
angry	0.389	0.018	0.165	0.011	0.332	0.044	0.041
disgust	0.221	0.329	0.131	0.005	0.278	0.007	0.029
disgust	0.068	0.692	0.129	0.000	0.104	0.004	0.003
disgust	0.211	0.553	0.103	0.002	0.112	0.005	0.014
angry	0.440	0.039	0.170	0.011	0.265	0.034	0.041
disgust	0.103	0.739	0.039	0.003	0.090	0.006	0.019
disgust	0.105	0.599	0.093	0.005	0.176	0.007	0.015
disgust	0.063	0.722	0.089	0.002	0.104	0.010	0.009
disgust	0.142	0.666	0.080	0.003	0.089	0.006	0.014
disgust	0.124	0.675	0.068	0.003	0.110	0.004	0.017
disgust	0.121	0.681	0.052	0.005	0.116	0.006	0.019
disgust	0.113	0.713	0.064	0.006	0.082	0.012	0.010
disgust	0.231	0.398	0.170	0.005	0.165	0.014	0.017
angry	0.470	0.121	0.109	0.002	0.261	0.018	0.019
disgust	0.158	0.532	0.115	0.007	0.157	0.014	0.017
disgust	0.105	0.776	0.036	0.003	0.064	0.004	0.011
disgust	0.119	0.749	0.052	0.005	0.057	0.005	0.012
disgust	0.152	0.706	0.059	0.005	0.064	0.005	0.009
disgust	0.223	0.303	0.182	0.017	0.222	0.015	0.037
disgust	0.169	0.389	0.165	0.020	0.199	0.025	0.033
disgust	0.089	0.797	0.032	0.004	0.064	0.005	0.010
disgust	0.273	0.429	0.120	0.017	0.124	0.013	0.023
disgust	0.081	0.732	0.041	0.014	0.096	0.011	0.026
disgust	0.103	0.763	0.035	0.008	0.067	0.007	0.018
disgust	0.111	0.673	0.069	0.010	0.112	0.007	0.018
disgust	0.094	0.696	0.041	0.014	0.127	0.006	0.023
disgust	0.086	0.741	0.034	0.019	0.092	0.004	0.024
disgust	0.085	0.754	0.031	0.022	0.080	0.005	0.023
disgust	0.059	0.808	0.021	0.010	0.077	0.004	0.020
angry	0.447	0.050	0.154	0.005	0.287	0.018	0.039
disgust	0.080	0.737	0.025	0.024	0.103	0.005	0.028
angry	0.496	0.044	0.098	0.008	0.297	0.011	0.045
disgust	0.114	0.595	0.040	0.027	0.174	0.008	0.042
angry	0.439	0.030	0.181	0.003	0.280	0.028	0.038
disgust	0.086	0.496	0.026	0.116	0.151	0.017	0.108
disgust	0.186	0.410	0.068	0.046	0.194	0.024	0.073
disgust	0.083	0.582	0.043	0.040	0.183	0.013	0.056
sad	0.113	0.248	0.099	0.102	0.264	0.027	0.147
angry	0.451	0.051	0.123	0.005	0.333	0.011	0.027
disgust	0.093	0.439	0.044	0.115	0.193	0.010	0.107
angry	0.466	0.034	0.092	0.007	0.327	0.016	0.058
disgust	0.118	0.386	0.072	0.036	0.297	0.020	0.070
angry	0.405	0.060	0.107	0.005	0.384	0.005	0.034
sad	0.084	0.152	0.165	0.021	0.422	0.074	0.083
sad	0.328	0.005	0.113	0.007	0.415	0.011	0.122
sad	0.046	0.264	0.089	0.010	0.527	0.015	0.049
sad	0.038	0.260	0.098	0.011	0.538	0.011	0.045
sad	0.105	0.231	0.086	0.073	0.365	0.028	0.112
disgust	0.102	0.430	0.048	0.131	0.169	0.014	0.106
sad	0.294	0.008	0.174	0.005	0.400	0.042	0.077
sad	0.132	0.260	0.111	0.047	0.285	0.047	0.117
sad	0.161	0.102	0.162	0.042	0.293	0.072	0.170
disgust	0.080	0.362	0.045	0.150	0.184	0.015	0.164
sad	0.250	0.013	0.059	0.016	0.563	0.020	0.079
sad	0.146	0.190	0.107	0.139	0.246	0.024	0.148
disgust	0.092	0.354	0.081	0.136	0.220	0.020	0.097
sad	0.118	0.251	0.097	0.088	0.267	0.024	0.156
disgust	0.119	0.396	0.043	0.062	0.219	0.012	0.148
disgust	0.125	0.240	0.098	0.175	0.181	0.019	0.162
sad	0.105	0.220	0.097	0.124	0.302	0.028	0.123
angry	0.474	0.016	0.090	0.005	0.352	0.009	0.055
disgust	0.124	0.358	0.063	0.052	0.261	0.025	0.117
sad	0.150	0.226	0.056	0.122	0.276	0.010	0.161
sad	0.143	0.184	0.072	0.098	0.294	0.040	0.170
disgust	0.114	0.418	0.047	0.065	0.247	0.024	0.086
sad	0.341	0.007	0.119	0.003	0.434	0.011	0.086
disgust	0.128	0.358	0.043	0.070	0.286	0.017	0.098
sad	0.366	0.004	0.133	0.005	0.366	0.025	0.101
sad	0.072	0.218	0.026	0.184	0.288	0.014	0.197
sad	0.164	0.200	0.097	0.034	0.381	0.032	0.093
disgust	0.078	0.454	0.035	0.083	0.203	0.016	0.132
sad	0.019	0.081	0.062	0.010	0.756	0.007	0.065
sad	0.053	0.075	0.097	0.009	0.701	0.003	0.063
sad	0.065	0.105	0.088	0.015	0.614	0.020	0.092
sad	0.088	0.176	0.035	0.164	0.260	0.031	0.246
sad	0.077	0.238	0.071	0.033	0.414	0.047	0.120
sad	0.156	0.009	0.136	0.008	0.586	0.020	0.084
sad	0.104	0.195	0.098	0.023	0.495	0.019	0.066
sad	0.051	0.142	0.073	0.067	0.429	0.031	0.207
sad	0.265	0.013	0.127	0.006	0.437	0.014	0.138
sad	0.082	0.139	0.059	0.098	0.438	0.024	0.160
sad	0.055	0.198	0.097	0.019	0.515	0.026	0.090
sad	0.069	0.081	0.073	0.066	0.441	0.027	0.244
sad	0.094	0.149	0.095	0.022	0.453	0.028	0.160
sad	0.081	0.091	0.079	0.102	0.397	0.029	0.220
sad	0.196	0.007	0.158	0.003	0.514	0.014	0.107
sad	0.037	0.240	0.093	0.005	0.557	0.017	0.050
sad	0.042	0.108	0.135	0.004	0.629	0.017	0.065
sad	0.204	0.006	0.167	0.005	0.542	0.010	0.066
sad	0.112	0.147	0.083	0.028	0.506	0.022	0.103
sad	0.053	0.086	0.108	0.012	0.657	0.011	0.073
sad	0.064	0.132	0.125	0.008	0.603	0.018	0.050
sad	0.207	0.026	0.118	0.003	0.574	0.005	0.066
sad	0.060	0.048	0.118	0.008	0.695	0.015	0.056
sad	0.050	0.124	0.100	0.009	0.615	0.012	0.090
sad	0.068	0.110	0.056	0.056	0.574	0.023	0.112
sad	0.062	0.094	0.117	0.009	0.609	0.020	0.088
sad	0.084	0.145	0.122	0.008	0.567	0.022	0.052
sad	0.044	0.148	0.093	0.011	0.599	0.022	0.083
sad	0.075	0.010	0.046	0.007	0.728	0.003	0.131
sad	0.034	0.193	0.087	0.009	0.595	0.010	0.073
sad	0.078	0.106	0.057	0.032	0.581	0.020	0.126
sad	0.028	0.151	0.064	0.047	0.453	0.024	0.233
sad	0.055	0.098	0.099	0.024	0.567	0.026	0.132
sad	0.036	0.119	0.087	0.009	0.685	0.005	0.059
sad	0.029	0.012	0.073	0.015	0.745	0.003	0.124
sad	0.013	0.009	0.046	0.008	0.818	0.001	0.104
sad	0.038	0.052	0.082	0.005	0.766	0.004	0.053
sad	0.042	0.331	0.072	0.012	0.469	0.010	0.064
sad	0.064	0.011	0.079	0.003	0.774	0.002	0.066
sad	0.058	0.053	0.105	0.023	0.590	0.022	0.148
sad	0.041	0.083	0.115	0.014	0.620	0.025	0.101
sad	0.229	0.012	0.066	0.008	0.593	0.006	0.086
sad	0.086	0.110	0.108	0.049	0.480	0.044	0.123
sad	0.206	0.015	0.101	0.005	0.590	0.005	0.078
sad	0.043	0.233	0.097	0.035	0.487	0.009	0.096
sad	0.151	0.007	0.121	0.005	0.605	0.013	0.098
sad	0.076	0.183	0.085	0.051	0.354	0.033	0.218
sad	0.088	0.099	0.067	0.080	0.393	0.033	0.240
sad	0.074	0.072	0.132	0.036	0.490	0.044	0.151
sad	0.117	0.005	0.115	0.003	0.661	0.009	0.091
sad	0.063	0.098	0.093	0.031	0.618	0.011	0.085
sad	0.040	0.066	0.128	0.012	0.662	0.010	0.082
sad	0.036	0.358	0.087	0.015	0.448	0.006	0.050
sad	0.021	0.027	0.145	0.007	0.708	0.013	0.079
sad	0.030	0.162	0.079	0.037	0.597	0.005	0.090
sad	0.022	0.049	0.088	0.026	0.730	0.004	0.081
sad	0.030	0.049	0.056	0.015	0.783	0.003	0.064
sad	0.031	0.064	0.084	0.021	0.719	0.004	0.078
sad	0.037	0.205	0.126	0.021	0.530	0.006	0.075
sad	0.038	0.054	0.117	0.033	0.613	0.017	0.127
sad	0.132	0.005	0.207	0.004	0.558	0.010	0.085
sad	0.081	0.076	0.113	0.040	0.505	0.044	0.142
sad	0.046	0.134	0.124	0.025	0.513	0.021	0.137
sad	0.114	0.089	0.136	0.033	0.446	0.045	0.136
sad	0.021	0.037	0.115	0.021	0.626	0.027	0.152
sad	0.048	0.098	0.088	0.034	0.637	0.012	0.083
sad	0.061	0.178	0.069	0.056	0.513	0.015	0.108
sad	0.040	0.128	0.104	0.012	0.593	0.015	0.107
sad	0.033	0.143	0.111	0.015	0.600	0.010	0.088
sad	0.037	0.194	0.084	0.018	0.584	0.008	0.076
sad	0.035	0.216	0.087	0.007	0.591	0.016	0.049
sad	0.037	0.195	0.090	0.019	0.569	0.010	0.079
sad	0.036	0.053	0.144	0.011	0.621	0.013	0.122
sad	0.031	0.091	0.160	0.023	0.559	0.016	0.121
sad	0.028	0.207	0.084	0.009	0.607	0.011	0.053
sad	0.047	0.281	0.081	0.023	0.495	0.011	0.062
sad	0.050	0.086	0.092	0.049	0.562	0.011	0.150
sad	0.024	0.080	0.110	0.009	0.701	0.012	0.064
sad	0.035	0.172	0.078	0.050	0.564	0.012	0.088
sad	0.017	0.033	0.111	0.006	0.761	0.018	0.054
sad	0.030	0.047	0.086	0.019	0.649	0.032	0.137
sad	0.026	0.105	0.119	0.005	0.678	0.013	0.054
sad	0.025	0.120	0.091	0.008	0.676	0.009	0.071
sad	0.027	0.100	0.151	0.004	0.663	0.012	0.042
sad	0.022	0.027	0.159	0.008	0.656	0.037	0.091
sad	0.065	0.120	0.107	0.033	0.443	0.032	0.199
sad	0.030	0.077	0.099	0.030	0.540	0.021	0.205
sad	0.028	0.033	0.100	0.009	0.720	0.010	0.099
sad	0.022	0.052	0.102	0.004	0.743	0.004	0.071
sad	0.035	0.038	0.109	0.016	0.680	0.008	0.115
sad	0.029	0.024	0.132	0.023	0.664	0.005	0.124
sad	0.095	0.002	0.128	0.003	0.688	0.006	0.078
sad	0.031	0.047	0.065	0.029	0.627	0.019	0.183
sad	0.023	0.034	0.052	0.057	0.532	0.036	0.265
sad	0.038	0.196	0.057	0.054	0.451	0.030	0.174
sad	0.089	0.001	0.116	0.006	0.604	0.004	0.179
neutral	0.049	0.037	0.090	0.047	0.365	0.036	0.375
sad	0.017	0.058	0.073	0.004	0.806	0.002	0.039
sad	0.020	0.022	0.037	0.005	0.855	0.002	0.059
sad	0.008	0.002	0.049	0.001	0.904	0.003	0.033
sad	0.010	0.005	0.056	0.001	0.890	0.002	0.035
sad	0.034	0.150	0.071	0.017	0.590	0.011	0.126
sad	0.091	0.002	0.175	0.002	0.557	0.017	0.155
neutral	0.044	0.027	0.079	0.069	0.316	0.047	0.418
sad	0.052	0.097	0.194	0.008	0.535	0.029	0.086
sad	0.129	0.134	0.165	0.034	0.250	0.106	0.183
sad	0.076	0.008	0.272	0.006	0.385	0.068	0.185
sad	0.077	0.013	0.238	0.010	0.308	0.135	0.220
surprise	0.245	0.012	0.189	0.025	0.130	0.263	0.137
fear	0.241	0.006	0.299	0.012	0.132	0.270	0.039
angry	0.499	0.008	0.206	0.014	0.080	0.165	0.027
fear	0.214	0.009	0.286	0.005	0.203	0.222	0.061
fear	0.105	0.008	0.328	0.006	0.203	0.224	0.127
angry	0.338	0.020	0.316	0.012	0.147	0.115	0.053
fear	0.228	0.003	0.345	0.008	0.166	0.202	0.047
fear	0.176	0.005	0.302	0.007	0.254	0.191	0.065
