prediction	angry	disgust	fear	happy	sad	surprise	neutral
sad	0.176	0.003	0.005	0.005	0.653	0.000	0.157
neutral	0.248	0.001	0.004	0.024	0.261	0.001	0.462
neutral	0.229	0.001	0.003	0.027	0.211	0.001	0.527
neutral	0.224	0.001	0.003	0.034	0.222	0.001	0.516
neutral	0.179	0.001	0.006	0.016	0.286	0.001	0.511
neutral	0.258	0.001	0.002	0.028	0.209	0.001	0.502
neutral	0.203	0.002	0.005	0.054	0.276	0.002	0.459
neutral	0.132	0.001	0.001	0.049	0.185	0.001	0.631
neutral	0.137	0.004	0.007	0.049	0.297	0.002	0.505
neutral	0.210	0.004	0.005	0.100	0.240	0.003	0.437
neutral	0.095	0.002	0.005	0.137	0.171	0.007	0.582
neutral	0.190	0.009	0.007	0.094	0.345	0.003	0.351
neutral	0.190	0.003	0.005	0.051	0.243	0.004	0.505
neutral	0.147	0.003	0.005	0.063	0.288	0.002	0.491
neutral	0.152	0.002	0.005	0.052	0.370	0.002	0.417
neutral	0.177	0.001	0.005	0.088	0.203	0.009	0.518
neutral	0.143	0.001	0.005	0.112	0.239	0.006	0.493
neutral	0.169	0.006	0.006	0.079	0.288	0.002	0.450
neutral	0.113	0.009	0.005	0.131	0.241	0.002	0.498
neutral	0.114	0.002	0.006	0.151	0.227	0.003	0.497
neutral	0.256	0.001	0.004	0.070	0.197	0.009	0.463
neutral	0.175	0.001	0.006	0.079	0.201	0.008	0.530
neutral	0.207	0.001	0.003	0.077	0.171	0.005	0.536
neutral	0.202	0.001	0.003	0.051	0.230	0.002	0.511
neutral	0.207	0.001	0.003	0.054	0.230	0.003	0.502
neutral	0.219	0.002	0.005	0.037	0.215	0.004	0.516
neutral	0.176	0.003	0.007	0.039	0.299	0.002	0.474
neutral	0.213	0.003	0.006	0.027	0.233	0.001	0.517
neutral	0.224	0.001	0.004	0.029	0.271	0.003	0.467
neutral	0.166	0.001	0.005	0.036	0.180	0.003	0.609
neutral	0.104	0.001	0.004	0.175	0.183	0.002	0.532
neutral	0.204	0.002	0.006	0.044	0.359	0.002	0.382
neutral	0.164	0.006	0.008	0.112	0.343	0.002	0.365
neutral	0.123	0.002	0.007	0.124	0.318	0.002	0.424
neutral	0.152	0.007	0.007	0.122	0.346	0.001	0.364
sad	0.145	0.004	0.007	0.024	0.532	0.001	0.286
neutral	0.221	0.001	0.005	0.082	0.268	0.002	0.421
sad	0.192	0.004	0.005	0.048	0.404	0.001	0.346
sad	0.092	0.004	0.008	0.135	0.627	0.000	0.134
sad	0.077	0.009	0.017	0.114	0.542	0.001	0.241
sad	0.110	0.006	0.010	0.044	0.468	0.001	0.361
sad	0.125	0.003	0.012	0.021	0.608	0.001	0.230
sad	0.152	0.005	0.007	0.029	0.480	0.000	0.326
sad	0.134	0.013	0.005	0.044	0.504	0.000	0.298
sad	0.150	0.019	0.007	0.011	0.547	0.000	0.266
sad	0.159	0.012	0.006	0.020	0.461	0.000	0.341
sad	0.151	0.020	0.009	0.008	0.516	0.000	0.296
sad	0.161	0.018	0.006	0.007	0.514	0.000	0.294
sad	0.170	0.010	0.007	0.010	0.535	0.000	0.268
sad	0.162	0.003	0.005	0.003	0.521	0.000	0.307
sad	0.158	0.009	0.007	0.004	0.589	0.000	0.233
sad	0.186	0.007	0.004	0.002	0.630	0.000	0.171
sad	0.158	0.007	0.005	0.002	0.690	0.000	0.138
sad	0.216	0.009	0.006	0.004	0.586	0.000	0.178
sad	0.191	0.007	0.007	0.004	0.616	0.000	0.175
sad	0.166	0.011	0.008	0.005	0.569	0.000	0.241
sad	0.060	0.002	0.005	0.003	0.822	0.000	0.106
sad	0.160	0.004	0.005	0.007	0.510	0.000	0.314
sad	0.157	0.008	0.009	0.011	0.632	0.000	0.182
sad	0.109	0.005	0.019	0.017	0.580	0.001	0.270
sad	0.112	0.008	0.023	0.021	0.557	0.001	0.278
neutral	0.145	0.003	0.008	0.020	0.374	0.001	0.448
neutral	0.126	0.001	0.005	0.022	0.218	0.002	0.625
neutral	0.247	0.003	0.003	0.021	0.247	0.000	0.478
neutral	0.181	0.002	0.003	0.022	0.210	0.001	0.581
neutral	0.169	0.003	0.006	0.026	0.363	0.001	0.432
neutral	0.148	0.002	0.004	0.045	0.186	0.002	0.615
neutral	0.279	0.002	0.002	0.030	0.159	0.002	0.525
neutral	0.246	0.007	0.003	0.027	0.255	0.000	0.462
sad	0.227	0.002	0.007	0.013	0.462	0.001	0.289
sad	0.115	0.003	0.006	0.009	0.716	0.000	0.151
sad	0.133	0.002	0.009	0.009	0.617	0.000	0.228
sad	0.157	0.003	0.005	0.012	0.498	0.000	0.325
sad	0.106	0.004	0.008	0.008	0.759	0.000	0.115
neutral	0.178	0.002	0.005	0.037	0.260	0.001	0.517
neutral	0.189	0.003	0.004	0.032	0.267	0.001	0.504
sad	0.097	0.004	0.010	0.021	0.529	0.001	0.338
sad	0.104	0.003	0.012	0.032	0.498	0.002	0.350
sad	0.114	0.004	0.007	0.008	0.625	0.000	0.241
sad	0.113	0.006	0.009	0.010	0.592	0.000	0.270
sad	0.090	0.003	0.011	0.017	0.576	0.001	0.302
sad	0.110	0.002	0.007	0.012	0.616	0.000	0.252
sad	0.101	0.005	0.009	0.021	0.548	0.001	0.316
sad	0.164	0.002	0.006	0.016	0.565	0.000	0.248
sad	0.104	0.006	0.008	0.012	0.619	0.000	0.249
sad	0.087	0.005	0.010	0.007	0.724	0.000	0.165
sad	0.136	0.002	0.008	0.013	0.587	0.000	0.253
sad	0.116	0.002	0.008	0.014	0.597	0.000	0.261
sad	0.096	0.005	0.015	0.014	0.602	0.000	0.267
sad	0.111	0.005	0.016	0.013	0.658	0.000	0.195
sad	0.120	0.007	0.014	0.010	0.653	0.000	0.195
sad	0.109	0.006	0.017	0.012	0.714	0.000	0.142
sad	0.138	0.012	0.014	0.013	0.690	0.000	0.133
sad	0.087	0.004	0.013	0.026	0.748	0.000	0.122
sad	0.086	0.005	0.011	0.009	0.798	0.000	0.091
sad	0.115	0.014	0.009	0.017	0.500	0.001	0.345
neutral	0.153	0.004	0.006	0.031	0.286	0.001	0.519
neutral	0.148	0.006	0.005	0.026	0.261	0.001	0.553
neutral	0.120	0.003	0.005	0.031	0.245	0.001	0.596
neutral	0.178	0.004	0.004	0.047	0.215	0.001	0.551
neutral	0.218	0.004	0.003	0.030	0.228	0.001	0.516
neutral	0.168	0.001	0.003	0.067	0.153	0.002	0.606
neutral	0.208	0.003	0.004	0.025	0.224	0.001	0.535
neutral	0.206	0.001	0.003	0.023	0.225	0.001	0.542
neutral	0.190	0.001	0.003	0.021	0.210	0.001	0.574
neutral	0.184	0.002	0.003	0.026	0.172	0.002	0.611
neutral	0.253	0.001	0.003	0.018	0.191	0.001	0.532
neutral	0.178	0.001	0.004	0.041	0.150	0.001	0.625
neutral	0.159	0.001	0.003	0.023	0.157	0.001	0.655
neutral	0.239	0.001	0.003	0.027	0.144	0.001	0.585
neutral	0.272	0.002	0.003	0.020	0.250	0.001	0.453
neutral	0.265	0.003	0.004	0.013	0.249	0.000	0.466
neutral	0.195	0.003	0.004	0.021	0.306	0.000	0.471
neutral	0.198	0.002	0.003	0.006	0.370	0.000	0.421
neutral	0.257	0.002	0.002	0.006	0.217	0.000	0.516
neutral	0.305	0.003	0.002	0.008	0.276	0.000	0.406
neutral	0.228	0.001	0.003	0.008	0.245	0.000	0.515
neutral	0.289	0.001	0.002	0.010	0.167	0.000	0.530
neutral	0.259	0.001	0.003	0.007	0.287	0.000	0.443
neutral	0.276	0.001	0.003	0.009	0.245	0.000	0.465
neutral	0.258	0.001	0.003	0.008	0.224	0.000	0.505
sad	0.098	0.005	0.010	0.011	0.717	0.000	0.158
sad	0.134	0.003	0.006	0.014	0.493	0.000	0.350
neutral	0.180	0.004	0.005	0.010	0.387	0.000	0.416
neutral	0.222	0.005	0.004	0.007	0.362	0.000	0.400
sad	0.136	0.009	0.015	0.018	0.525	0.001	0.296
sad	0.142	0.009	0.023	0.024	0.598	0.001	0.203
sad	0.157	0.013	0.016	0.012	0.657	0.000	0.144
sad	0.166	0.011	0.021	0.014	0.643	0.000	0.145
sad	0.140	0.010	0.009	0.007	0.668	0.000	0.166
sad	0.150	0.004	0.011	0.010	0.491	0.001	0.335
sad	0.148	0.007	0.015	0.009	0.576	0.000	0.245
neutral	0.157	0.003	0.005	0.010	0.345	0.000	0.481
sad	0.182	0.003	0.008	0.012	0.517	0.000	0.279
sad	0.255	0.001	0.005	0.010	0.393	0.000	0.334
sad	0.278	0.002	0.007	0.012	0.357	0.001	0.344
sad	0.194	0.002	0.012	0.006	0.673	0.000	0.113
sad	0.202	0.004	0.018	0.007	0.619	0.000	0.149
sad	0.164	0.002	0.011	0.004	0.707	0.000	0.111
neutral	0.219	0.001	0.002	0.010	0.212	0.000	0.556
neutral	0.257	0.002	0.004	0.008	0.292	0.000	0.437
neutral	0.262	0.002	0.003	0.008	0.289	0.000	0.436
neutral	0.268	0.001	0.003	0.011	0.238	0.000	0.479
neutral	0.177	0.001	0.005	0.016	0.253	0.001	0.547
neutral	0.239	0.001	0.003	0.019	0.182	0.001	0.555
sad	0.218	0.002	0.010	0.014	0.521	0.001	0.234
sad	0.212	0.012	0.019	0.019	0.564	0.001	0.174
sad	0.154	0.008	0.018	0.036	0.659	0.001	0.125
sad	0.128	0.009	0.021	0.039	0.655	0.001	0.147
neutral	0.182	0.007	0.005	0.029	0.278	0.001	0.499
neutral	0.206	0.011	0.006	0.031	0.269	0.001	0.477
neutral	0.151	0.002	0.006	0.013	0.246	0.001	0.582
sad	0.126	0.011	0.036	0.035	0.696	0.000	0.096
sad	0.128	0.009	0.024	0.023	0.687	0.000	0.128
sad	0.186	0.010	0.020	0.022	0.529	0.000	0.233
sad	0.205	0.020	0.020	0.080	0.422	0.001	0.253
sad	0.217	0.012	0.017	0.022	0.493	0.001	0.238
sad	0.203	0.012	0.018	0.115	0.366	0.001	0.286
sad	0.144	0.008	0.013	0.037	0.500	0.001	0.297
sad	0.198	0.016	0.018	0.074	0.396	0.001	0.298
neutral	0.185	0.002	0.005	0.013	0.239	0.001	0.554
neutral	0.192	0.002	0.005	0.017	0.215	0.001	0.568
neutral	0.185	0.007	0.006	0.031	0.243	0.001	0.528
neutral	0.162	0.010	0.007	0.051	0.247	0.001	0.522
neutral	0.169	0.002	0.008	0.026	0.336	0.001	0.458
neutral	0.155	0.002	0.006	0.036	0.202	0.001	0.597
neutral	0.154	0.003	0.008	0.030	0.375	0.001	0.429
neutral	0.154	0.001	0.006	0.026	0.230	0.001	0.583
neutral	0.177	0.001	0.006	0.029	0.200	0.001	0.586
neutral	0.180	0.001	0.005	0.038	0.208	0.001	0.567
neutral	0.128	0.028	0.006	0.061	0.185	0.001	0.591
neutral	0.187	0.007	0.008	0.049	0.271	0.002	0.477
sad	0.127	0.012	0.012	0.109	0.550	0.001	0.188
happy	0.085	0.012	0.008	0.364	0.264	0.001	0.267
happy	0.062	0.022	0.008	0.439	0.204	0.001	0.264
happy	0.029	0.003	0.008	0.665	0.105	0.002	0.189
happy	0.028	0.003	0.008	0.741	0.095	0.002	0.122
happy	0.012	0.001	0.003	0.872	0.030	0.001	0.081
happy	0.004	0.000	0.002	0.925	0.021	0.001	0.047
happy	0.002	0.000	0.001	0.972	0.005	0.000	0.020
happy	0.004	0.000	0.001	0.950	0.016	0.000	0.028
happy	0.002	0.000	0.001	0.961	0.015	0.000	0.020
happy	0.001	0.000	0.001	0.975	0.006	0.001	0.016
happy	0.005	0.000	0.003	0.934	0.031	0.001	0.025
happy	0.001	0.000	0.000	0.977	0.008	0.000	0.013
happy	0.002	0.000	0.001	0.959	0.018	0.001	0.018
happy	0.002	0.000	0.001	0.965	0.008	0.000	0.024
happy	0.001	0.000	0.001	0.976	0.006	0.000	0.016
happy	0.002	0.000	0.001	0.967	0.013	0.000	0.017
happy	0.003	0.000	0.001	0.963	0.021	0.000	0.012
happy	0.001	0.000	0.000	0.979	0.005	0.000	0.015
happy	0.001	0.000	0.000	0.981	0.001	0.001	0.016
happy	0.001	0.000	0.000	0.982	0.002	0.001	0.015
happy	0.001	0.000	0.000	0.972	0.002	0.002	0.022
happy	0.002	0.000	0.000	0.953	0.004	0.001	0.039
happy	0.004	0.000	0.001	0.929	0.006	0.001	0.059
happy	0.002	0.000	0.001	0.973	0.007	0.001	0.017
happy	0.002	0.000	0.000	0.973	0.007	0.001	0.017
happy	0.003	0.000	0.001	0.933	0.009	0.001	0.053
happy	0.002	0.000	0.000	0.926	0.004	0.001	0.067
happy	0.003	0.000	0.000	0.935	0.005	0.001	0.057
happy	0.004	0.000	0.000	0.923	0.005	0.001	0.067
happy	0.005	0.000	0.000	0.913	0.007	0.001	0.074
happy	0.011	0.000	0.001	0.863	0.013	0.000	0.111
happy	0.004	0.000	0.000	0.920	0.004	0.000	0.071
happy	0.002	0.000	0.001	0.954	0.014	0.000	0.029
happy	0.003	0.000	0.001	0.948	0.015	0.001	0.033
happy	0.004	0.000	0.002	0.914	0.016	0.001	0.062
happy	0.003	0.000	0.001	0.934	0.014	0.001	0.048
happy	0.003	0.000	0.002	0.952	0.019	0.001	0.022
happy	0.002	0.000	0.001	0.943	0.008	0.001	0.045
happy	0.003	0.000	0.001	0.954	0.017	0.001	0.023
happy	0.003	0.000	0.001	0.937	0.012	0.002	0.046
happy	0.003	0.000	0.001	0.969	0.013	0.001	0.013
happy	0.007	0.000	0.004	0.905	0.049	0.001	0.033
happy	0.020	0.001	0.010	0.738	0.173	0.001	0.058
happy	0.006	0.000	0.002	0.931	0.019	0.001	0.041
happy	0.006	0.000	0.002	0.926	0.021	0.001	0.045
happy	0.007	0.000	0.004	0.888	0.052	0.002	0.046
happy	0.004	0.000	0.001	0.937	0.013	0.001	0.043
happy	0.013	0.000	0.003	0.859	0.048	0.001	0.076
happy	0.012	0.000	0.003	0.855	0.047	0.001	0.082
happy	0.009	0.000	0.002	0.892	0.023	0.001	0.073
happy	0.015	0.001	0.006	0.800	0.101	0.000	0.077
happy	0.009	0.000	0.003	0.863	0.049	0.001	0.074
happy	0.008	0.000	0.002	0.904	0.030	0.001	0.055
happy	0.010	0.001	0.003	0.867	0.046	0.000	0.074
happy	0.009	0.001	0.002	0.870	0.034	0.001	0.084
happy	0.006	0.001	0.001	0.912	0.017	0.001	0.062
happy	0.083	0.004	0.014	0.440	0.273	0.001	0.184
happy	0.036	0.001	0.010	0.726	0.094	0.002	0.132
happy	0.025	0.001	0.008	0.732	0.087	0.003	0.144
happy	0.021	0.001	0.007	0.805	0.061	0.002	0.104
happy	0.019	0.001	0.005	0.743	0.078	0.001	0.153
happy	0.024	0.002	0.005	0.673	0.140	0.001	0.155
happy	0.027	0.002	0.005	0.766	0.098	0.001	0.102
happy	0.023	0.001	0.001	0.730	0.027	0.001	0.217
happy	0.009	0.000	0.001	0.891	0.008	0.001	0.089
happy	0.007	0.000	0.001	0.925	0.008	0.001	0.059
happy	0.007	0.000	0.000	0.897	0.007	0.001	0.088
happy	0.004	0.000	0.000	0.950	0.006	0.000	0.039
happy	0.002	0.000	0.000	0.978	0.002	0.001	0.018
happy	0.003	0.000	0.000	0.963	0.003	0.000	0.030
happy	0.004	0.000	0.002	0.962	0.022	0.000	0.009
happy	0.002	0.000	0.000	0.974	0.004	0.001	0.018
happy	0.001	0.000	0.000	0.981	0.002	0.001	0.014
happy	0.003	0.000	0.001	0.969	0.006	0.001	0.020
happy	0.003	0.000	0.001	0.967	0.006	0.001	0.023
happy	0.001	0.000	0.000	0.983	0.003	0.001	0.012
happy	0.001	0.000	0.000	0.981	0.003	0.000	0.014
happy	0.001	0.000	0.000	0.991	0.002	0.000	0.006
happy	0.001	0.000	0.000	0.990	0.002	0.000	0.007
happy	0.001	0.000	0.000	0.978	0.003	0.000	0.017
happy	0.001	0.000	0.000	0.984	0.002	0.000	0.012
happy	0.001	0.000	0.000	0.990	0.001	0.000	0.008
happy	0.000	0.000	0.000	0.992	0.000	0.000	0.007
happy	0.001	0.000	0.000	0.989	0.001	0.000	0.010
happy	0.001	0.000	0.000	0.989	0.001	0.000	0.009
happy	0.001	0.000	0.000	0.982	0.001	0.000	0.015
happy	0.001	0.000	0.000	0.987	0.001	0.000	0.011
happy	0.001	0.000	0.000	0.981	0.002	0.000	0.015
happy	0.001	0.000	0.000	0.986	0.002	0.000	0.010
happy	0.003	0.000	0.001	0.976	0.006	0.000	0.013
happy	0.001	0.000	0.000	0.984	0.001	0.000	0.012
happy	0.001	0.000	0.000	0.981	0.001	0.000	0.016
happy	0.001	0.000	0.000	0.980	0.001	0.001	0.016
happy	0.005	0.000	0.001	0.934	0.017	0.001	0.042
happy	0.005	0.000	0.001	0.960	0.006	0.000	0.028
happy	0.006	0.000	0.002	0.935	0.018	0.000	0.038
happy	0.009	0.000	0.003	0.903	0.018	0.002	0.065
happy	0.008	0.000	0.002	0.944	0.018	0.000	0.028
happy	0.006	0.000	0.003	0.942	0.022	0.000	0.027
happy	0.005	0.000	0.001	0.936	0.006	0.001	0.052
happy	0.005	0.000	0.001	0.944	0.004	0.001	0.045
happy	0.004	0.000	0.000	0.955	0.003	0.000	0.037
happy	0.006	0.000	0.001	0.926	0.008	0.001	0.059
happy	0.005	0.000	0.001	0.909	0.011	0.001	0.073
happy	0.001	0.000	0.000	0.979	0.001	0.001	0.018
happy	0.001	0.000	0.000	0.984	0.001	0.002	0.013
happy	0.001	0.000	0.000	0.981	0.001	0.001	0.017
happy	0.001	0.000	0.000	0.987	0.001	0.000	0.011
happy	0.001	0.000	0.000	0.983	0.001	0.000	0.014
happy	0.001	0.000	0.000	0.984	0.003	0.000	0.011
happy	0.001	0.000	0.000	0.983	0.003	0.000	0.012
happy	0.001	0.000	0.000	0.984	0.003	0.000	0.012
happy	0.001	0.000	0.001	0.976	0.006	0.000	0.016
happy	0.001	0.000	0.000	0.987	0.003	0.000	0.009
happy	0.001	0.000	0.000	0.988	0.002	0.000	0.008
happy	0.002	0.000	0.001	0.979	0.007	0.000	0.011
happy	0.000	0.000	0.000	0.998	0.000	0.000	0.001
happy	0.000	0.000	0.000	0.999	0.000	0.000	0.001
happy	0.000	0.000	0.000	0.999	0.000	0.000	0.001
happy	0.000	0.000	0.000	0.999	0.000	0.000	0.001
happy	0.001	0.000	0.000	0.994	0.001	0.000	0.004
happy	0.001	0.000	0.000	0.997	0.001	0.000	0.001
happy	0.001	0.000	0.000	0.998	0.000	0.000	0.001
happy	0.000	0.000	0.000	1.000	0.000	0.000	0.000
happy	0.000	0.000	0.000	0.999	0.000	0.000	0.000
happy	0.001	0.000	0.000	0.999	0.000	0.000	0.000
happy	0.001	0.000	0.000	0.998	0.000	0.000	0.000
happy	0.000	0.000	0.000	0.999	0.000	0.000	0.000
happy	0.001	0.000	0.000	0.998	0.000	0.000	0.001
happy	0.001	0.000	0.000	0.998	0.000	0.000	0.001
happy	0.002	0.000	0.000	0.997	0.000	0.000	0.001
happy	0.001	0.000	0.000	0.999	0.000	0.000	0.000
happy	0.000	0.000	0.000	0.999	0.000	0.000	0.000
happy	0.000	0.000	0.000	1.000	0.000	0.000	0.000
happy	0.000	0.000	0.000	1.000	0.000	0.000	0.000
happy	0.000	0.000	0.000	1.000	0.000	0.000	0.000
happy	0.000	0.000	0.000	1.000	0.000	0.000	0.000
happy	0.000	0.000	0.000	1.000	0.000	0.000	0.000
happy	0.000	0.000	0.000	1.000	0.000	0.000	0.000
happy	0.000	0.000	0.000	1.000	0.000	0.000	0.000
happy	0.002	0.000	0.000	0.998	0.000	0.000	0.000
happy	0.000	0.000	0.000	0.999	0.000	0.000	0.000
happy	0.000	0.000	0.000	0.999	0.000	0.000	0.000
happy	0.000	0.000	0.000	1.000	0.000	0.000	0.000
happy	0.000	0.000	0.000	0.999	0.000	0.000	0.000
happy	0.000	0.000	0.000	0.999	0.000	0.000	0.000
happy	0.000	0.000	0.000	0.999	0.000	0.000	0.001
happy	0.000	0.000	0.000	0.999	0.000	0.000	0.001
happy	0.000	0.000	0.000	1.000	0.000	0.000	0.000
happy	0.000	0.000	0.000	1.000	0.000	0.000	0.000
happy	0.000	0.000	0.000	1.000	0.000	0.000	0.000
happy	0.000	0.000	0.000	0.999	0.000	0.000	0.000
happy	0.000	0.000	0.000	0.999	0.000	0.000	0.000
happy	0.000	0.000	0.000	0.999	0.000	0.000	0.000
happy	0.000	0.000	0.000	0.999	0.000	0.000	0.000
happy	0.000	0.000	0.000	0.999	0.000	0.000	0.000
happy	0.001	0.000	0.000	0.999	0.000	0.000	0.000
happy	0.004	0.000	0.000	0.993	0.001	0.000	0.002
happy	0.001	0.000	0.000	0.998	0.000	0.000	0.001
happy	0.001	0.000	0.000	0.997	0.000	0.000	0.001
happy	0.002	0.000	0.000	0.996	0.000	0.000	0.002
happy	0.002	0.000	0.000	0.995	0.000	0.000	0.002
happy	0.003	0.000	0.000	0.994	0.000	0.001	0.002
happy	0.004	0.000	0.000	0.992	0.000	0.001	0.003
happy	0.003	0.000	0.000	0.994	0.000	0.000	0.002
happy	0.003	0.000	0.000	0.994	0.000	0.000	0.003
happy	0.008	0.000	0.000	0.985	0.001	0.001	0.005
happy	0.009	0.000	0.000	0.985	0.001	0.000	0.005
happy	0.002	0.000	0.000	0.995	0.000	0.000	0.002
happy	0.009	0.000	0.000	0.984	0.001	0.000	0.005
happy	0.004	0.000	0.000	0.990	0.000	0.000	0.005
happy	0.006	0.000	0.000	0.988	0.000	0.000	0.005
happy	0.009	0.000	0.000	0.983	0.000	0.000	0.007
happy	0.006	0.000	0.000	0.989	0.001	0.001	0.004
happy	0.016	0.000	0.001	0.971	0.002	0.001	0.009
happy	0.014	0.000	0.001	0.970	0.002	0.002	0.011
happy	0.006	0.000	0.000	0.987	0.000	0.001	0.005
happy	0.009	0.000	0.001	0.983	0.001	0.001	0.004
happy	0.011	0.001	0.000	0.980	0.001	0.001	0.005
happy	0.015	0.001	0.003	0.971	0.007	0.001	0.003
happy	0.036	0.001	0.003	0.935	0.009	0.001	0.016
happy	0.008	0.000	0.000	0.983	0.001	0.000	0.007
happy	0.007	0.000	0.000	0.982	0.001	0.000	0.009
happy	0.004	0.000	0.000	0.991	0.000	0.000	0.003
happy	0.004	0.000	0.000	0.990	0.001	0.000	0.005
happy	0.012	0.001	0.001	0.979	0.002	0.001	0.005
happy	0.007	0.000	0.001	0.984	0.002	0.000	0.006
happy	0.003	0.000	0.000	0.993	0.000	0.000	0.003
happy	0.002	0.000	0.000	0.993	0.000	0.000	0.004
happy	0.003	0.000	0.000	0.993	0.000	0.000	0.003
happy	0.002	0.000	0.000	0.995	0.000	0.000	0.002
happy	0.013	0.000	0.002	0.977	0.004	0.001	0.003
happy	0.008	0.000	0.001	0.986	0.002	0.000	0.004
happy	0.007	0.001	0.001	0.985	0.002	0.000	0.004
happy	0.003	0.000	0.000	0.994	0.000	0.000	0.002
happy	0.002	0.000	0.000	0.995	0.000	0.000	0.002
happy	0.005	0.000	0.000	0.991	0.000	0.000	0.003
happy	0.006	0.000	0.000	0.988	0.000	0.001	0.005
happy	0.004	0.000	0.000	0.988	0.000	0.001	0.006
happy	0.008	0.000	0.000	0.986	0.000	0.000	0.005
happy	0.003	0.000	0.000	0.993	0.000	0.000	0.003
happy	0.012	0.000	0.000	0.979	0.001	0.001	0.006
happy	0.006	0.000	0.000	0.989	0.001	0.000	0.003
happy	0.001	0.000	0.000	0.998	0.000	0.000	0.001
happy	0.005	0.000	0.000	0.992	0.001	0.000	0.002
happy	0.007	0.000	0.001	0.987	0.002	0.000	0.002
happy	0.007	0.000	0.001	0.989	0.001	0.000	0.001
happy	0.004	0.000	0.000	0.993	0.001	0.000	0.002
happy	0.005	0.000	0.000	0.993	0.001	0.000	0.001
happy	0.007	0.000	0.000	0.990	0.001	0.000	0.001
happy	0.005	0.000	0.000	0.993	0.001	0.000	0.001
happy	0.002	0.000	0.000	0.997	0.000	0.000	0.001
happy	0.004	0.000	0.000	0.994	0.001	0.000	0.001
happy	0.001	0.000	0.000	0.998	0.000	0.000	0.000
happy	0.003	0.000	0.000	0.996	0.000	0.000	0.001
happy	0.009	0.000	0.001	0.987	0.002	0.000	0.001
happy	0.002	0.000	0.000	0.998	0.000	0.000	0.000
happy	0.003	0.000	0.000	0.995	0.001	0.000	0.000
happy	0.001	0.000	0.000	0.998	0.000	0.000	0.000
happy	0.002	0.000	0.000	0.997	0.000	0.000	0.000
happy	0.001	0.000	0.000	0.998	0.000	0.000	0.000
happy	0.001	0.000	0.000	0.998	0.000	0.000	0.000
happy	0.010	0.001	0.001	0.973	0.011	0.000	0.005
happy	0.006	0.000	0.001	0.984	0.003	0.000	0.005
happy	0.008	0.000	0.001	0.974	0.008	0.001	0.008
happy	0.025	0.000	0.004	0.946	0.010	0.001	0.015
happy	0.012	0.000	0.001	0.966	0.007	0.001	0.012
happy	0.009	0.000	0.002	0.972	0.008	0.001	0.009
happy	0.043	0.001	0.013	0.846	0.072	0.000	0.024
happy	0.022	0.003	0.009	0.908	0.039	0.000	0.018
happy	0.059	0.004	0.006	0.876	0.025	0.000	0.031
happy	0.025	0.002	0.003	0.934	0.014	0.000	0.021
happy	0.028	0.002	0.003	0.889	0.034	0.001	0.044
happy	0.031	0.001	0.004	0.884	0.033	0.000	0.047
happy	0.055	0.003	0.008	0.791	0.069	0.001	0.075
happy	0.037	0.003	0.005	0.882	0.034	0.001	0.037
happy	0.061	0.003	0.008	0.800	0.063	0.001	0.064
happy	0.036	0.002	0.005	0.869	0.051	0.000	0.037
happy	0.018	0.001	0.004	0.937	0.017	0.001	0.022
happy	0.010	0.001	0.003	0.957	0.014	0.000	0.015
happy	0.010	0.000	0.002	0.973	0.006	0.000	0.008
happy	0.009	0.001	0.002	0.966	0.009	0.000	0.012
happy	0.008	0.000	0.001	0.974	0.006	0.000	0.009
happy	0.015	0.001	0.003	0.947	0.018	0.002	0.014
happy	0.012	0.000	0.002	0.961	0.016	0.000	0.008
happy	0.007	0.000	0.002	0.976	0.007	0.000	0.007
happy	0.011	0.000	0.003	0.951	0.020	0.001	0.013
happy	0.007	0.000	0.001	0.967	0.009	0.000	0.015
happy	0.011	0.000	0.002	0.959	0.011	0.000	0.016
happy	0.013	0.000	0.003	0.944	0.018	0.001	0.020
happy	0.007	0.000	0.001	0.963	0.009	0.000	0.020
happy	0.006	0.000	0.001	0.972	0.004	0.001	0.016
happy	0.007	0.000	0.001	0.970	0.005	0.001	0.016
happy	0.012	0.000	0.004	0.947	0.022	0.001	0.014
happy	0.007	0.000	0.002	0.974	0.008	0.001	0.009
happy	0.012	0.000	0.004	0.951	0.014	0.001	0.017
happy	0.009	0.000	0.003	0.962	0.010	0.002	0.014
happy	0.008	0.000	0.002	0.960	0.017	0.000	0.013
happy	0.004	0.000	0.001	0.975	0.009	0.000	0.010
happy	0.013	0.000	0.004	0.945	0.017	0.000	0.020
happy	0.009	0.000	0.001	0.953	0.009	0.001	0.028
happy	0.011	0.000	0.001	0.962	0.004	0.000	0.022
happy	0.016	0.000	0.001	0.943	0.006	0.001	0.033
happy	0.010	0.000	0.001	0.959	0.005	0.001	0.024
happy	0.017	0.000	0.001	0.945	0.007	0.001	0.028
happy	0.007	0.000	0.001	0.969	0.004	0.000	0.018
happy	0.016	0.000	0.014	0.888	0.060	0.001	0.021
happy	0.017	0.000	0.017	0.857	0.090	0.001	0.017
happy	0.034	0.001	0.024	0.698	0.196	0.001	0.046
happy	0.034	0.001	0.015	0.720	0.158	0.001	0.071
happy	0.030	0.001	0.021	0.715	0.175	0.001	0.056
happy	0.008	0.000	0.001	0.952	0.009	0.001	0.029
happy	0.040	0.000	0.004	0.843	0.029	0.002	0.082
happy	0.043	0.000	0.003	0.861	0.025	0.002	0.065
happy	0.030	0.000	0.001	0.891	0.015	0.001	0.063
happy	0.030	0.001	0.002	0.877	0.019	0.002	0.071
happy	0.030	0.000	0.002	0.892	0.018	0.001	0.057
happy	0.026	0.000	0.001	0.895	0.010	0.001	0.067
happy	0.070	0.003	0.003	0.819	0.027	0.001	0.079
happy	0.023	0.000	0.001	0.885	0.012	0.001	0.078
happy	0.049	0.001	0.003	0.830	0.026	0.001	0.090
happy	0.061	0.002	0.007	0.729	0.072	0.004	0.126
happy	0.016	0.001	0.007	0.889	0.048	0.001	0.038
happy	0.041	0.006	0.013	0.713	0.116	0.001	0.111
happy	0.047	0.004	0.009	0.768	0.092	0.001	0.080
happy	0.067	0.004	0.012	0.662	0.124	0.002	0.130
happy	0.044	0.006	0.009	0.756	0.089	0.001	0.094
happy	0.041	0.002	0.014	0.694	0.140	0.002	0.107
happy	0.064	0.008	0.017	0.588	0.188	0.001	0.134
happy	0.038	0.001	0.033	0.732	0.164	0.001	0.031
sad	0.074	0.003	0.069	0.395	0.415	0.002	0.042
happy	0.080	0.002	0.035	0.499	0.296	0.002	0.086
happy	0.083	0.005	0.035	0.502	0.266	0.001	0.107
happy	0.074	0.003	0.026	0.615	0.174	0.001	0.107
happy	0.045	0.002	0.013	0.693	0.122	0.001	0.125
happy	0.074	0.004	0.023	0.591	0.200	0.001	0.107
happy	0.032	0.002	0.013	0.754	0.110	0.002	0.086
happy	0.038	0.002	0.013	0.759	0.099	0.002	0.086
happy	0.028	0.002	0.021	0.714	0.164	0.002	0.070
happy	0.029	0.002	0.017	0.770	0.124	0.002	0.056
happy	0.038	0.003	0.017	0.705	0.147	0.002	0.088
happy	0.048	0.005	0.017	0.694	0.150	0.002	0.085
happy	0.041	0.004	0.021	0.741	0.146	0.003	0.045
happy	0.039	0.002	0.017	0.762	0.123	0.002	0.055
happy	0.014	0.000	0.002	0.932	0.011	0.001	0.040
happy	0.017	0.000	0.001	0.915	0.009	0.001	0.057
happy	0.013	0.000	0.002	0.926	0.010	0.002	0.048
happy	0.010	0.000	0.001	0.950	0.006	0.001	0.032
happy	0.008	0.000	0.001	0.967	0.005	0.001	0.020
happy	0.008	0.000	0.001	0.975	0.004	0.000	0.012
happy	0.007	0.000	0.001	0.980	0.002	0.000	0.010
happy	0.004	0.000	0.000	0.990	0.001	0.000	0.006
happy	0.004	0.000	0.000	0.989	0.001	0.000	0.006
happy	0.002	0.000	0.000	0.996	0.000	0.000	0.002
happy	0.001	0.000	0.000	0.997	0.000	0.000	0.001
happy	0.000	0.000	0.000	0.999	0.000	0.000	0.000
happy	0.000	0.000	0.000	0.999	0.000	0.000	0.000
happy	0.001	0.000	0.000	0.999	0.000	0.000	0.000
happy	0.001	0.000	0.000	0.999	0.000	0.000	0.000
happy	0.001	0.000	0.000	0.998	0.000	0.000	0.000
happy	0.002	0.000	0.000	0.998	0.000	0.000	0.000
happy	0.001	0.000	0.000	0.998	0.000	0.000	0.000
happy	0.001	0.000	0.000	0.999	0.000	0.000	0.000
happy	0.001	0.000	0.000	0.998	0.000	0.000	0.000
happy	0.001	0.000	0.000	0.999	0.000	0.000	0.000
happy	0.000	0.000	0.000	0.999	0.000	0.000	0.000
happy	0.000	0.000	0.000	0.999	0.000	0.000	0.000
happy	0.000	0.000	0.000	1.000	0.000	0.000	0.000
happy	0.000	0.000	0.000	1.000	0.000	0.000	0.000
happy	0.000	0.000	0.000	1.000	0.000	0.000	0.000
happy	0.000	0.000	0.000	1.000	0.000	0.000	0.000
happy	0.000	0.000	0.000	1.000	0.000	0.000	0.000
happy	0.000	0.000	0.000	1.000	0.000	0.000	0.000
happy	0.001	0.000	0.000	0.999	0.000	0.000	0.000
happy	0.001	0.000	0.000	0.999	0.000	0.000	0.000
happy	0.001	0.000	0.000	0.999	0.000	0.000	0.000
happy	0.000	0.000	0.000	0.999	0.000	0.000	0.000
happy	0.000	0.000	0.000	1.000	0.000	0.000	0.000
happy	0.000	0.000	0.000	1.000	0.000	0.000	0.000
happy	0.000	0.000	0.000	1.000	0.000	0.000	0.000
happy	0.000	0.000	0.000	0.999	0.000	0.000	0.000
happy	0.000	0.000	0.000	1.000	0.000	0.000	0.000
happy	0.000	0.000	0.000	1.000	0.000	0.000	0.000
happy	0.000	0.000	0.000	1.000	0.000	0.000	0.000
happy	0.000	0.000	0.000	1.000	0.000	0.000	0.000
happy	0.001	0.000	0.000	0.999	0.000	0.000	0.000
happy	0.001	0.000	0.000	0.999	0.000	0.000	0.000
happy	0.002	0.000	0.000	0.998	0.000	0.000	0.000
happy	0.001	0.000	0.000	0.999	0.000	0.000	0.000
happy	0.000	0.000	0.000	1.000	0.000	0.000	0.000
happy	0.000	0.000	0.000	0.999	0.000	0.000	0.000
happy	0.004	0.000	0.000	0.983	0.005	0.000	0.008
happy	0.006	0.000	0.001	0.972	0.007	0.000	0.015
happy	0.007	0.000	0.001	0.959	0.008	0.000	0.024
happy	0.007	0.000	0.001	0.955	0.008	0.001	0.028
happy	0.004	0.000	0.000	0.982	0.004	0.000	0.008
happy	0.007	0.000	0.000	0.977	0.004	0.000	0.011
happy	0.000	0.000	0.000	1.000	0.000	0.000	0.000
happy	0.000	0.000	0.000	1.000	0.000	0.000	0.000
happy	0.000	0.000	0.000	1.000	0.000	0.000	0.000
happy	0.000	0.000	0.000	1.000	0.000	0.000	0.000
happy	0.000	0.000	0.000	1.000	0.000	0.000	0.000
happy	0.000	0.000	0.000	1.000	0.000	0.000	0.000
happy	0.000	0.000	0.000	1.000	0.000	0.000	0.000
happy	0.000	0.000	0.000	1.000	0.000	0.000	0.000
happy	0.000	0.000	0.000	1.000	0.000	0.000	0.000
happy	0.000	0.000	0.000	1.000	0.000	0.000	0.000
happy	0.000	0.000	0.000	1.000	0.000	0.000	0.000
happy	0.000	0.000	0.000	1.000	0.000	0.000	0.000
happy	0.001	0.000	0.000	0.999	0.000	0.000	0.000
happy	0.000	0.000	0.000	0.999	0.000	0.000	0.000
happy	0.001	0.000	0.000	0.998	0.000	0.000	0.001
happy	0.000	0.000	0.000	0.999	0.000	0.000	0.001
happy	0.001	0.000	0.000	0.997	0.000	0.000	0.002
happy	0.000	0.000	0.000	0.998	0.000	0.000	0.001
happy	0.001	0.000	0.000	0.997	0.000	0.000	0.002
happy	0.002	0.000	0.000	0.994	0.001	0.000	0.002
happy	0.001	0.000	0.000	0.998	0.000	0.000	0.000
happy	0.002	0.000	0.000	0.992	0.002	0.000	0.003
happy	0.001	0.000	0.000	0.997	0.001	0.000	0.001
happy	0.001	0.000	0.000	0.997	0.001	0.000	0.001
happy	0.007	0.000	0.001	0.987	0.002	0.000	0.002
happy	0.003	0.000	0.000	0.991	0.002	0.000	0.003
happy	0.007	0.000	0.001	0.987	0.002	0.001	0.002
happy	0.003	0.000	0.000	0.992	0.001	0.001	0.003
happy	0.002	0.000	0.000	0.994	0.000	0.001	0.002
happy	0.001	0.000	0.000	0.997	0.000	0.001	0.001
happy	0.000	0.000	0.000	0.999	0.000	0.000	0.001
happy	0.000	0.000	0.000	1.000	0.000	0.000	0.000
happy	0.001	0.000	0.000	0.999	0.000	0.000	0.000
happy	0.000	0.000	0.000	1.000	0.000	0.000	0.000
happy	0.000	0.000	0.000	1.000	0.000	0.000	0.000
happy	0.000	0.000	0.000	1.000	0.000	0.000	0.000
happy	0.000	0.000	0.000	1.000	0.000	0.000	0.000
happy	0.000	0.000	0.000	0.999	0.000	0.000	0.000
happy	0.001	0.000	0.000	0.998	0.000	0.000	0.000
happy	0.001	0.000	0.000	0.999	0.000	0.000	0.000
happy	0.000	0.000	0.000	1.000	0.000	0.000	0.000
happy	0.000	0.000	0.000	1.000	0.000	0.000	0.000
happy	0.001	0.000	0.000	0.999	0.000	0.000	0.000
happy	0.000	0.000	0.000	0.999	0.000	0.000	0.000
happy	0.001	0.000	0.000	0.999	0.000	0.000	0.000
happy	0.003	0.000	0.000	0.996	0.000	0.000	0.001
happy	0.002	0.000	0.000	0.996	0.000	0.000	0.001
happy	0.001	0.000	0.000	0.999	0.000	0.000	0.001
happy	0.001	0.000	0.000	0.998	0.000	0.000	0.001
happy	0.005	0.000	0.000	0.994	0.000	0.000	0.000
happy	0.002	0.000	0.000	0.996	0.001	0.000	0.001
happy	0.006	0.000	0.000	0.992	0.001	0.000	0.001
happy	0.001	0.000	0.000	0.998	0.000	0.000	0.000
happy	0.001	0.000	0.000	0.999	0.000	0.000	0.001
happy	0.000	0.000	0.000	0.999	0.000	0.000	0.000
happy	0.000	0.000	0.000	0.999	0.000	0.000	0.000
happy	0.000	0.000	0.000	0.999	0.000	0.000	0.000
happy	0.001	0.000	0.000	0.999	0.000	0.000	0.000
happy	0.001	0.000	0.000	0.999	0.000	0.000	0.000
happy	0.000	0.000	0.000	1.000	0.000	0.000	0.000
happy	0.001	0.000	0.000	0.999	0.000	0.000	0.000
happy	0.000	0.000	0.000	1.000	0.000	0.000	0.000
happy	0.000	0.000	0.000	1.000	0.000	0.000	0.000
happy	0.000	0.000	0.000	1.000	0.000	0.000	0.000
happy	0.000	0.000	0.000	1.000	0.000	0.000	0.000
happy	0.000	0.000	0.000	1.000	0.000	0.000	0.000
happy	0.000	0.000	0.000	1.000	0.000	0.000	0.000
happy	0.000	0.000	0.000	1.000	0.000	0.000	0.000
happy	0.000	0.000	0.000	1.000	0.000	0.000	0.000
happy	0.000	0.000	0.000	1.000	0.000	0.000	0.000
happy	0.000	0.000	0.000	1.000	0.000	0.000	0.000
happy	0.000	0.000	0.000	1.000	0.000	0.000	0.000
happy	0.000	0.000	0.000	1.000	0.000	0.000	0.000
happy	0.005	0.000	0.000	0.994	0.000	0.000	0.000
happy	0.001	0.000	0.000	0.999	0.000	0.000	0.000
happy	0.000	0.000	0.000	1.000	0.000	0.000	0.000
happy	0.000	0.000	0.000	1.000	0.000	0.000	0.000
happy	0.000	0.000	0.000	1.000	0.000	0.000	0.000
happy	0.000	0.000	0.000	0.999	0.000	0.000	0.000
happy	0.000	0.000	0.000	1.000	0.000	0.000	0.000
happy	0.000	0.000	0.000	1.000	0.000	0.000	0.000
happy	0.000	0.000	0.000	1.000	0.000	0.000	0.000
happy	0.000	0.000	0.000	0.999	0.000	0.000	0.000
happy	0.000	0.000	0.000	0.999	0.000	0.000	0.000
happy	0.000	0.000	0.000	0.999	0.000	0.000	0.000
happy	0.001	0.000	0.000	0.999	0.000	0.000	0.000
happy	0.000	0.000	0.000	0.999	0.000	0.000	0.000
happy	0.000	0.000	0.000	0.999	0.000	0.000	0.000
happy	0.001	0.000	0.000	0.998	0.000	0.000	0.000
happy	0.001	0.000	0.000	0.999	0.000	0.000	0.000
happy	0.001	0.000	0.000	0.998	0.000	0.000	0.000
happy	0.000	0.000	0.000	0.999	0.000	0.000	0.000
happy	0.001	0.000	0.000	0.999	0.000	0.000	0.000
happy	0.000	0.000	0.000	0.999	0.000	0.000	0.000
happy	0.004	0.000	0.000	0.995	0.000	0.000	0.000
happy	0.002	0.000	0.000	0.998	0.000	0.000	0.000
happy	0.001	0.000	0.000	0.998	0.000	0.000	0.000
happy	0.003	0.000	0.000	0.997	0.000	0.000	0.000
happy	0.004	0.000	0.000	0.994	0.000	0.000	0.001
happy	0.003	0.000	0.000	0.996	0.000	0.000	0.000
happy	0.004	0.000	0.000	0.994	0.000	0.000	0.001
happy	0.003	0.000	0.000	0.996	0.000	0.000	0.000
happy	0.005	0.000	0.000	0.992	0.001	0.000	0.001
happy	0.003	0.000	0.000	0.994	0.001	0.000	0.001
happy	0.008	0.000	0.001	0.984	0.004	0.001	0.001
happy	0.003	0.000	0.000	0.996	0.000	0.000	0.001
happy	0.002	0.000	0.000	0.996	0.001	0.000	0.001
happy	0.003	0.000	0.000	0.994	0.000	0.000	0.002
happy	0.001	0.000	0.000	0.995	0.000	0.001	0.003
happy	0.002	0.000	0.000	0.995	0.000	0.000	0.002
happy	0.005	0.000	0.000	0.991	0.001	0.000	0.003
happy	0.001	0.000	0.000	0.998	0.000	0.000	0.001
happy	0.003	0.000	0.000	0.995	0.001	0.000	0.001
happy	0.002	0.000	0.000	0.995	0.001	0.000	0.001
happy	0.002	0.000	0.000	0.996	0.001	0.000	0.001
happy	0.001	0.000	0.000	0.996	0.001	0.000	0.001
happy	0.003	0.000	0.000	0.993	0.001	0.000	0.001
happy	0.002	0.000	0.000	0.996	0.001	0.000	0.001
happy	0.003	0.000	0.000	0.994	0.002	0.000	0.002
happy	0.003	0.000	0.000	0.994	0.001	0.000	0.001
happy	0.001	0.000	0.000	0.996	0.001	0.000	0.001
happy	0.002	0.000	0.000	0.997	0.001	0.000	0.001
happy	0.004	0.000	0.000	0.991	0.003	0.000	0.002
happy	0.005	0.000	0.001	0.990	0.002	0.000	0.002
happy	0.001	0.000	0.000	0.997	0.000	0.000	0.001
happy	0.001	0.000	0.000	0.997	0.000	0.000	0.001
happy	0.001	0.000	0.000	0.997	0.000	0.000	0.001
happy	0.000	0.000	0.000	0.999	0.000	0.000	0.000
happy	0.001	0.000	0.000	0.997	0.000	0.001	0.001
happy	0.001	0.000	0.000	0.998	0.000	0.000	0.001
happy	0.000	0.000	0.000	0.999	0.000	0.000	0.001
happy	0.001	0.000	0.000	0.997	0.000	0.001	0.002
happy	0.001	0.000	0.000	0.997	0.000	0.000	0.001
happy	0.001	0.000	0.000	0.996	0.001	0.000	0.002
happy	0.001	0.000	0.000	0.996	0.001	0.001	0.001
happy	0.001	0.000	0.000	0.994	0.001	0.002	0.002
happy	0.001	0.000	0.000	0.997	0.000	0.001	0.001
happy	0.001	0.000	0.000	0.993	0.001	0.001	0.003
happy	0.002	0.000	0.001	0.980	0.009	0.000	0.007
happy	0.001	0.000	0.000	0.989	0.005	0.000	0.004
happy	0.001	0.000	0.000	0.988	0.004	0.000	0.007
happy	0.001	0.000	0.000	0.990	0.003	0.000	0.005
happy	0.000	0.000	0.000	0.997	0.000	0.000	0.002
happy	0.000	0.000	0.000	0.997	0.001	0.000	0.002
happy	0.000	0.000	0.000	1.000	0.000	0.000	0.000
happy	0.000	0.000	0.000	0.997	0.000	0.000	0.002
happy	0.005	0.000	0.002	0.953	0.007	0.001	0.032
happy	0.007	0.000	0.004	0.915	0.014	0.000	0.060
happy	0.029	0.001	0.010	0.795	0.040	0.001	0.125
happy	0.062	0.001	0.014	0.631	0.095	0.003	0.194
happy	0.045	0.001	0.014	0.775	0.069	0.001	0.095
happy	0.141	0.002	0.028	0.469	0.128	0.002	0.230
happy	0.155	0.003	0.024	0.342	0.186	0.002	0.287
neutral	0.089	0.003	0.018	0.359	0.152	0.001	0.377
happy	0.098	0.002	0.018	0.375	0.142	0.001	0.365
happy	0.031	0.000	0.015	0.627	0.078	0.002	0.247
happy	0.019	0.002	0.006	0.864	0.018	0.003	0.088
happy	0.028	0.000	0.027	0.870	0.018	0.012	0.045
happy	0.003	0.000	0.157	0.611	0.080	0.064	0.085
happy	0.097	0.001	0.110	0.513	0.106	0.039	0.134
happy	0.112	0.001	0.071	0.528	0.058	0.012	0.218
happy	0.009	0.000	0.005	0.911	0.012	0.005	0.057
happy	0.002	0.000	0.000	0.978	0.002	0.001	0.017
happy	0.001	0.000	0.000	0.990	0.001	0.000	0.007
happy	0.004	0.000	0.000	0.973	0.006	0.000	0.017
happy	0.016	0.000	0.001	0.948	0.009	0.000	0.026
happy	0.013	0.000	0.001	0.935	0.008	0.001	0.042
happy	0.009	0.000	0.001	0.942	0.006	0.000	0.042
happy	0.022	0.000	0.002	0.879	0.025	0.001	0.072
happy	0.020	0.000	0.004	0.878	0.027	0.001	0.069
happy	0.217	0.000	0.178	0.458	0.116	0.018	0.012
happy	0.014	0.000	0.004	0.844	0.052	0.001	0.085
happy	0.018	0.000	0.006	0.639	0.123	0.001	0.213
happy	0.030	0.000	0.011	0.516	0.232	0.001	0.210
happy	0.167	0.001	0.193	0.406	0.193	0.021	0.019
happy	0.078	0.001	0.016	0.436	0.305	0.000	0.164
happy	0.062	0.001	0.011	0.615	0.197	0.001	0.113
sad	0.070	0.010	0.037	0.362	0.396	0.007	0.119
happy	0.052	0.007	0.024	0.407	0.339	0.006	0.166
happy	0.056	0.003	0.011	0.424	0.271	0.004	0.232
happy	0.163	0.000	0.177	0.341	0.288	0.014	0.017
happy	0.048	0.006	0.016	0.480	0.275	0.006	0.169
happy	0.204	0.001	0.155	0.369	0.246	0.013	0.013
happy	0.046	0.001	0.010	0.516	0.165	0.002	0.261
happy	0.024	0.000	0.004	0.669	0.122	0.001	0.179
happy	0.022	0.000	0.003	0.627	0.103	0.002	0.243
happy	0.011	0.000	0.002	0.733	0.030	0.004	0.219
happy	0.024	0.001	0.002	0.572	0.055	0.001	0.346
happy	0.019	0.000	0.001	0.704	0.034	0.001	0.241
happy	0.009	0.000	0.001	0.778	0.013	0.001	0.197
sad	0.176	0.000	0.116	0.303	0.365	0.014	0.025
happy	0.017	0.000	0.002	0.683	0.033	0.002	0.263
happy	0.005	0.000	0.000	0.844	0.010	0.001	0.140
happy	0.006	0.000	0.001	0.828	0.016	0.001	0.148
happy	0.006	0.000	0.001	0.891	0.009	0.002	0.091
happy	0.002	0.000	0.000	0.942	0.004	0.001	0.050
happy	0.004	0.000	0.000	0.874	0.010	0.001	0.110
happy	0.003	0.000	0.000	0.908	0.005	0.002	0.081
happy	0.013	0.001	0.001	0.690	0.027	0.003	0.265
happy	0.012	0.000	0.001	0.727	0.022	0.005	0.232
happy	0.010	0.000	0.001	0.781	0.019	0.004	0.185
happy	0.009	0.001	0.001	0.799	0.020	0.001	0.171
happy	0.010	0.001	0.001	0.749	0.019	0.003	0.218
happy	0.018	0.001	0.005	0.682	0.115	0.001	0.178
happy	0.015	0.001	0.005	0.711	0.065	0.001	0.201
happy	0.007	0.000	0.002	0.865	0.034	0.002	0.091
happy	0.047	0.000	0.012	0.583	0.200	0.001	0.156
happy	0.015	0.000	0.006	0.768	0.093	0.001	0.116
happy	0.009	0.000	0.002	0.800	0.051	0.001	0.137
happy	0.012	0.000	0.002	0.816	0.050	0.001	0.119
happy	0.015	0.000	0.004	0.721	0.080	0.001	0.178
happy	0.019	0.000	0.005	0.760	0.105	0.001	0.109
sad	0.181	0.000	0.133	0.255	0.373	0.020	0.037
happy	0.014	0.000	0.004	0.716	0.091	0.001	0.175
happy	0.014	0.000	0.003	0.793	0.065	0.001	0.125
happy	0.012	0.000	0.003	0.764	0.076	0.001	0.143
happy	0.016	0.000	0.003	0.780	0.075	0.001	0.125
happy	0.013	0.000	0.003	0.839	0.047	0.002	0.096
happy	0.008	0.000	0.001	0.821	0.032	0.002	0.136
happy	0.016	0.000	0.001	0.840	0.018	0.005	0.119
happy	0.013	0.000	0.001	0.798	0.019	0.001	0.168
happy	0.019	0.000	0.001	0.728	0.027	0.004	0.220
happy	0.012	0.000	0.001	0.753	0.031	0.002	0.201
happy	0.016	0.000	0.001	0.805	0.018	0.008	0.152
sad	0.166	0.000	0.199	0.194	0.383	0.021	0.037
happy	0.008	0.000	0.001	0.885	0.010	0.004	0.092
happy	0.008	0.000	0.001	0.879	0.011	0.004	0.097
sad	0.192	0.000	0.178	0.261	0.331	0.012	0.027
happy	0.013	0.000	0.001	0.821	0.017	0.007	0.141
happy	0.007	0.000	0.003	0.899	0.042	0.001	0.048
happy	0.010	0.000	0.005	0.695	0.168	0.002	0.120
happy	0.153	0.000	0.206	0.312	0.271	0.033	0.025
happy	0.004	0.000	0.001	0.901	0.014	0.002	0.078
happy	0.012	0.000	0.001	0.826	0.019	0.004	0.137
happy	0.187	0.000	0.154	0.325	0.299	0.013	0.022
happy	0.014	0.001	0.003	0.703	0.071	0.001	0.208
happy	0.007	0.000	0.001	0.846	0.024	0.001	0.120
sad	0.226	0.000	0.211	0.188	0.326	0.017	0.032
happy	0.009	0.000	0.001	0.815	0.033	0.001	0.139
happy	0.188	0.000	0.157	0.375	0.247	0.012	0.021
happy	0.017	0.001	0.004	0.679	0.137	0.001	0.161
happy	0.209	0.000	0.162	0.318	0.271	0.013	0.027
happy	0.006	0.000	0.001	0.914	0.026	0.001	0.051
happy	0.007	0.000	0.001	0.896	0.029	0.001	0.065
happy	0.011	0.000	0.002	0.867	0.034	0.001	0.086
happy	0.024	0.001	0.006	0.592	0.172	0.002	0.203
happy	0.022	0.000	0.004	0.721	0.105	0.004	0.144
happy	0.183	0.000	0.146	0.347	0.274	0.010	0.039
happy	0.018	0.001	0.005	0.675	0.138	0.003	0.160
happy	0.020	0.000	0.005	0.734	0.097	0.002	0.143
happy	0.027	0.000	0.012	0.539	0.311	0.001	0.110
happy	0.025	0.000	0.006	0.583	0.175	0.001	0.208
happy	0.035	0.002	0.003	0.653	0.104	0.001	0.201
happy	0.023	0.002	0.002	0.671	0.049	0.004	0.249
happy	0.023	0.001	0.002	0.719	0.043	0.004	0.209
happy	0.232	0.000	0.162	0.298	0.260	0.016	0.032
happy	0.028	0.001	0.002	0.720	0.037	0.005	0.208
happy	0.163	0.000	0.137	0.508	0.156	0.010	0.025
happy	0.013	0.001	0.001	0.826	0.014	0.003	0.143
happy	0.176	0.000	0.161	0.406	0.201	0.016	0.039
happy	0.020	0.001	0.002	0.756	0.037	0.004	0.181
happy	0.013	0.000	0.001	0.825	0.017	0.003	0.141
happy	0.016	0.001	0.001	0.815	0.029	0.002	0.136
angry	0.270	0.000	0.186	0.235	0.255	0.020	0.035
happy	0.011	0.000	0.001	0.864	0.013	0.003	0.109
angry	0.284	0.000	0.200	0.194	0.276	0.014	0.032
happy	0.018	0.000	0.001	0.797	0.022	0.003	0.159
happy	0.022	0.002	0.002	0.652	0.055	0.002	0.265
happy	0.036	0.003	0.002	0.664	0.054	0.003	0.238
happy	0.020	0.002	0.002	0.698	0.034	0.002	0.242
happy	0.026	0.001	0.001	0.764	0.020	0.002	0.186
happy	0.023	0.001	0.003	0.638	0.052	0.003	0.280
happy	0.014	0.001	0.002	0.651	0.039	0.003	0.290
happy	0.206	0.000	0.145	0.346	0.260	0.015	0.027
happy	0.026	0.001	0.003	0.622	0.056	0.003	0.288
happy	0.016	0.001	0.001	0.754	0.026	0.003	0.199
happy	0.022	0.001	0.001	0.762	0.020	0.003	0.191
sad	0.160	0.001	0.183	0.239	0.369	0.018	0.030
happy	0.013	0.001	0.002	0.799	0.037	0.002	0.146
happy	0.012	0.001	0.002	0.809	0.036	0.003	0.139
happy	0.138	0.000	0.170	0.375	0.272	0.010	0.035
happy	0.015	0.001	0.005	0.797	0.103	0.001	0.078
angry	0.311	0.000	0.241	0.192	0.214	0.020	0.021
happy	0.015	0.000	0.007	0.820	0.087	0.002	0.069
happy	0.012	0.000	0.003	0.838	0.060	0.001	0.086
happy	0.011	0.000	0.004	0.790	0.080	0.001	0.114
happy	0.007	0.000	0.000	0.896	0.009	0.002	0.086
happy	0.004	0.000	0.000	0.937	0.004	0.002	0.052
happy	0.006	0.000	0.001	0.862	0.019	0.001	0.111
happy	0.254	0.000	0.242	0.269	0.198	0.011	0.024
happy	0.004	0.000	0.000	0.933	0.006	0.002	0.054
happy	0.003	0.000	0.000	0.944	0.006	0.001	0.046
happy	0.011	0.000	0.001	0.895	0.009	0.003	0.081
happy	0.004	0.000	0.000	0.936	0.006	0.002	0.052
happy	0.004	0.000	0.000	0.957	0.005	0.001	0.032
happy	0.190	0.000	0.233	0.272	0.243	0.018	0.042
happy	0.005	0.000	0.000	0.941	0.004	0.001	0.049
happy	0.002	0.000	0.000	0.977	0.002	0.001	0.018
happy	0.004	0.000	0.001	0.937	0.018	0.001	0.040
happy	0.006	0.000	0.001	0.902	0.020	0.002	0.068
happy	0.005	0.000	0.001	0.928	0.014	0.002	0.049
