prediction	angry	disgust	fear	happy	sad	surprise	neutral
neutral	0.202	0.001	0.002	0.001	0.068	0.000	0.727
neutral	0.154	0.001	0.002	0.012	0.196	0.000	0.635
neutral	0.164	0.001	0.002	0.019	0.097	0.000	0.718
neutral	0.100	0.000	0.002	0.011	0.069	0.000	0.817
neutral	0.145	0.000	0.002	0.009	0.090	0.000	0.752
neutral	0.259	0.000	0.002	0.011	0.103	0.000	0.623
neutral	0.173	0.000	0.002	0.021	0.103	0.000	0.700
neutral	0.162	0.000	0.002	0.017	0.065	0.001	0.753
neutral	0.127	0.000	0.003	0.009	0.151	0.000	0.709
neutral	0.093	0.000	0.003	0.013	0.095	0.000	0.796
neutral	0.083	0.000	0.002	0.006	0.084	0.000	0.825
neutral	0.107	0.000	0.002	0.006	0.080	0.000	0.805
neutral	0.106	0.000	0.002	0.003	0.115	0.000	0.774
neutral	0.059	0.000	0.002	0.002	0.139	0.000	0.799
neutral	0.074	0.000	0.002	0.001	0.107	0.000	0.816
neutral	0.042	0.000	0.003	0.001	0.124	0.000	0.830
neutral	0.055	0.000	0.008	0.001	0.224	0.000	0.712
neutral	0.065	0.000	0.005	0.001	0.163	0.000	0.766
neutral	0.059	0.000	0.004	0.000	0.116	0.000	0.820
neutral	0.072	0.001	0.013	0.000	0.128	0.000	0.785
neutral	0.034	0.000	0.004	0.000	0.075	0.000	0.887
neutral	0.033	0.001	0.006	0.000	0.081	0.000	0.878
neutral	0.070	0.000	0.010	0.000	0.117	0.000	0.802
neutral	0.088	0.000	0.006	0.000	0.111	0.000	0.794
neutral	0.044	0.000	0.007	0.000	0.125	0.000	0.824
neutral	0.080	0.000	0.004	0.000	0.158	0.000	0.758
neutral	0.068	0.000	0.004	0.000	0.118	0.000	0.810
neutral	0.121	0.001	0.005	0.001	0.115	0.000	0.757
neutral	0.355	0.001	0.002	0.000	0.103	0.000	0.537
neutral	0.242	0.000	0.002	0.000	0.099	0.000	0.657
neutral	0.225	0.000	0.003	0.000	0.132	0.000	0.639
neutral	0.082	0.000	0.006	0.000	0.133	0.000	0.779
neutral	0.091	0.000	0.004	0.001	0.133	0.000	0.772
neutral	0.097	0.000	0.009	0.000	0.128	0.000	0.765
neutral	0.053	0.000	0.015	0.001	0.093	0.001	0.838
neutral	0.043	0.001	0.008	0.000	0.097	0.000	0.851
neutral	0.034	0.000	0.008	0.000	0.108	0.000	0.849
neutral	0.049	0.000	0.004	0.000	0.097	0.000	0.849
neutral	0.076	0.000	0.007	0.000	0.139	0.000	0.778
neutral	0.042	0.000	0.012	0.000	0.102	0.001	0.842
neutral	0.083	0.000	0.005	0.001	0.116	0.000	0.796
neutral	0.061	0.000	0.008	0.000	0.119	0.000	0.811
neutral	0.047	0.000	0.006	0.000	0.202	0.000	0.745
neutral	0.040	0.000	0.002	0.000	0.043	0.000	0.915
neutral	0.073	0.000	0.003	0.001	0.077	0.000	0.846
neutral	0.046	0.000	0.018	0.002	0.349	0.000	0.584
neutral	0.059	0.000	0.017	0.002	0.361	0.000	0.561
neutral	0.033	0.000	0.010	0.002	0.321	0.000	0.633
neutral	0.054	0.000	0.008	0.003	0.293	0.000	0.641
neutral	0.056	0.002	0.007	0.001	0.211	0.000	0.723
neutral	0.048	0.000	0.005	0.001	0.259	0.000	0.686
neutral	0.073	0.002	0.007	0.001	0.309	0.000	0.609
neutral	0.081	0.000	0.005	0.001	0.230	0.000	0.682
neutral	0.028	0.000	0.005	0.001	0.134	0.000	0.832
neutral	0.028	0.000	0.003	0.001	0.162	0.000	0.805
neutral	0.096	0.000	0.004	0.001	0.277	0.000	0.622
neutral	0.270	0.000	0.005	0.002	0.324	0.000	0.399
neutral	0.143	0.000	0.003	0.002	0.317	0.001	0.535
neutral	0.092	0.000	0.003	0.002	0.224	0.001	0.677
neutral	0.149	0.000	0.005	0.004	0.221	0.001	0.620
neutral	0.111	0.000	0.005	0.008	0.219	0.002	0.656
neutral	0.066	0.000	0.005	0.004	0.168	0.001	0.756
neutral	0.061	0.000	0.009	0.007	0.120	0.001	0.803
neutral	0.037	0.000	0.007	0.005	0.197	0.001	0.754
neutral	0.058	0.000	0.004	0.004	0.156	0.001	0.777
neutral	0.052	0.000	0.010	0.009	0.271	0.001	0.657
neutral	0.045	0.000	0.015	0.007	0.349	0.001	0.583
neutral	0.038	0.000	0.009	0.005	0.329	0.000	0.618
neutral	0.045	0.001	0.006	0.004	0.295	0.000	0.651
neutral	0.058	0.000	0.008	0.004	0.453	0.000	0.476
neutral	0.062	0.000	0.002	0.002	0.165	0.000	0.769
neutral	0.072	0.000	0.004	0.003	0.198	0.000	0.722
neutral	0.140	0.000	0.004	0.004	0.154	0.001	0.698
neutral	0.166	0.000	0.002	0.002	0.219	0.000	0.611
neutral	0.117	0.000	0.004	0.004	0.148	0.001	0.726
neutral	0.055	0.000	0.003	0.004	0.117	0.001	0.819
neutral	0.050	0.001	0.004	0.003	0.220	0.000	0.721
neutral	0.051	0.000	0.004	0.002	0.282	0.000	0.660
neutral	0.092	0.000	0.004	0.002	0.270	0.000	0.631
neutral	0.107	0.001	0.004	0.002	0.385	0.000	0.501
neutral	0.045	0.000	0.005	0.001	0.261	0.000	0.687
neutral	0.041	0.000	0.006	0.001	0.220	0.000	0.731
neutral	0.048	0.000	0.007	0.003	0.173	0.000	0.768
neutral	0.061	0.000	0.008	0.003	0.317	0.000	0.610
neutral	0.072	0.000	0.011	0.002	0.295	0.000	0.620
neutral	0.065	0.000	0.009	0.003	0.238	0.000	0.685
neutral	0.056	0.000	0.008	0.003	0.191	0.001	0.741
neutral	0.070	0.000	0.011	0.002	0.397	0.000	0.520
neutral	0.045	0.000	0.010	0.001	0.329	0.000	0.615
neutral	0.028	0.000	0.006	0.002	0.367	0.000	0.597
neutral	0.038	0.000	0.006	0.001	0.406	0.000	0.549
neutral	0.086	0.000	0.004	0.002	0.291	0.000	0.617
neutral	0.077	0.001	0.005	0.001	0.368	0.000	0.548
neutral	0.027	0.000	0.005	0.001	0.346	0.000	0.620
neutral	0.028	0.000	0.004	0.001	0.336	0.000	0.630
neutral	0.032	0.001	0.005	0.001	0.378	0.000	0.583
neutral	0.041	0.001	0.003	0.001	0.274	0.000	0.679
neutral	0.041	0.001	0.005	0.001	0.399	0.000	0.553
neutral	0.040	0.000	0.004	0.001	0.231	0.000	0.723
neutral	0.087	0.000	0.006	0.001	0.348	0.000	0.558
neutral	0.093	0.001	0.005	0.001	0.370	0.000	0.530
neutral	0.064	0.001	0.005	0.001	0.460	0.000	0.470
neutral	0.052	0.000	0.007	0.001	0.342	0.000	0.597
neutral	0.062	0.000	0.006	0.002	0.268	0.000	0.661
neutral	0.029	0.000	0.003	0.002	0.148	0.000	0.817
neutral	0.054	0.000	0.003	0.001	0.191	0.000	0.750
neutral	0.109	0.001	0.003	0.002	0.277	0.000	0.608
neutral	0.027	0.000	0.002	0.001	0.300	0.000	0.669
neutral	0.078	0.000	0.002	0.002	0.180	0.000	0.737
neutral	0.145	0.000	0.002	0.001	0.142	0.000	0.710
neutral	0.136	0.000	0.002	0.001	0.178	0.001	0.682
neutral	0.121	0.000	0.002	0.001	0.144	0.001	0.732
neutral	0.134	0.000	0.004	0.002	0.244	0.001	0.616
neutral	0.218	0.000	0.002	0.001	0.187	0.000	0.591
neutral	0.165	0.000	0.003	0.002	0.160	0.001	0.670
neutral	0.083	0.000	0.003	0.001	0.215	0.000	0.697
neutral	0.176	0.000	0.002	0.001	0.249	0.000	0.572
neutral	0.078	0.000	0.003	0.001	0.232	0.000	0.686
neutral	0.081	0.000	0.004	0.002	0.320	0.000	0.592
neutral	0.038	0.000	0.003	0.001	0.228	0.000	0.729
neutral	0.045	0.000	0.006	0.002	0.208	0.001	0.738
neutral	0.054	0.001	0.004	0.001	0.182	0.000	0.758
neutral	0.045	0.001	0.003	0.001	0.149	0.000	0.800
neutral	0.080	0.002	0.005	0.001	0.253	0.001	0.657
neutral	0.059	0.001	0.003	0.002	0.211	0.000	0.725
neutral	0.160	0.007	0.005	0.002	0.337	0.001	0.489
neutral	0.135	0.023	0.011	0.001	0.405	0.001	0.423
sad	0.127	0.009	0.008	0.001	0.428	0.001	0.426
neutral	0.127	0.005	0.006	0.002	0.353	0.001	0.507
neutral	0.201	0.006	0.005	0.002	0.337	0.000	0.449
neutral	0.056	0.002	0.004	0.002	0.419	0.000	0.516
neutral	0.079	0.002	0.005	0.001	0.446	0.000	0.466
neutral	0.102	0.007	0.008	0.001	0.366	0.001	0.516
neutral	0.192	0.001	0.003	0.001	0.206	0.000	0.598
neutral	0.169	0.000	0.003	0.002	0.158	0.000	0.667
neutral	0.091	0.001	0.004	0.001	0.381	0.000	0.521
neutral	0.130	0.005	0.005	0.002	0.355	0.000	0.504
neutral	0.153	0.007	0.006	0.001	0.343	0.001	0.489
neutral	0.103	0.005	0.003	0.001	0.317	0.000	0.571
neutral	0.076	0.002	0.005	0.001	0.363	0.000	0.552
neutral	0.109	0.004	0.004	0.001	0.340	0.001	0.542
neutral	0.055	0.001	0.004	0.001	0.314	0.000	0.625
neutral	0.044	0.001	0.004	0.001	0.283	0.000	0.667
neutral	0.062	0.002	0.006	0.001	0.323	0.000	0.605
neutral	0.058	0.002	0.005	0.000	0.339	0.000	0.595
neutral	0.056	0.002	0.004	0.001	0.298	0.000	0.638
neutral	0.053	0.004	0.006	0.001	0.244	0.000	0.693
neutral	0.042	0.003	0.004	0.001	0.254	0.000	0.696
neutral	0.078	0.007	0.003	0.001	0.292	0.000	0.619
neutral	0.047	0.002	0.002	0.000	0.235	0.000	0.713
neutral	0.069	0.001	0.004	0.000	0.258	0.000	0.668
neutral	0.070	0.001	0.007	0.000	0.321	0.001	0.600
neutral	0.060	0.001	0.003	0.001	0.327	0.000	0.608
neutral	0.058	0.001	0.005	0.001	0.353	0.000	0.581
neutral	0.035	0.001	0.004	0.001	0.274	0.000	0.685
neutral	0.149	0.001	0.004	0.001	0.246	0.000	0.599
neutral	0.140	0.000	0.005	0.002	0.239	0.000	0.615
neutral	0.232	0.001	0.003	0.001	0.269	0.000	0.494
neutral	0.117	0.000	0.005	0.001	0.285	0.000	0.592
neutral	0.042	0.001	0.004	0.001	0.175	0.000	0.777
neutral	0.036	0.001	0.005	0.001	0.193	0.000	0.764
neutral	0.018	0.000	0.003	0.001	0.229	0.000	0.748
neutral	0.053	0.002	0.004	0.001	0.254	0.000	0.686
neutral	0.051	0.002	0.003	0.000	0.222	0.000	0.721
neutral	0.056	0.001	0.004	0.000	0.173	0.000	0.765
neutral	0.087	0.002	0.005	0.001	0.225	0.000	0.681
neutral	0.042	0.001	0.004	0.001	0.180	0.000	0.772
neutral	0.080	0.002	0.004	0.001	0.252	0.000	0.660
neutral	0.056	0.001	0.007	0.001	0.319	0.000	0.616
neutral	0.066	0.002	0.005	0.001	0.342	0.000	0.585
neutral	0.022	0.000	0.005	0.001	0.198	0.000	0.773
neutral	0.036	0.001	0.003	0.001	0.176	0.000	0.784
neutral	0.076	0.003	0.004	0.000	0.353	0.000	0.564
neutral	0.043	0.001	0.004	0.000	0.239	0.000	0.714
neutral	0.022	0.001	0.005	0.001	0.257	0.000	0.714
neutral	0.227	0.001	0.005	0.001	0.262	0.000	0.504
neutral	0.221	0.004	0.004	0.001	0.281	0.002	0.488
neutral	0.090	0.000	0.003	0.001	0.299	0.000	0.606
neutral	0.086	0.001	0.004	0.001	0.272	0.000	0.636
neutral	0.103	0.001	0.006	0.000	0.370	0.000	0.519
neutral	0.079	0.002	0.005	0.000	0.357	0.000	0.557
neutral	0.090	0.005	0.003	0.000	0.266	0.000	0.636
neutral	0.037	0.000	0.003	0.000	0.257	0.000	0.702
neutral	0.058	0.001	0.004	0.002	0.142	0.000	0.793
neutral	0.170	0.000	0.004	0.001	0.280	0.000	0.545
neutral	0.225	0.003	0.004	0.001	0.205	0.000	0.561
neutral	0.263	0.002	0.002	0.001	0.170	0.001	0.561
neutral	0.235	0.002	0.004	0.001	0.164	0.001	0.592
neutral	0.140	0.001	0.004	0.001	0.205	0.001	0.647
neutral	0.100	0.001	0.004	0.001	0.220	0.000	0.674
neutral	0.257	0.003	0.003	0.001	0.251	0.001	0.483
neutral	0.202	0.002	0.004	0.002	0.167	0.001	0.622
neutral	0.177	0.001	0.005	0.001	0.183	0.000	0.633
neutral	0.157	0.001	0.006	0.001	0.243	0.000	0.592
neutral	0.158	0.000	0.006	0.001	0.180	0.000	0.654
neutral	0.080	0.000	0.005	0.002	0.118	0.001	0.794
neutral	0.177	0.001	0.007	0.001	0.218	0.001	0.596
neutral	0.170	0.000	0.005	0.001	0.176	0.000	0.646
neutral	0.168	0.000	0.004	0.001	0.178	0.000	0.648
neutral	0.159	0.000	0.003	0.002	0.161	0.000	0.675
neutral	0.132	0.000	0.003	0.001	0.174	0.000	0.690
neutral	0.032	0.002	0.005	0.001	0.259	0.000	0.701
neutral	0.043	0.002	0.005	0.000	0.236	0.000	0.713
neutral	0.120	0.002	0.003	0.001	0.164	0.000	0.710
neutral	0.041	0.001	0.003	0.001	0.164	0.000	0.791
neutral	0.061	0.002	0.004	0.001	0.258	0.000	0.673
neutral	0.087	0.006	0.007	0.001	0.358	0.000	0.541
neutral	0.044	0.002	0.003	0.001	0.255	0.000	0.695
neutral	0.069	0.001	0.004	0.001	0.195	0.000	0.729
neutral	0.064	0.003	0.004	0.000	0.233	0.000	0.696
neutral	0.073	0.002	0.004	0.000	0.249	0.000	0.672
neutral	0.067	0.002	0.004	0.001	0.229	0.000	0.697
neutral	0.058	0.004	0.004	0.001	0.257	0.000	0.677
neutral	0.050	0.003	0.004	0.001	0.258	0.000	0.682
neutral	0.030	0.001	0.003	0.000	0.256	0.000	0.709
neutral	0.057	0.005	0.005	0.001	0.219	0.000	0.714
neutral	0.076	0.006	0.004	0.001	0.260	0.000	0.654
neutral	0.033	0.001	0.004	0.001	0.145	0.000	0.816
neutral	0.092	0.005	0.005	0.001	0.248	0.000	0.647
neutral	0.028	0.000	0.006	0.001	0.173	0.000	0.793
neutral	0.065	0.001	0.003	0.001	0.122	0.001	0.807
neutral	0.133	0.001	0.005	0.001	0.195	0.000	0.666
neutral	0.125	0.002	0.005	0.001	0.201	0.000	0.664
neutral	0.113	0.001	0.006	0.001	0.239	0.000	0.639
neutral	0.085	0.001	0.003	0.001	0.107	0.000	0.803
neutral	0.111	0.000	0.005	0.002	0.124	0.000	0.758
neutral	0.098	0.000	0.003	0.001	0.083	0.000	0.814
neutral	0.093	0.000	0.003	0.001	0.125	0.000	0.777
neutral	0.062	0.001	0.003	0.001	0.115	0.000	0.818
neutral	0.077	0.003	0.004	0.001	0.263	0.000	0.654
neutral	0.052	0.001	0.005	0.001	0.257	0.000	0.685
neutral	0.051	0.001	0.003	0.001	0.211	0.000	0.733
neutral	0.060	0.002	0.004	0.000	0.281	0.000	0.652
neutral	0.072	0.003	0.004	0.000	0.224	0.000	0.697
neutral	0.063	0.004	0.006	0.001	0.300	0.000	0.625
neutral	0.059	0.004	0.005	0.001	0.229	0.000	0.703
neutral	0.063	0.002	0.006	0.002	0.265	0.000	0.662
neutral	0.088	0.007	0.005	0.001	0.168	0.000	0.732
neutral	0.044	0.003	0.004	0.002	0.217	0.000	0.731
neutral	0.039	0.002	0.006	0.001	0.226	0.000	0.727
neutral	0.057	0.003	0.005	0.002	0.216	0.000	0.717
neutral	0.080	0.004	0.003	0.001	0.198	0.000	0.713
neutral	0.059	0.003	0.005	0.001	0.265	0.001	0.666
neutral	0.023	0.000	0.003	0.001	0.256	0.000	0.716
neutral	0.053	0.004	0.004	0.000	0.332	0.000	0.607
neutral	0.025	0.001	0.004	0.001	0.184	0.000	0.784
neutral	0.062	0.004	0.005	0.001	0.296	0.000	0.632
neutral	0.033	0.002	0.006	0.001	0.333	0.000	0.625
neutral	0.038	0.002	0.004	0.001	0.232	0.000	0.722
neutral	0.032	0.003	0.006	0.001	0.229	0.000	0.729
neutral	0.043	0.002	0.006	0.001	0.350	0.000	0.598
neutral	0.076	0.002	0.004	0.001	0.447	0.000	0.470
sad	0.121	0.006	0.004	0.001	0.436	0.000	0.433
neutral	0.059	0.002	0.003	0.001	0.356	0.000	0.578
neutral	0.034	0.001	0.006	0.001	0.270	0.000	0.687
neutral	0.043	0.001	0.005	0.002	0.253	0.000	0.696
neutral	0.038	0.001	0.004	0.002	0.274	0.000	0.681
neutral	0.036	0.001	0.005	0.001	0.315	0.000	0.642
neutral	0.048	0.004	0.005	0.002	0.316	0.000	0.625
neutral	0.066	0.000	0.004	0.003	0.169	0.000	0.758
neutral	0.105	0.000	0.004	0.003	0.191	0.000	0.697
neutral	0.135	0.001	0.003	0.002	0.229	0.000	0.629
neutral	0.100	0.002	0.005	0.001	0.419	0.000	0.473
neutral	0.097	0.008	0.006	0.001	0.297	0.000	0.593
neutral	0.051	0.002	0.006	0.001	0.246	0.000	0.694
neutral	0.053	0.001	0.005	0.002	0.214	0.000	0.725
neutral	0.076	0.003	0.005	0.001	0.285	0.000	0.630
neutral	0.055	0.002	0.005	0.001	0.256	0.000	0.681
neutral	0.098	0.002	0.004	0.001	0.242	0.000	0.654
neutral	0.054	0.001	0.004	0.000	0.212	0.000	0.729
neutral	0.038	0.001	0.003	0.000	0.125	0.000	0.833
neutral	0.060	0.001	0.003	0.000	0.194	0.000	0.743
neutral	0.064	0.002	0.005	0.001	0.178	0.000	0.750
neutral	0.056	0.001	0.002	0.000	0.174	0.000	0.765
neutral	0.093	0.001	0.003	0.000	0.231	0.000	0.672
neutral	0.061	0.001	0.003	0.000	0.227	0.000	0.708
neutral	0.103	0.005	0.004	0.000	0.332	0.000	0.555
neutral	0.060	0.002	0.004	0.000	0.267	0.000	0.667
neutral	0.058	0.001	0.003	0.001	0.257	0.000	0.681
neutral	0.053	0.000	0.002	0.000	0.156	0.000	0.789
neutral	0.062	0.001	0.002	0.000	0.193	0.000	0.742
neutral	0.063	0.001	0.003	0.000	0.194	0.000	0.739
neutral	0.059	0.001	0.003	0.001	0.210	0.000	0.727
neutral	0.051	0.001	0.003	0.000	0.178	0.000	0.768
neutral	0.084	0.005	0.006	0.000	0.296	0.000	0.610
neutral	0.090	0.005	0.006	0.000	0.275	0.000	0.624
neutral	0.020	0.000	0.002	0.000	0.194	0.000	0.783
neutral	0.138	0.000	0.002	0.001	0.158	0.000	0.701
neutral	0.222	0.000	0.002	0.000	0.218	0.000	0.557
neutral	0.131	0.000	0.003	0.001	0.144	0.000	0.721
neutral	0.123	0.001	0.005	0.001	0.157	0.000	0.714
neutral	0.110	0.000	0.003	0.001	0.185	0.000	0.701
neutral	0.139	0.000	0.004	0.001	0.113	0.000	0.743
neutral	0.069	0.001	0.003	0.001	0.221	0.000	0.705
neutral	0.042	0.000	0.002	0.000	0.113	0.000	0.842
neutral	0.061	0.000	0.003	0.000	0.138	0.000	0.796
neutral	0.065	0.001	0.004	0.000	0.179	0.000	0.752
neutral	0.069	0.001	0.003	0.001	0.179	0.000	0.747
neutral	0.079	0.001	0.003	0.000	0.194	0.000	0.722
neutral	0.065	0.001	0.005	0.001	0.180	0.000	0.747
neutral	0.152	0.001	0.006	0.001	0.186	0.000	0.654
neutral	0.185	0.000	0.004	0.001	0.154	0.000	0.656
neutral	0.054	0.000	0.003	0.001	0.076	0.000	0.866
neutral	0.170	0.000	0.003	0.001	0.098	0.001	0.727
neutral	0.167	0.000	0.005	0.001	0.111	0.002	0.713
neutral	0.124	0.000	0.002	0.001	0.080	0.000	0.792
neutral	0.146	0.000	0.003	0.002	0.136	0.002	0.712
neutral	0.062	0.000	0.002	0.001	0.087	0.000	0.848
neutral	0.096	0.000	0.004	0.002	0.125	0.001	0.772
neutral	0.173	0.004	0.010	0.001	0.220	0.001	0.591
neutral	0.058	0.000	0.004	0.001	0.196	0.000	0.741
neutral	0.069	0.000	0.002	0.001	0.195	0.000	0.733
neutral	0.075	0.000	0.002	0.000	0.159	0.000	0.763
neutral	0.079	0.000	0.003	0.001	0.160	0.000	0.758
neutral	0.078	0.001	0.005	0.001	0.211	0.000	0.704
neutral	0.085	0.002	0.004	0.000	0.208	0.000	0.699
neutral	0.069	0.001	0.002	0.000	0.158	0.000	0.770
neutral	0.053	0.004	0.006	0.002	0.122	0.000	0.812
neutral	0.033	0.014	0.002	0.007	0.040	0.000	0.903
neutral	0.041	0.010	0.002	0.076	0.013	0.002	0.857
neutral	0.010	0.001	0.000	0.128	0.006	0.000	0.854
neutral	0.008	0.001	0.001	0.352	0.002	0.001	0.635
neutral	0.011	0.001	0.001	0.328	0.003	0.002	0.655
neutral	0.010	0.001	0.001	0.446	0.002	0.002	0.538
neutral	0.009	0.001	0.001	0.427	0.002	0.001	0.558
happy	0.008	0.001	0.001	0.658	0.003	0.000	0.329
happy	0.003	0.000	0.000	0.780	0.001	0.000	0.215
happy	0.003	0.000	0.000	0.703	0.001	0.000	0.292
happy	0.004	0.001	0.001	0.787	0.001	0.001	0.206
happy	0.001	0.000	0.000	0.968	0.000	0.002	0.029
happy	0.000	0.000	0.000	0.982	0.000	0.000	0.017
happy	0.000	0.000	0.000	0.993	0.000	0.000	0.006
happy	0.001	0.000	0.000	0.996	0.000	0.000	0.003
happy	0.001	0.000	0.000	0.988	0.000	0.000	0.010
happy	0.000	0.000	0.000	0.993	0.000	0.000	0.006
happy	0.000	0.000	0.000	0.996	0.000	0.000	0.003
happy	0.001	0.000	0.000	0.990	0.000	0.000	0.008
happy	0.001	0.000	0.000	0.994	0.000	0.000	0.005
happy	0.001	0.000	0.000	0.991	0.000	0.000	0.007
happy	0.002	0.001	0.000	0.981	0.000	0.000	0.015
happy	0.002	0.001	0.000	0.981	0.000	0.000	0.015
happy	0.002	0.002	0.000	0.965	0.000	0.000	0.030
happy	0.003	0.002	0.000	0.957	0.000	0.000	0.037
happy	0.003	0.003	0.000	0.962	0.001	0.000	0.030
happy	0.004	0.002	0.000	0.953	0.001	0.001	0.040
happy	0.007	0.004	0.001	0.891	0.003	0.000	0.093
happy	0.002	0.001	0.000	0.904	0.000	0.000	0.092
happy	0.001	0.000	0.000	0.884	0.000	0.001	0.113
happy	0.001	0.000	0.000	0.921	0.000	0.002	0.075
happy	0.002	0.001	0.000	0.867	0.001	0.001	0.128
happy	0.001	0.001	0.000	0.911	0.000	0.001	0.086
happy	0.002	0.001	0.000	0.941	0.000	0.001	0.055
happy	0.008	0.014	0.001	0.731	0.002	0.002	0.242
happy	0.011	0.009	0.001	0.741	0.003	0.002	0.234
happy	0.005	0.002	0.001	0.867	0.001	0.002	0.123
happy	0.013	0.007	0.001	0.765	0.002	0.003	0.209
happy	0.005	0.001	0.001	0.830	0.001	0.001	0.161
happy	0.007	0.002	0.001	0.726	0.002	0.001	0.262
happy	0.007	0.006	0.001	0.726	0.002	0.001	0.257
happy	0.007	0.005	0.001	0.567	0.003	0.001	0.417
happy	0.012	0.010	0.001	0.703	0.003	0.001	0.269
happy	0.017	0.006	0.001	0.657	0.005	0.002	0.311
neutral	0.013	0.008	0.001	0.204	0.005	0.001	0.770
neutral	0.042	0.004	0.001	0.040	0.013	0.000	0.899
neutral	0.146	0.016	0.002	0.021	0.038	0.001	0.775
neutral	0.152	0.011	0.002	0.014	0.041	0.001	0.777
neutral	0.020	0.014	0.005	0.030	0.046	0.000	0.885
neutral	0.023	0.006	0.005	0.076	0.039	0.001	0.850
neutral	0.028	0.005	0.001	0.054	0.010	0.000	0.902
neutral	0.024	0.003	0.001	0.084	0.007	0.000	0.880
neutral	0.031	0.002	0.002	0.073	0.015	0.001	0.876
neutral	0.034	0.002	0.001	0.099	0.006	0.000	0.858
neutral	0.036	0.005	0.001	0.062	0.007	0.000	0.889
neutral	0.031	0.001	0.001	0.111	0.006	0.001	0.849
neutral	0.040	0.002	0.001	0.128	0.010	0.001	0.818
neutral	0.043	0.002	0.001	0.099	0.007	0.001	0.847
neutral	0.037	0.003	0.001	0.136	0.010	0.001	0.812
neutral	0.016	0.003	0.001	0.109	0.006	0.001	0.865
neutral	0.018	0.002	0.001	0.164	0.005	0.001	0.809
neutral	0.017	0.002	0.001	0.203	0.005	0.000	0.772
neutral	0.018	0.001	0.001	0.109	0.004	0.001	0.865
neutral	0.012	0.001	0.001	0.284	0.004	0.001	0.697
neutral	0.005	0.000	0.000	0.292	0.002	0.000	0.700
neutral	0.009	0.002	0.001	0.245	0.005	0.000	0.738
neutral	0.009	0.001	0.001	0.474	0.003	0.001	0.511
happy	0.015	0.001	0.001	0.579	0.003	0.001	0.399
happy	0.005	0.003	0.001	0.613	0.003	0.001	0.375
neutral	0.007	0.011	0.001	0.187	0.007	0.001	0.786
neutral	0.012	0.026	0.002	0.421	0.009	0.001	0.530
neutral	0.018	0.020	0.002	0.304	0.014	0.000	0.643
happy	0.010	0.008	0.003	0.585	0.008	0.001	0.386
happy	0.011	0.014	0.003	0.550	0.010	0.001	0.412
neutral	0.014	0.028	0.003	0.401	0.013	0.001	0.541
neutral	0.015	0.046	0.003	0.332	0.017	0.001	0.585
neutral	0.013	0.044	0.003	0.265	0.017	0.001	0.658
happy	0.020	0.025	0.004	0.509	0.030	0.000	0.411
neutral	0.017	0.032	0.003	0.323	0.011	0.001	0.614
neutral	0.012	0.006	0.002	0.314	0.005	0.001	0.660
happy	0.018	0.009	0.002	0.493	0.006	0.001	0.470
neutral	0.017	0.008	0.001	0.376	0.007	0.001	0.589
neutral	0.015	0.018	0.002	0.267	0.015	0.001	0.682
neutral	0.009	0.044	0.003	0.259	0.012	0.000	0.672
neutral	0.019	0.010	0.002	0.066	0.019	0.000	0.884
neutral	0.042	0.051	0.003	0.040	0.037	0.000	0.827
neutral	0.123	0.045	0.002	0.008	0.074	0.000	0.747
neutral	0.075	0.045	0.002	0.009	0.065	0.000	0.804
neutral	0.037	0.047	0.002	0.012	0.031	0.000	0.870
neutral	0.097	0.027	0.002	0.005	0.083	0.000	0.786
neutral	0.027	0.023	0.001	0.008	0.033	0.000	0.909
neutral	0.033	0.038	0.003	0.011	0.041	0.000	0.875
neutral	0.041	0.060	0.003	0.007	0.044	0.000	0.845
neutral	0.042	0.018	0.003	0.009	0.072	0.000	0.855
neutral	0.031	0.027	0.002	0.004	0.041	0.000	0.896
neutral	0.035	0.012	0.002	0.007	0.043	0.000	0.901
neutral	0.035	0.008	0.002	0.008	0.041	0.000	0.906
neutral	0.042	0.007	0.002	0.004	0.059	0.000	0.886
neutral	0.031	0.004	0.002	0.007	0.043	0.000	0.914
neutral	0.038	0.002	0.002	0.007	0.045	0.000	0.905
neutral	0.058	0.003	0.002	0.004	0.034	0.000	0.899
neutral	0.041	0.006	0.003	0.006	0.057	0.000	0.887
neutral	0.029	0.003	0.003	0.009	0.073	0.000	0.882
neutral	0.034	0.002	0.002	0.011	0.042	0.000	0.909
neutral	0.036	0.002	0.002	0.005	0.041	0.000	0.915
neutral	0.039	0.002	0.002	0.007	0.034	0.000	0.916
neutral	0.044	0.002	0.002	0.005	0.018	0.000	0.929
neutral	0.048	0.001	0.002	0.004	0.047	0.000	0.898
neutral	0.038	0.001	0.002	0.004	0.053	0.000	0.902
neutral	0.027	0.001	0.002	0.003	0.051	0.000	0.916
neutral	0.032	0.001	0.002	0.002	0.049	0.000	0.915
neutral	0.027	0.001	0.006	0.006	0.093	0.000	0.867
neutral	0.028	0.001	0.004	0.003	0.125	0.000	0.838
neutral	0.040	0.001	0.002	0.003	0.068	0.000	0.886
neutral	0.049	0.000	0.005	0.007	0.157	0.000	0.782
neutral	0.022	0.000	0.003	0.004	0.084	0.000	0.887
neutral	0.047	0.002	0.003	0.004	0.080	0.000	0.865
neutral	0.063	0.003	0.003	0.002	0.101	0.000	0.829
neutral	0.042	0.002	0.002	0.001	0.081	0.000	0.872
neutral	0.063	0.001	0.002	0.002	0.102	0.000	0.831
neutral	0.098	0.003	0.002	0.002	0.065	0.000	0.830
neutral	0.069	0.004	0.002	0.002	0.067	0.000	0.856
neutral	0.089	0.001	0.003	0.001	0.106	0.000	0.801
neutral	0.033	0.002	0.003	0.001	0.077	0.000	0.883
neutral	0.074	0.002	0.002	0.001	0.115	0.000	0.805
neutral	0.041	0.002	0.002	0.001	0.094	0.000	0.859
neutral	0.063	0.002	0.003	0.001	0.097	0.000	0.833
neutral	0.161	0.000	0.002	0.003	0.104	0.000	0.729
neutral	0.201	0.001	0.003	0.002	0.115	0.001	0.678
neutral	0.235	0.001	0.002	0.002	0.074	0.000	0.686
neutral	0.201	0.000	0.002	0.002	0.077	0.000	0.717
neutral	0.207	0.000	0.002	0.003	0.084	0.000	0.704
neutral	0.187	0.000	0.002	0.002	0.067	0.000	0.743
neutral	0.151	0.001	0.002	0.002	0.052	0.000	0.793
neutral	0.225	0.000	0.003	0.001	0.110	0.000	0.660
neutral	0.331	0.002	0.002	0.002	0.043	0.000	0.620
neutral	0.399	0.002	0.002	0.002	0.057	0.000	0.538
neutral	0.434	0.002	0.002	0.001	0.052	0.000	0.508
neutral	0.261	0.002	0.002	0.002	0.035	0.000	0.697
neutral	0.029	0.001	0.002	0.001	0.080	0.000	0.885
neutral	0.048	0.003	0.003	0.004	0.072	0.000	0.871
neutral	0.048	0.003	0.004	0.002	0.067	0.000	0.877
neutral	0.044	0.002	0.005	0.003	0.072	0.000	0.874
neutral	0.028	0.002	0.002	0.005	0.066	0.000	0.897
neutral	0.063	0.003	0.003	0.005	0.065	0.000	0.862
neutral	0.048	0.002	0.004	0.005	0.094	0.000	0.846
neutral	0.027	0.000	0.003	0.006	0.097	0.000	0.865
neutral	0.055	0.001	0.002	0.002	0.056	0.000	0.884
neutral	0.052	0.001	0.002	0.003	0.073	0.000	0.868
neutral	0.036	0.002	0.004	0.004	0.100	0.000	0.854
neutral	0.054	0.002	0.002	0.004	0.072	0.000	0.865
neutral	0.063	0.002	0.003	0.006	0.087	0.000	0.839
neutral	0.093	0.002	0.004	0.008	0.083	0.001	0.810
neutral	0.042	0.002	0.003	0.005	0.135	0.000	0.814
neutral	0.044	0.001	0.003	0.004	0.097	0.000	0.850
neutral	0.039	0.004	0.003	0.003	0.064	0.000	0.887
neutral	0.063	0.001	0.004	0.004	0.070	0.000	0.859
neutral	0.059	0.002	0.002	0.006	0.041	0.000	0.890
neutral	0.038	0.005	0.003	0.012	0.044	0.000	0.898
neutral	0.049	0.005	0.002	0.015	0.054	0.000	0.875
neutral	0.041	0.002	0.003	0.011	0.047	0.000	0.896
neutral	0.035	0.001	0.004	0.003	0.059	0.000	0.898
neutral	0.030	0.002	0.003	0.008	0.043	0.001	0.914
neutral	0.044	0.001	0.004	0.004	0.065	0.000	0.882
neutral	0.036	0.001	0.003	0.002	0.061	0.000	0.897
neutral	0.043	0.001	0.005	0.002	0.104	0.000	0.845
neutral	0.056	0.001	0.004	0.001	0.110	0.000	0.828
neutral	0.045	0.000	0.003	0.001	0.104	0.000	0.846
neutral	0.047	0.000	0.004	0.001	0.121	0.000	0.825
neutral	0.046	0.001	0.005	0.004	0.075	0.000	0.868
neutral	0.037	0.001	0.003	0.003	0.087	0.000	0.869
neutral	0.034	0.000	0.004	0.001	0.129	0.000	0.832
neutral	0.068	0.001	0.004	0.002	0.137	0.000	0.789
neutral	0.041	0.001	0.004	0.002	0.086	0.000	0.866
neutral	0.053	0.001	0.004	0.002	0.118	0.000	0.823
neutral	0.048	0.001	0.006	0.002	0.098	0.001	0.844
neutral	0.065	0.000	0.001	0.001	0.061	0.000	0.872
neutral	0.096	0.000	0.001	0.001	0.041	0.001	0.860
neutral	0.087	0.000	0.001	0.001	0.054	0.000	0.856
neutral	0.098	0.000	0.002	0.002	0.054	0.001	0.843
neutral	0.110	0.000	0.002	0.002	0.052	0.001	0.832
neutral	0.108	0.000	0.001	0.002	0.065	0.000	0.824
neutral	0.145	0.000	0.001	0.001	0.072	0.000	0.781
neutral	0.111	0.001	0.001	0.001	0.071	0.000	0.815
neutral	0.246	0.000	0.001	0.001	0.074	0.000	0.677
neutral	0.056	0.001	0.001	0.002	0.026	0.000	0.914
neutral	0.051	0.002	0.001	0.005	0.022	0.000	0.920
neutral	0.014	0.001	0.001	0.105	0.008	0.000	0.871
happy	0.001	0.000	0.000	0.812	0.001	0.001	0.185
happy	0.000	0.000	0.000	0.976	0.000	0.000	0.023
happy	0.000	0.000	0.000	0.994	0.000	0.000	0.006
happy	0.000	0.000	0.000	0.998	0.000	0.000	0.001
happy	0.000	0.000	0.000	0.998	0.000	0.000	0.002
happy	0.000	0.000	0.000	0.998	0.000	0.000	0.002
happy	0.000	0.000	0.000	0.998	0.000	0.000	0.002
happy	0.000	0.000	0.000	0.997	0.000	0.000	0.002
happy	0.000	0.000	0.000	0.998	0.000	0.000	0.002
happy	0.000	0.000	0.000	0.997	0.000	0.000	0.002
happy	0.000	0.000	0.000	0.999	0.000	0.000	0.001
happy	0.000	0.000	0.000	0.996	0.000	0.000	0.003
happy	0.000	0.000	0.000	0.999	0.000	0.000	0.001
happy	0.000	0.000	0.000	0.999	0.000	0.000	0.001
happy	0.000	0.000	0.000	0.997	0.000	0.001	0.003
happy	0.000	0.000	0.000	0.997	0.000	0.001	0.003
happy	0.000	0.000	0.000	0.999	0.000	0.000	0.001
happy	0.000	0.000	0.000	0.994	0.000	0.000	0.005
happy	0.000	0.000	0.000	0.997	0.000	0.000	0.003
happy	0.000	0.000	0.000	0.998	0.000	0.000	0.002
happy	0.000	0.000	0.000	0.999	0.000	0.000	0.001
happy	0.000	0.000	0.000	0.996	0.000	0.000	0.003
happy	0.000	0.000	0.000	0.997	0.000	0.000	0.003
happy	0.000	0.000	0.000	0.997	0.000	0.000	0.002
happy	0.000	0.000	0.000	0.997	0.000	0.000	0.002
happy	0.000	0.000	0.000	0.994	0.000	0.001	0.005
happy	0.000	0.000	0.000	0.992	0.000	0.001	0.007
happy	0.001	0.000	0.000	0.993	0.000	0.001	0.005
happy	0.000	0.000	0.000	0.998	0.000	0.000	0.001
happy	0.000	0.000	0.000	0.998	0.000	0.000	0.001
happy	0.000	0.000	0.000	0.997	0.000	0.000	0.002
happy	0.001	0.000	0.000	0.996	0.000	0.000	0.003
happy	0.001	0.000	0.000	0.991	0.000	0.000	0.007
happy	0.001	0.000	0.000	0.992	0.000	0.000	0.006
happy	0.002	0.000	0.000	0.978	0.000	0.000	0.019
happy	0.001	0.000	0.000	0.963	0.000	0.000	0.035
happy	0.001	0.000	0.000	0.972	0.000	0.000	0.026
happy	0.002	0.000	0.000	0.963	0.000	0.001	0.034
happy	0.002	0.001	0.000	0.927	0.000	0.002	0.067
happy	0.003	0.003	0.001	0.926	0.001	0.001	0.066
happy	0.014	0.016	0.003	0.589	0.006	0.001	0.373
happy	0.002	0.002	0.000	0.934	0.000	0.001	0.061
happy	0.001	0.000	0.000	0.948	0.000	0.001	0.050
happy	0.001	0.000	0.000	0.937	0.000	0.000	0.061
happy	0.004	0.001	0.000	0.897	0.000	0.002	0.096
happy	0.003	0.001	0.000	0.884	0.000	0.001	0.111
happy	0.004	0.001	0.000	0.910	0.000	0.001	0.084
happy	0.005	0.002	0.001	0.762	0.001	0.002	0.227
happy	0.003	0.001	0.000	0.822	0.000	0.001	0.172
happy	0.003	0.000	0.000	0.853	0.000	0.001	0.143
happy	0.003	0.000	0.000	0.828	0.000	0.001	0.168
happy	0.006	0.000	0.000	0.758	0.001	0.000	0.235
happy	0.003	0.000	0.000	0.635	0.001	0.000	0.362
happy	0.002	0.000	0.000	0.704	0.000	0.000	0.292
happy	0.006	0.000	0.000	0.736	0.001	0.000	0.256
happy	0.011	0.000	0.000	0.561	0.002	0.000	0.425
happy	0.008	0.000	0.000	0.724	0.001	0.000	0.267
happy	0.004	0.000	0.000	0.795	0.001	0.000	0.200
happy	0.005	0.000	0.000	0.675	0.001	0.000	0.319
happy	0.004	0.000	0.000	0.731	0.000	0.000	0.264
happy	0.010	0.000	0.001	0.671	0.005	0.000	0.313
happy	0.010	0.003	0.002	0.619	0.003	0.000	0.363
happy	0.022	0.004	0.001	0.500	0.003	0.000	0.469
happy	0.015	0.001	0.001	0.614	0.002	0.000	0.367
happy	0.004	0.000	0.001	0.695	0.001	0.001	0.297
neutral	0.029	0.001	0.001	0.395	0.003	0.000	0.570
neutral	0.027	0.002	0.001	0.306	0.004	0.000	0.658
neutral	0.031	0.002	0.002	0.251	0.006	0.001	0.708
neutral	0.039	0.002	0.002	0.303	0.005	0.001	0.648
happy	0.011	0.001	0.001	0.596	0.002	0.000	0.389
neutral	0.030	0.002	0.003	0.325	0.009	0.001	0.631
neutral	0.019	0.002	0.002	0.362	0.005	0.000	0.610
neutral	0.013	0.000	0.003	0.161	0.017	0.000	0.806
neutral	0.011	0.001	0.002	0.379	0.005	0.000	0.601
neutral	0.017	0.004	0.002	0.353	0.008	0.000	0.614
neutral	0.017	0.003	0.002	0.289	0.006	0.001	0.683
neutral	0.011	0.002	0.002	0.313	0.004	0.001	0.666
neutral	0.017	0.003	0.003	0.239	0.006	0.000	0.732
happy	0.006	0.002	0.001	0.763	0.001	0.000	0.227
happy	0.008	0.001	0.001	0.610	0.001	0.001	0.379
happy	0.012	0.001	0.001	0.526	0.002	0.000	0.456
neutral	0.010	0.002	0.001	0.490	0.003	0.000	0.493
happy	0.007	0.000	0.000	0.594	0.001	0.000	0.397
neutral	0.006	0.000	0.000	0.476	0.001	0.001	0.516
happy	0.004	0.000	0.000	0.748	0.000	0.001	0.246
happy	0.010	0.000	0.000	0.655	0.001	0.000	0.333
happy	0.005	0.000	0.000	0.726	0.000	0.000	0.268
happy	0.007	0.000	0.000	0.605	0.001	0.000	0.386
happy	0.007	0.000	0.000	0.700	0.000	0.000	0.293
happy	0.007	0.000	0.000	0.637	0.000	0.001	0.355
happy	0.012	0.000	0.000	0.590	0.000	0.000	0.397
happy	0.008	0.000	0.000	0.579	0.000	0.000	0.412
neutral	0.014	0.000	0.000	0.320	0.001	0.001	0.664
neutral	0.018	0.000	0.001	0.315	0.001	0.000	0.665
happy	0.010	0.000	0.001	0.719	0.001	0.001	0.270
neutral	0.012	0.005	0.001	0.438	0.003	0.000	0.540
neutral	0.021	0.006	0.003	0.355	0.005	0.000	0.610
happy	0.019	0.002	0.001	0.508	0.003	0.000	0.466
neutral	0.015	0.000	0.002	0.239	0.012	0.000	0.731
neutral	0.014	0.002	0.001	0.156	0.003	0.000	0.823
neutral	0.013	0.001	0.001	0.256	0.002	0.000	0.726
neutral	0.012	0.001	0.001	0.436	0.002	0.001	0.547
neutral	0.018	0.002	0.001	0.284	0.005	0.000	0.690
neutral	0.007	0.001	0.001	0.245	0.002	0.000	0.744
happy	0.006	0.001	0.001	0.592	0.001	0.000	0.399
neutral	0.011	0.002	0.001	0.356	0.002	0.001	0.628
neutral	0.009	0.000	0.000	0.292	0.001	0.000	0.697
neutral	0.007	0.000	0.000	0.236	0.001	0.000	0.755
neutral	0.005	0.001	0.000	0.277	0.001	0.000	0.716
neutral	0.007	0.001	0.001	0.399	0.002	0.000	0.589
neutral	0.006	0.001	0.001	0.370	0.002	0.000	0.621
happy	0.004	0.001	0.000	0.533	0.001	0.000	0.460
neutral	0.006	0.000	0.001	0.332	0.002	0.000	0.658
happy	0.007	0.001	0.001	0.560	0.001	0.001	0.430
happy	0.006	0.001	0.001	0.701	0.001	0.001	0.290
happy	0.004	0.001	0.001	0.740	0.001	0.001	0.253
happy	0.009	0.001	0.001	0.763	0.001	0.004	0.221
happy	0.007	0.002	0.001	0.749	0.002	0.004	0.236
happy	0.006	0.002	0.002	0.812	0.004	0.001	0.174
happy	0.007	0.011	0.002	0.741	0.003	0.001	0.236
happy	0.005	0.002	0.001	0.774	0.001	0.003	0.214
happy	0.007	0.001	0.001	0.800	0.001	0.001	0.189
happy	0.011	0.002	0.001	0.828	0.001	0.003	0.154
happy	0.005	0.002	0.001	0.844	0.003	0.000	0.144
happy	0.005	0.006	0.000	0.754	0.001	0.001	0.232
happy	0.013	0.003	0.002	0.662	0.003	0.003	0.315
happy	0.007	0.002	0.001	0.745	0.001	0.001	0.242
happy	0.009	0.003	0.001	0.634	0.002	0.001	0.350
happy	0.007	0.001	0.000	0.769	0.001	0.001	0.221
happy	0.036	0.002	0.005	0.609	0.005	0.016	0.326
happy	0.011	0.001	0.000	0.774	0.001	0.002	0.211
happy	0.009	0.001	0.000	0.838	0.001	0.001	0.151
happy	0.009	0.002	0.000	0.835	0.001	0.001	0.153
happy	0.016	0.002	0.001	0.801	0.001	0.001	0.177
happy	0.017	0.003	0.001	0.719	0.001	0.003	0.256
happy	0.007	0.005	0.000	0.655	0.002	0.001	0.331
happy	0.011	0.005	0.001	0.755	0.003	0.000	0.226
happy	0.014	0.004	0.001	0.654	0.003	0.001	0.323
happy	0.008	0.002	0.003	0.702	0.009	0.001	0.275
happy	0.018	0.014	0.005	0.670	0.009	0.001	0.283
happy	0.015	0.031	0.002	0.720	0.004	0.001	0.227
happy	0.015	0.015	0.004	0.648	0.005	0.002	0.311
happy	0.010	0.012	0.003	0.623	0.005	0.002	0.346
happy	0.011	0.007	0.002	0.781	0.004	0.001	0.193
neutral	0.014	0.034	0.005	0.439	0.013	0.001	0.495
happy	0.009	0.014	0.004	0.555	0.006	0.001	0.411
happy	0.007	0.015	0.002	0.499	0.008	0.001	0.468
neutral	0.012	0.024	0.003	0.441	0.008	0.001	0.510
neutral	0.015	0.011	0.002	0.445	0.006	0.000	0.521
neutral	0.019	0.006	0.002	0.058	0.009	0.001	0.906
neutral	0.071	0.020	0.003	0.013	0.049	0.000	0.844
neutral	0.055	0.006	0.001	0.023	0.008	0.001	0.907
neutral	0.061	0.004	0.001	0.018	0.013	0.000	0.903
neutral	0.038	0.003	0.003	0.035	0.034	0.000	0.886
neutral	0.048	0.004	0.001	0.015	0.021	0.000	0.911
neutral	0.044	0.001	0.001	0.032	0.011	0.000	0.910
neutral	0.047	0.001	0.001	0.054	0.005	0.001	0.891
neutral	0.015	0.003	0.001	0.055	0.005	0.000	0.921
neutral	0.015	0.002	0.001	0.049	0.006	0.000	0.927
neutral	0.014	0.002	0.001	0.057	0.007	0.000	0.918
neutral	0.012	0.002	0.001	0.065	0.009	0.000	0.911
neutral	0.019	0.004	0.001	0.039	0.018	0.000	0.919
neutral	0.027	0.005	0.002	0.064	0.024	0.000	0.877
neutral	0.015	0.025	0.002	0.039	0.019	0.000	0.901
neutral	0.020	0.012	0.002	0.076	0.024	0.000	0.864
neutral	0.031	0.011	0.003	0.044	0.035	0.001	0.876
neutral	0.015	0.003	0.001	0.052	0.008	0.000	0.921
neutral	0.020	0.005	0.002	0.048	0.012	0.000	0.913
neutral	0.022	0.005	0.002	0.040	0.011	0.000	0.920
neutral	0.012	0.001	0.001	0.063	0.011	0.000	0.912
neutral	0.025	0.006	0.003	0.046	0.031	0.000	0.887
neutral	0.015	0.006	0.002	0.051	0.022	0.000	0.905
neutral	0.012	0.010	0.002	0.045	0.018	0.000	0.913
neutral	0.020	0.003	0.004	0.061	0.034	0.000	0.877
neutral	0.013	0.001	0.001	0.071	0.006	0.000	0.908
neutral	0.024	0.002	0.001	0.058	0.007	0.000	0.908
neutral	0.034	0.002	0.001	0.045	0.015	0.000	0.903
neutral	0.026	0.006	0.001	0.026	0.016	0.000	0.924
neutral	0.028	0.005	0.002	0.024	0.016	0.000	0.925
neutral	0.020	0.007	0.002	0.025	0.026	0.000	0.921
neutral	0.028	0.003	0.002	0.029	0.020	0.000	0.918
neutral	0.027	0.021	0.003	0.035	0.034	0.000	0.880
neutral	0.023	0.010	0.003	0.033	0.034	0.000	0.897
neutral	0.027	0.002	0.001	0.041	0.021	0.000	0.908
neutral	0.023	0.004	0.001	0.017	0.022	0.000	0.934
neutral	0.022	0.009	0.002	0.015	0.021	0.000	0.931
neutral	0.020	0.007	0.002	0.027	0.034	0.000	0.910
neutral	0.039	0.015	0.003	0.025	0.044	0.000	0.874
neutral	0.031	0.009	0.002	0.016	0.041	0.000	0.901
neutral	0.029	0.005	0.004	0.015	0.110	0.000	0.837
neutral	0.043	0.005	0.004	0.031	0.058	0.000	0.860
neutral	0.026	0.005	0.002	0.022	0.025	0.000	0.920
neutral	0.037	0.010	0.003	0.022	0.037	0.000	0.892
neutral	0.029	0.001	0.003	0.023	0.063	0.000	0.882
neutral	0.033	0.012	0.003	0.013	0.056	0.000	0.883
neutral	0.044	0.023	0.004	0.022	0.056	0.000	0.851
neutral	0.042	0.007	0.003	0.012	0.040	0.000	0.897
neutral	0.078	0.005	0.002	0.012	0.029	0.000	0.874
neutral	0.083	0.005	0.002	0.025	0.017	0.000	0.869
neutral	0.040	0.002	0.001	0.025	0.011	0.000	0.921
neutral	0.046	0.002	0.001	0.022	0.011	0.000	0.917
neutral	0.046	0.001	0.001	0.014	0.014	0.000	0.925
neutral	0.033	0.001	0.001	0.008	0.012	0.000	0.946
neutral	0.088	0.002	0.002	0.022	0.019	0.001	0.868
neutral	0.115	0.004	0.003	0.018	0.034	0.001	0.825
neutral	0.182	0.003	0.003	0.014	0.065	0.001	0.731
neutral	0.116	0.003	0.003	0.010	0.049	0.000	0.820
neutral	0.041	0.004	0.002	0.017	0.022	0.000	0.914
neutral	0.046	0.004	0.002	0.010	0.023	0.000	0.915
neutral	0.042	0.003	0.001	0.008	0.025	0.000	0.921
neutral	0.065	0.008	0.002	0.004	0.056	0.000	0.865
neutral	0.075	0.004	0.001	0.005	0.098	0.000	0.817
neutral	0.064	0.006	0.002	0.003	0.093	0.000	0.832
neutral	0.038	0.001	0.002	0.002	0.071	0.000	0.886
neutral	0.033	0.001	0.002	0.001	0.089	0.000	0.874
neutral	0.118	0.001	0.002	0.002	0.121	0.000	0.756
neutral	0.057	0.002	0.002	0.002	0.142	0.000	0.796
neutral	0.031	0.000	0.003	0.002	0.116	0.000	0.848
neutral	0.080	0.001	0.003	0.002	0.160	0.000	0.754
neutral	0.055	0.001	0.002	0.002	0.122	0.000	0.818
neutral	0.061	0.001	0.003	0.002	0.116	0.000	0.817
neutral	0.048	0.001	0.002	0.001	0.153	0.000	0.794
neutral	0.048	0.002	0.003	0.001	0.171	0.000	0.774
neutral	0.085	0.001	0.003	0.001	0.201	0.000	0.709
neutral	0.087	0.001	0.003	0.001	0.198	0.000	0.710
neutral	0.099	0.001	0.003	0.001	0.201	0.000	0.695
neutral	0.090	0.001	0.002	0.001	0.153	0.000	0.752
neutral	0.023	0.001	0.003	0.002	0.135	0.000	0.837
neutral	0.101	0.001	0.002	0.002	0.122	0.000	0.771
neutral	0.161	0.000	0.003	0.002	0.139	0.000	0.695
neutral	0.106	0.000	0.003	0.002	0.168	0.000	0.720
neutral	0.119	0.001	0.003	0.004	0.177	0.000	0.697
neutral	0.210	0.002	0.003	0.003	0.154	0.000	0.628
neutral	0.216	0.002	0.003	0.004	0.095	0.000	0.679
neutral	0.061	0.002	0.002	0.008	0.046	0.000	0.880
neutral	0.089	0.002	0.002	0.005	0.050	0.000	0.851
neutral	0.172	0.005	0.003	0.005	0.075	0.000	0.740
neutral	0.094	0.002	0.002	0.008	0.049	0.001	0.845
neutral	0.120	0.010	0.003	0.009	0.062	0.001	0.795
neutral	0.063	0.003	0.003	0.020	0.045	0.001	0.866
neutral	0.051	0.011	0.004	0.008	0.075	0.000	0.850
neutral	0.037	0.013	0.003	0.014	0.081	0.000	0.852
neutral	0.034	0.018	0.004	0.016	0.073	0.000	0.854
neutral	0.041	0.016	0.004	0.014	0.058	0.000	0.867
neutral	0.044	0.026	0.004	0.016	0.090	0.000	0.820
neutral	0.050	0.029	0.004	0.008	0.080	0.000	0.828
neutral	0.047	0.012	0.007	0.009	0.141	0.000	0.784
neutral	0.162	0.044	0.005	0.017	0.072	0.001	0.699
neutral	0.168	0.005	0.003	0.011	0.084	0.000	0.728
neutral	0.110	0.001	0.003	0.022	0.050	0.001	0.812
neutral	0.057	0.017	0.004	0.008	0.117	0.000	0.798
neutral	0.084	0.023	0.006	0.009	0.118	0.000	0.760
neutral	0.087	0.021	0.006	0.010	0.138	0.000	0.739
neutral	0.050	0.018	0.004	0.004	0.125	0.000	0.798
neutral	0.059	0.016	0.005	0.008	0.130	0.001	0.782
neutral	0.054	0.020	0.007	0.006	0.138	0.001	0.773
neutral	0.047	0.020	0.005	0.006	0.105	0.001	0.816
neutral	0.076	0.024	0.005	0.007	0.142	0.000	0.745
neutral	0.036	0.003	0.003	0.006	0.069	0.000	0.884
neutral	0.039	0.008	0.003	0.006	0.064	0.000	0.880
neutral	0.060	0.002	0.002	0.009	0.026	0.000	0.900
neutral	0.086	0.002	0.002	0.008	0.035	0.000	0.867
neutral	0.175	0.003	0.003	0.006	0.060	0.000	0.754
neutral	0.141	0.002	0.004	0.008	0.070	0.001	0.774
neutral	0.076	0.001	0.003	0.012	0.054	0.000	0.855
neutral	0.114	0.001	0.001	0.008	0.032	0.000	0.844
neutral	0.084	0.001	0.001	0.006	0.032	0.000	0.876
neutral	0.061	0.001	0.002	0.005	0.035	0.000	0.897
neutral	0.088	0.001	0.001	0.007	0.035	0.000	0.867
neutral	0.063	0.002	0.002	0.012	0.036	0.001	0.884
neutral	0.045	0.006	0.002	0.007	0.058	0.000	0.882
neutral	0.034	0.003	0.002	0.006	0.051	0.000	0.904
neutral	0.030	0.007	0.003	0.005	0.055	0.000	0.901
neutral	0.031	0.007	0.004	0.011	0.083	0.000	0.865
neutral	0.047	0.012	0.003	0.008	0.089	0.000	0.841
neutral	0.032	0.006	0.002	0.007	0.048	0.000	0.906
neutral	0.037	0.010	0.002	0.005	0.054	0.000	0.891
neutral	0.048	0.002	0.006	0.010	0.111	0.000	0.823
neutral	0.067	0.013	0.005	0.007	0.117	0.000	0.790
neutral	0.071	0.020	0.006	0.009	0.157	0.000	0.737
neutral	0.054	0.024	0.004	0.006	0.120	0.000	0.790
neutral	0.065	0.020	0.004	0.006	0.124	0.000	0.781
neutral	0.068	0.018	0.004	0.007	0.126	0.000	0.776
neutral	0.037	0.005	0.002	0.004	0.079	0.000	0.873
neutral	0.043	0.016	0.003	0.004	0.082	0.000	0.852
neutral	0.042	0.009	0.003	0.002	0.104	0.000	0.840
neutral	0.052	0.005	0.006	0.004	0.154	0.001	0.780
neutral	0.020	0.002	0.002	0.004	0.045	0.000	0.927
neutral	0.145	0.000	0.003	0.003	0.187	0.000	0.662
neutral	0.102	0.000	0.002	0.003	0.196	0.000	0.697
neutral	0.157	0.001	0.001	0.006	0.042	0.000	0.793
neutral	0.265	0.001	0.002	0.001	0.097	0.000	0.634
neutral	0.202	0.000	0.001	0.010	0.055	0.000	0.731
neutral	0.305	0.000	0.002	0.005	0.067	0.000	0.620
neutral	0.302	0.000	0.002	0.005	0.111	0.000	0.580
neutral	0.115	0.002	0.002	0.007	0.032	0.000	0.841
neutral	0.107	0.001	0.001	0.003	0.043	0.000	0.844
neutral	0.135	0.000	0.001	0.004	0.053	0.000	0.806
neutral	0.138	0.000	0.002	0.007	0.063	0.000	0.790
