prediction	angry	disgust	fear	happy	sad	surprise	neutral
sad	0.259	0.012	0.004	0.045	0.351	0.002	0.327
neutral	0.330	0.018	0.003	0.039	0.236	0.002	0.373
neutral	0.246	0.013	0.004	0.039	0.243	0.001	0.454
sad	0.163	0.010	0.004	0.042	0.402	0.001	0.378
neutral	0.291	0.006	0.004	0.020	0.270	0.002	0.406
neutral	0.352	0.008	0.003	0.034	0.146	0.004	0.454
angry	0.455	0.009	0.003	0.022	0.162	0.002	0.347
angry	0.344	0.014	0.005	0.020	0.316	0.001	0.299
neutral	0.283	0.006	0.005	0.052	0.285	0.001	0.368
neutral	0.227	0.007	0.004	0.021	0.277	0.002	0.462
neutral	0.388	0.009	0.002	0.026	0.142	0.003	0.430
neutral	0.390	0.005	0.002	0.024	0.124	0.005	0.449
neutral	0.416	0.003	0.002	0.029	0.126	0.004	0.419
angry	0.471	0.008	0.002	0.029	0.127	0.004	0.359
neutral	0.367	0.006	0.001	0.044	0.101	0.004	0.477
angry	0.483	0.005	0.002	0.018	0.129	0.002	0.361
neutral	0.318	0.004	0.002	0.029	0.152	0.004	0.491
neutral	0.355	0.003	0.003	0.018	0.155	0.004	0.463
angry	0.427	0.003	0.003	0.027	0.224	0.004	0.312
angry	0.447	0.002	0.004	0.032	0.230	0.007	0.278
angry	0.446	0.002	0.003	0.036	0.187	0.005	0.321
angry	0.413	0.006	0.002	0.029	0.199	0.003	0.348
angry	0.378	0.004	0.002	0.023	0.255	0.005	0.332
angry	0.658	0.002	0.001	0.015	0.198	0.004	0.122
neutral	0.290	0.003	0.001	0.075	0.193	0.002	0.435
neutral	0.309	0.001	0.002	0.086	0.158	0.004	0.440
neutral	0.271	0.000	0.002	0.075	0.243	0.004	0.406
neutral	0.156	0.000	0.002	0.108	0.099	0.003	0.633
neutral	0.186	0.001	0.002	0.100	0.151	0.004	0.557
neutral	0.264	0.001	0.002	0.075	0.178	0.004	0.478
neutral	0.236	0.001	0.002	0.093	0.164	0.003	0.502
neutral	0.162	0.001	0.002	0.087	0.096	0.005	0.647
neutral	0.179	0.001	0.002	0.061	0.134	0.004	0.620
neutral	0.181	0.001	0.002	0.079	0.143	0.003	0.591
neutral	0.204	0.001	0.002	0.076	0.103	0.004	0.610
neutral	0.256	0.001	0.004	0.023	0.352	0.002	0.362
sad	0.141	0.000	0.091	0.103	0.515	0.007	0.143
neutral	0.308	0.002	0.004	0.039	0.317	0.003	0.327
neutral	0.151	0.002	0.002	0.037	0.207	0.002	0.598
sad	0.364	0.001	0.004	0.025	0.411	0.005	0.189
sad	0.110	0.000	0.140	0.197	0.388	0.012	0.153
sad	0.220	0.002	0.007	0.009	0.532	0.001	0.229
neutral	0.162	0.004	0.003	0.064	0.357	0.002	0.409
sad	0.221	0.012	0.003	0.063	0.508	0.001	0.193
sad	0.294	0.015	0.003	0.065	0.375	0.001	0.247
sad	0.256	0.035	0.003	0.068	0.384	0.001	0.252
angry	0.307	0.027	0.003	0.097	0.302	0.002	0.262
neutral	0.290	0.032	0.002	0.105	0.255	0.002	0.314
sad	0.203	0.060	0.004	0.043	0.415	0.002	0.273
sad	0.170	0.020	0.005	0.071	0.518	0.002	0.213
sad	0.206	0.029	0.009	0.043	0.533	0.003	0.176
sad	0.187	0.030	0.005	0.053	0.527	0.003	0.196
sad	0.230	0.007	0.007	0.042	0.572	0.003	0.140
sad	0.246	0.006	0.005	0.062	0.444	0.003	0.234
angry	0.326	0.005	0.003	0.073	0.324	0.004	0.265
neutral	0.252	0.009	0.003	0.090	0.235	0.003	0.407
angry	0.406	0.006	0.004	0.030	0.344	0.001	0.209
angry	0.420	0.006	0.004	0.042	0.310	0.001	0.217
angry	0.473	0.028	0.002	0.029	0.258	0.002	0.208
angry	0.455	0.018	0.003	0.019	0.286	0.003	0.215
angry	0.385	0.031	0.002	0.026	0.296	0.004	0.256
angry	0.385	0.022	0.003	0.029	0.292	0.004	0.267
angry	0.395	0.062	0.003	0.022	0.268	0.004	0.246
neutral	0.323	0.021	0.003	0.031	0.270	0.004	0.348
angry	0.512	0.008	0.002	0.048	0.176	0.003	0.251
angry	0.354	0.030	0.002	0.042	0.274	0.004	0.294
angry	0.422	0.017	0.002	0.037	0.223	0.002	0.297
angry	0.422	0.008	0.002	0.048	0.248	0.003	0.270
angry	0.414	0.012	0.002	0.037	0.215	0.001	0.320
angry	0.468	0.009	0.003	0.017	0.299	0.001	0.203
angry	0.453	0.008	0.005	0.011	0.431	0.001	0.091
sad	0.373	0.005	0.006	0.005	0.538	0.001	0.072
sad	0.253	0.002	0.007	0.005	0.652	0.001	0.081
angry	0.489	0.002	0.005	0.007	0.430	0.001	0.066
sad	0.330	0.003	0.006	0.003	0.616	0.001	0.042
sad	0.337	0.003	0.007	0.003	0.605	0.001	0.045
sad	0.273	0.005	0.007	0.003	0.656	0.001	0.054
sad	0.232	0.003	0.008	0.003	0.704	0.001	0.049
sad	0.265	0.004	0.007	0.006	0.653	0.001	0.065
sad	0.291	0.004	0.007	0.005	0.636	0.001	0.056
sad	0.167	0.014	0.008	0.004	0.752	0.000	0.055
sad	0.170	0.004	0.007	0.004	0.757	0.001	0.057
sad	0.242	0.003	0.009	0.006	0.674	0.001	0.066
sad	0.400	0.004	0.004	0.007	0.505	0.001	0.078
sad	0.380	0.003	0.004	0.006	0.551	0.001	0.055
sad	0.447	0.003	0.005	0.004	0.477	0.002	0.061
sad	0.436	0.003	0.004	0.012	0.473	0.002	0.071
sad	0.362	0.002	0.004	0.005	0.581	0.001	0.046
angry	0.536	0.002	0.003	0.007	0.394	0.001	0.057
angry	0.564	0.002	0.003	0.006	0.361	0.001	0.062
sad	0.314	0.004	0.007	0.005	0.603	0.001	0.067
sad	0.391	0.003	0.004	0.007	0.534	0.001	0.060
angry	0.586	0.004	0.003	0.006	0.323	0.001	0.078
sad	0.388	0.005	0.005	0.006	0.525	0.001	0.071
sad	0.426	0.003	0.004	0.007	0.478	0.001	0.079
sad	0.400	0.004	0.005	0.004	0.517	0.001	0.069
sad	0.383	0.003	0.005	0.006	0.522	0.001	0.080
angry	0.427	0.009	0.006	0.016	0.421	0.000	0.122
sad	0.217	0.004	0.009	0.003	0.701	0.000	0.065
angry	0.633	0.002	0.002	0.004	0.294	0.001	0.064
angry	0.474	0.003	0.003	0.004	0.458	0.001	0.058
angry	0.672	0.001	0.002	0.004	0.254	0.001	0.066
angry	0.622	0.001	0.003	0.005	0.294	0.001	0.075
angry	0.620	0.001	0.003	0.004	0.313	0.001	0.058
angry	0.757	0.001	0.003	0.005	0.179	0.000	0.056
angry	0.732	0.001	0.003	0.004	0.205	0.001	0.055
angry	0.744	0.001	0.002	0.004	0.183	0.001	0.064
angry	0.621	0.001	0.004	0.004	0.293	0.002	0.076
angry	0.640	0.001	0.003	0.005	0.288	0.002	0.061
angry	0.624	0.001	0.003	0.006	0.309	0.002	0.056
angry	0.492	0.003	0.005	0.003	0.447	0.001	0.049
angry	0.533	0.002	0.005	0.009	0.357	0.003	0.092
angry	0.698	0.001	0.003	0.004	0.241	0.002	0.050
angry	0.619	0.004	0.003	0.009	0.270	0.001	0.095
angry	0.656	0.001	0.004	0.006	0.267	0.003	0.063
angry	0.648	0.001	0.004	0.004	0.262	0.003	0.078
angry	0.509	0.001	0.004	0.009	0.398	0.002	0.078
angry	0.680	0.002	0.003	0.004	0.241	0.002	0.068
angry	0.620	0.001	0.003	0.007	0.260	0.002	0.107
angry	0.659	0.002	0.003	0.008	0.246	0.002	0.080
angry	0.658	0.002	0.003	0.011	0.245	0.003	0.079
angry	0.693	0.002	0.003	0.009	0.202	0.001	0.090
angry	0.633	0.002	0.003	0.009	0.261	0.002	0.091
angry	0.613	0.003	0.003	0.009	0.285	0.001	0.087
angry	0.531	0.003	0.005	0.007	0.369	0.001	0.084
angry	0.621	0.003	0.003	0.007	0.284	0.001	0.081
angry	0.526	0.002	0.005	0.011	0.346	0.002	0.108
sad	0.448	0.004	0.006	0.005	0.457	0.002	0.079
angry	0.512	0.004	0.004	0.006	0.386	0.001	0.088
angry	0.503	0.005	0.003	0.008	0.386	0.001	0.095
sad	0.388	0.006	0.003	0.006	0.526	0.001	0.070
sad	0.314	0.005	0.004	0.005	0.603	0.001	0.068
sad	0.137	0.012	0.005	0.005	0.759	0.000	0.082
sad	0.290	0.007	0.005	0.005	0.599	0.001	0.092
sad	0.409	0.008	0.003	0.008	0.464	0.001	0.107
angry	0.589	0.002	0.003	0.013	0.284	0.002	0.106
angry	0.478	0.003	0.006	0.011	0.384	0.004	0.115
angry	0.590	0.006	0.002	0.017	0.279	0.002	0.104
sad	0.436	0.014	0.004	0.006	0.448	0.001	0.092
sad	0.433	0.005	0.005	0.010	0.437	0.002	0.108
sad	0.379	0.004	0.007	0.012	0.481	0.002	0.115
sad	0.442	0.006	0.003	0.011	0.454	0.001	0.082
sad	0.410	0.007	0.005	0.008	0.474	0.001	0.095
sad	0.364	0.005	0.006	0.010	0.509	0.001	0.104
sad	0.375	0.005	0.004	0.008	0.520	0.001	0.088
sad	0.398	0.003	0.004	0.006	0.530	0.001	0.057
sad	0.288	0.006	0.006	0.006	0.611	0.001	0.081
sad	0.299	0.009	0.005	0.007	0.586	0.001	0.093
sad	0.320	0.009	0.005	0.007	0.574	0.001	0.085
angry	0.467	0.011	0.004	0.006	0.415	0.001	0.096
angry	0.462	0.006	0.004	0.008	0.429	0.002	0.088
sad	0.388	0.011	0.005	0.005	0.502	0.001	0.089
sad	0.410	0.006	0.004	0.005	0.523	0.001	0.050
sad	0.423	0.003	0.005	0.010	0.453	0.001	0.104
angry	0.582	0.004	0.003	0.010	0.328	0.001	0.072
sad	0.338	0.008	0.006	0.006	0.541	0.001	0.100
sad	0.375	0.009	0.005	0.009	0.484	0.001	0.117
angry	0.489	0.003	0.005	0.011	0.388	0.001	0.103
sad	0.298	0.012	0.005	0.006	0.581	0.001	0.097
angry	0.523	0.004	0.003	0.015	0.329	0.001	0.125
sad	0.428	0.005	0.004	0.010	0.429	0.001	0.123
angry	0.499	0.003	0.004	0.012	0.383	0.001	0.097
angry	0.492	0.005	0.005	0.014	0.365	0.001	0.118
angry	0.522	0.005	0.003	0.010	0.360	0.001	0.099
angry	0.481	0.005	0.004	0.010	0.406	0.001	0.094
sad	0.390	0.009	0.003	0.009	0.501	0.001	0.087
sad	0.386	0.004	0.004	0.011	0.467	0.001	0.127
sad	0.323	0.005	0.006	0.006	0.590	0.001	0.070
sad	0.401	0.009	0.005	0.005	0.496	0.001	0.084
sad	0.339	0.011	0.006	0.008	0.546	0.001	0.088
sad	0.260	0.007	0.006	0.008	0.620	0.001	0.098
sad	0.260	0.012	0.004	0.006	0.633	0.000	0.084
sad	0.318	0.015	0.005	0.008	0.571	0.000	0.082
sad	0.199	0.008	0.009	0.010	0.686	0.001	0.088
sad	0.348	0.008	0.009	0.009	0.490	0.001	0.136
sad	0.227	0.006	0.006	0.004	0.655	0.001	0.102
sad	0.340	0.005	0.005	0.005	0.526	0.001	0.119
sad	0.404	0.007	0.005	0.004	0.502	0.001	0.077
angry	0.655	0.002	0.004	0.005	0.247	0.001	0.086
angry	0.472	0.003	0.005	0.009	0.404	0.001	0.106
angry	0.507	0.003	0.004	0.013	0.346	0.001	0.126
angry	0.652	0.002	0.002	0.009	0.225	0.001	0.108
angry	0.481	0.003	0.004	0.012	0.344	0.001	0.153
angry	0.539	0.002	0.003	0.006	0.344	0.001	0.104
angry	0.505	0.002	0.007	0.013	0.345	0.002	0.128
angry	0.536	0.003	0.005	0.016	0.292	0.001	0.147
angry	0.472	0.002	0.004	0.007	0.415	0.001	0.099
angry	0.571	0.002	0.004	0.013	0.273	0.001	0.136
angry	0.518	0.002	0.005	0.010	0.360	0.002	0.104
angry	0.612	0.003	0.003	0.017	0.261	0.002	0.102
sad	0.372	0.006	0.005	0.008	0.504	0.001	0.105
sad	0.413	0.007	0.004	0.005	0.499	0.000	0.072
angry	0.494	0.005	0.003	0.009	0.389	0.001	0.099
angry	0.474	0.006	0.003	0.010	0.419	0.001	0.087
angry	0.433	0.006	0.004	0.015	0.391	0.001	0.150
angry	0.490	0.007	0.004	0.012	0.341	0.001	0.144
angry	0.583	0.003	0.003	0.022	0.261	0.001	0.126
angry	0.468	0.008	0.003	0.015	0.352	0.001	0.153
sad	0.377	0.007	0.004	0.008	0.516	0.001	0.088
angry	0.546	0.004	0.003	0.009	0.347	0.001	0.089
angry	0.470	0.005	0.004	0.008	0.413	0.001	0.099
angry	0.718	0.001	0.002	0.011	0.185	0.003	0.079
angry	0.541	0.002	0.004	0.012	0.329	0.005	0.107
angry	0.601	0.003	0.003	0.011	0.279	0.002	0.101
sad	0.309	0.009	0.006	0.005	0.576	0.001	0.094
sad	0.261	0.007	0.005	0.007	0.609	0.001	0.111
angry	0.528	0.005	0.005	0.021	0.301	0.001	0.138
angry	0.557	0.003	0.004	0.015	0.299	0.001	0.121
angry	0.535	0.004	0.004	0.031	0.265	0.001	0.160
angry	0.531	0.004	0.004	0.012	0.374	0.001	0.073
angry	0.568	0.003	0.004	0.016	0.283	0.001	0.125
angry	0.513	0.004	0.004	0.014	0.337	0.001	0.127
angry	0.564	0.004	0.003	0.015	0.301	0.001	0.112
sad	0.419	0.004	0.003	0.011	0.446	0.001	0.116
sad	0.385	0.002	0.006	0.007	0.515	0.001	0.086
angry	0.488	0.001	0.003	0.021	0.374	0.001	0.111
angry	0.458	0.002	0.004	0.032	0.359	0.001	0.144
angry	0.517	0.001	0.004	0.012	0.378	0.001	0.087
sad	0.415	0.003	0.003	0.019	0.427	0.001	0.131
angry	0.452	0.003	0.005	0.010	0.431	0.001	0.097
sad	0.384	0.002	0.005	0.008	0.509	0.001	0.091
angry	0.570	0.005	0.004	0.010	0.303	0.001	0.106
angry	0.458	0.002	0.005	0.010	0.435	0.001	0.088
angry	0.552	0.002	0.004	0.010	0.345	0.001	0.085
angry	0.432	0.009	0.004	0.011	0.406	0.001	0.137
sad	0.213	0.009	0.005	0.009	0.667	0.001	0.097
sad	0.272	0.012	0.007	0.013	0.574	0.001	0.122
angry	0.572	0.002	0.003	0.022	0.288	0.002	0.112
angry	0.524	0.002	0.003	0.018	0.330	0.002	0.122
sad	0.318	0.005	0.006	0.010	0.578	0.001	0.083
sad	0.401	0.002	0.005	0.008	0.484	0.002	0.098
sad	0.359	0.005	0.006	0.009	0.511	0.002	0.109
sad	0.435	0.003	0.006	0.012	0.443	0.002	0.100
sad	0.349	0.004	0.005	0.011	0.535	0.001	0.095
sad	0.371	0.004	0.006	0.011	0.522	0.001	0.085
angry	0.428	0.004	0.005	0.018	0.428	0.002	0.115
angry	0.482	0.005	0.005	0.014	0.403	0.001	0.090
angry	0.496	0.005	0.004	0.015	0.376	0.001	0.103
sad	0.357	0.004	0.006	0.011	0.522	0.002	0.099
sad	0.328	0.005	0.008	0.009	0.563	0.001	0.085
angry	0.424	0.007	0.005	0.022	0.412	0.002	0.128
angry	0.515	0.008	0.005	0.012	0.376	0.002	0.083
sad	0.345	0.007	0.006	0.006	0.538	0.001	0.097
sad	0.403	0.003	0.007	0.009	0.478	0.003	0.098
sad	0.381	0.006	0.005	0.010	0.501	0.002	0.095
sad	0.419	0.003	0.005	0.010	0.464	0.002	0.097
angry	0.562	0.005	0.004	0.011	0.320	0.002	0.095
sad	0.407	0.006	0.005	0.011	0.462	0.002	0.108
angry	0.504	0.005	0.008	0.010	0.379	0.002	0.093
angry	0.522	0.003	0.005	0.012	0.354	0.003	0.100
sad	0.406	0.003	0.005	0.016	0.445	0.001	0.123
angry	0.474	0.004	0.005	0.007	0.441	0.001	0.069
sad	0.328	0.003	0.005	0.005	0.571	0.001	0.087
sad	0.342	0.003	0.005	0.007	0.565	0.001	0.077
sad	0.393	0.004	0.005	0.009	0.492	0.001	0.096
sad	0.407	0.002	0.005	0.010	0.490	0.001	0.084
sad	0.192	0.008	0.007	0.013	0.683	0.000	0.097
sad	0.169	0.010	0.008	0.008	0.715	0.001	0.090
sad	0.149	0.010	0.006	0.006	0.749	0.001	0.079
sad	0.197	0.005	0.005	0.012	0.672	0.001	0.108
sad	0.216	0.005	0.004	0.013	0.659	0.001	0.102
sad	0.152	0.005	0.006	0.008	0.743	0.001	0.085
sad	0.209	0.004	0.007	0.008	0.681	0.001	0.089
sad	0.206	0.003	0.007	0.008	0.675	0.001	0.100
sad	0.180	0.004	0.005	0.007	0.699	0.001	0.104
sad	0.255	0.002	0.006	0.006	0.627	0.001	0.102
sad	0.406	0.002	0.008	0.011	0.431	0.002	0.140
sad	0.375	0.002	0.006	0.014	0.429	0.003	0.171
sad	0.297	0.003	0.006	0.021	0.520	0.002	0.150
sad	0.322	0.004	0.006	0.017	0.508	0.002	0.142
sad	0.378	0.002	0.005	0.023	0.417	0.002	0.172
sad	0.311	0.004	0.005	0.012	0.542	0.001	0.124
sad	0.375	0.002	0.006	0.020	0.423	0.001	0.172
angry	0.431	0.002	0.004	0.017	0.402	0.001	0.142
sad	0.369	0.004	0.005	0.014	0.441	0.002	0.166
sad	0.402	0.003	0.005	0.010	0.458	0.001	0.121
angry	0.397	0.005	0.006	0.011	0.396	0.001	0.184
angry	0.418	0.006	0.005	0.013	0.381	0.001	0.176
sad	0.285	0.008	0.008	0.015	0.512	0.002	0.170
sad	0.260	0.016	0.004	0.009	0.588	0.001	0.121
sad	0.373	0.008	0.004	0.019	0.446	0.001	0.150
angry	0.448	0.007	0.005	0.021	0.372	0.002	0.146
sad	0.348	0.010	0.005	0.021	0.456	0.002	0.159
angry	0.508	0.041	0.002	0.009	0.345	0.001	0.094
sad	0.353	0.059	0.003	0.005	0.496	0.001	0.083
angry	0.582	0.071	0.002	0.010	0.253	0.001	0.081
angry	0.546	0.049	0.002	0.018	0.284	0.001	0.100
angry	0.545	0.020	0.003	0.013	0.303	0.001	0.115
angry	0.577	0.039	0.002	0.008	0.280	0.001	0.094
sad	0.414	0.015	0.003	0.021	0.418	0.001	0.127
angry	0.581	0.026	0.003	0.009	0.306	0.001	0.074
angry	0.509	0.013	0.003	0.026	0.321	0.002	0.127
angry	0.423	0.041	0.003	0.015	0.421	0.001	0.095
angry	0.444	0.024	0.005	0.017	0.422	0.001	0.088
sad	0.247	0.045	0.004	0.005	0.612	0.001	0.087
sad	0.272	0.014	0.006	0.014	0.585	0.001	0.108
sad	0.375	0.010	0.006	0.023	0.468	0.002	0.116
angry	0.446	0.026	0.003	0.011	0.399	0.001	0.113
sad	0.350	0.024	0.005	0.010	0.482	0.001	0.128
angry	0.457	0.027	0.003	0.016	0.388	0.001	0.108
angry	0.435	0.007	0.004	0.015	0.420	0.001	0.117
angry	0.447	0.023	0.005	0.011	0.417	0.001	0.097
sad	0.256	0.016	0.007	0.014	0.585	0.001	0.121
sad	0.338	0.026	0.003	0.018	0.491	0.001	0.122
sad	0.096	0.000	0.078	0.171	0.353	0.009	0.293
angry	0.575	0.006	0.003	0.021	0.272	0.003	0.118
angry	0.474	0.009	0.003	0.019	0.343	0.002	0.149
angry	0.574	0.007	0.002	0.029	0.220	0.002	0.166
angry	0.547	0.010	0.003	0.013	0.318	0.002	0.106
angry	0.562	0.008	0.004	0.021	0.288	0.003	0.114
angry	0.646	0.006	0.003	0.035	0.194	0.005	0.111
sad	0.176	0.029	0.005	0.010	0.673	0.001	0.106
sad	0.205	0.036	0.004	0.011	0.627	0.001	0.117
sad	0.297	0.021	0.005	0.019	0.525	0.001	0.131
sad	0.391	0.044	0.004	0.014	0.432	0.001	0.114
sad	0.395	0.016	0.005	0.016	0.441	0.002	0.126
sad	0.339	0.021	0.004	0.011	0.542	0.001	0.083
sad	0.410	0.012	0.004	0.016	0.428	0.002	0.127
sad	0.404	0.052	0.003	0.008	0.437	0.001	0.096
sad	0.368	0.019	0.003	0.013	0.504	0.001	0.092
sad	0.363	0.015	0.004	0.015	0.482	0.001	0.121
angry	0.498	0.008	0.004	0.014	0.385	0.002	0.089
sad	0.260	0.021	0.007	0.024	0.582	0.001	0.105
sad	0.257	0.022	0.003	0.029	0.590	0.001	0.098
sad	0.223	0.030	0.004	0.006	0.677	0.000	0.059
sad	0.259	0.049	0.003	0.010	0.602	0.000	0.077
sad	0.283	0.019	0.006	0.013	0.567	0.001	0.112
sad	0.239	0.019	0.004	0.007	0.681	0.001	0.049
sad	0.331	0.031	0.003	0.009	0.545	0.001	0.081
sad	0.328	0.019	0.005	0.009	0.554	0.001	0.084
sad	0.275	0.009	0.005	0.007	0.633	0.001	0.070
sad	0.335	0.029	0.003	0.010	0.536	0.001	0.087
sad	0.270	0.020	0.005	0.012	0.570	0.001	0.121
angry	0.469	0.018	0.003	0.015	0.375	0.001	0.119
sad	0.360	0.017	0.004	0.024	0.402	0.001	0.192
sad	0.402	0.011	0.007	0.014	0.409	0.003	0.155
sad	0.339	0.011	0.005	0.014	0.498	0.001	0.131
angry	0.538	0.022	0.002	0.016	0.323	0.002	0.097
sad	0.401	0.025	0.004	0.014	0.427	0.002	0.127
sad	0.398	0.060	0.002	0.010	0.458	0.001	0.071
sad	0.252	0.027	0.004	0.009	0.608	0.001	0.099
angry	0.513	0.007	0.005	0.015	0.359	0.003	0.099
angry	0.457	0.027	0.004	0.013	0.417	0.001	0.081
sad	0.424	0.038	0.004	0.012	0.425	0.001	0.097
angry	0.473	0.010	0.004	0.020	0.361	0.001	0.131
sad	0.379	0.018	0.004	0.016	0.449	0.002	0.132
sad	0.397	0.011	0.004	0.029	0.408	0.002	0.149
sad	0.280	0.021	0.004	0.024	0.512	0.002	0.157
angry	0.454	0.030	0.005	0.011	0.395	0.001	0.104
angry	0.475	0.007	0.004	0.021	0.361	0.002	0.130
angry	0.458	0.010	0.005	0.018	0.383	0.003	0.123
angry	0.468	0.017	0.003	0.014	0.399	0.001	0.098
angry	0.468	0.039	0.004	0.008	0.384	0.001	0.096
angry	0.518	0.010	0.003	0.017	0.361	0.001	0.090
sad	0.262	0.031	0.003	0.012	0.591	0.001	0.101
sad	0.297	0.014	0.006	0.010	0.598	0.001	0.073
sad	0.361	0.018	0.004	0.019	0.505	0.001	0.093
sad	0.281	0.018	0.005	0.008	0.612	0.001	0.075
sad	0.359	0.009	0.004	0.016	0.481	0.001	0.130
angry	0.459	0.013	0.003	0.015	0.392	0.001	0.118
sad	0.342	0.033	0.002	0.019	0.463	0.002	0.138
sad	0.307	0.012	0.006	0.010	0.558	0.002	0.106
sad	0.412	0.009	0.004	0.015	0.436	0.001	0.123
angry	0.529	0.012	0.002	0.020	0.336	0.001	0.100
sad	0.363	0.026	0.005	0.009	0.495	0.001	0.102
angry	0.516	0.018	0.002	0.015	0.355	0.001	0.093
sad	0.415	0.032	0.005	0.007	0.437	0.001	0.103
angry	0.484	0.024	0.004	0.014	0.391	0.001	0.081
sad	0.308	0.017	0.004	0.009	0.578	0.001	0.083
sad	0.362	0.007	0.005	0.013	0.515	0.002	0.096
sad	0.400	0.021	0.003	0.007	0.484	0.001	0.083
sad	0.335	0.030	0.004	0.009	0.507	0.001	0.113
angry	0.477	0.010	0.003	0.011	0.405	0.002	0.092
sad	0.249	0.012	0.004	0.007	0.621	0.001	0.106
sad	0.322	0.022	0.003	0.008	0.560	0.001	0.084
angry	0.582	0.004	0.004	0.013	0.300	0.003	0.094
angry	0.525	0.005	0.005	0.010	0.354	0.002	0.100
angry	0.502	0.009	0.004	0.011	0.392	0.002	0.080
sad	0.373	0.019	0.004	0.008	0.498	0.001	0.096
sad	0.343	0.009	0.004	0.008	0.532	0.001	0.103
angry	0.633	0.006	0.002	0.011	0.246	0.001	0.101
angry	0.599	0.008	0.004	0.009	0.288	0.002	0.090
angry	0.518	0.013	0.004	0.008	0.348	0.002	0.107
angry	0.442	0.005	0.005	0.015	0.408	0.003	0.123
angry	0.534	0.007	0.004	0.015	0.329	0.003	0.108
sad	0.293	0.018	0.004	0.009	0.590	0.001	0.086
angry	0.507	0.010	0.004	0.012	0.383	0.002	0.084
sad	0.370	0.008	0.007	0.008	0.486	0.003	0.118
sad	0.405	0.005	0.005	0.011	0.479	0.003	0.092
sad	0.398	0.017	0.004	0.006	0.493	0.001	0.081
angry	0.520	0.013	0.004	0.011	0.361	0.002	0.089
angry	0.485	0.007	0.004	0.010	0.409	0.001	0.082
sad	0.254	0.039	0.006	0.010	0.598	0.001	0.093
sad	0.416	0.012	0.005	0.010	0.451	0.002	0.104
angry	0.550	0.012	0.003	0.008	0.332	0.001	0.093
sad	0.281	0.017	0.006	0.024	0.561	0.001	0.110
sad	0.196	0.026	0.007	0.011	0.680	0.000	0.079
sad	0.221	0.015	0.006	0.006	0.660	0.001	0.090
sad	0.329	0.009	0.005	0.008	0.557	0.001	0.091
sad	0.406	0.008	0.005	0.014	0.420	0.002	0.145
angry	0.477	0.007	0.005	0.011	0.375	0.004	0.121
angry	0.575	0.005	0.003	0.016	0.294	0.003	0.104
angry	0.562	0.006	0.003	0.017	0.281	0.002	0.129
angry	0.624	0.005	0.004	0.019	0.226	0.005	0.119
angry	0.618	0.004	0.003	0.009	0.266	0.002	0.099
angry	0.538	0.006	0.003	0.011	0.335	0.003	0.104
angry	0.565	0.005	0.003	0.007	0.326	0.001	0.092
angry	0.628	0.005	0.003	0.013	0.254	0.005	0.093
angry	0.626	0.008	0.002	0.013	0.258	0.002	0.091
angry	0.629	0.005	0.002	0.009	0.260	0.002	0.093
angry	0.538	0.005	0.003	0.013	0.315	0.002	0.124
angry	0.554	0.012	0.003	0.016	0.295	0.001	0.119
angry	0.590	0.005	0.004	0.012	0.277	0.003	0.110
angry	0.538	0.004	0.003	0.012	0.320	0.002	0.120
angry	0.561	0.006	0.003	0.012	0.287	0.005	0.126
angry	0.431	0.006	0.007	0.017	0.429	0.003	0.106
angry	0.520	0.005	0.005	0.015	0.335	0.002	0.118
sad	0.348	0.016	0.004	0.010	0.529	0.001	0.091
sad	0.289	0.014	0.006	0.007	0.586	0.001	0.096
sad	0.283	0.040	0.003	0.009	0.579	0.001	0.085
angry	0.474	0.022	0.004	0.008	0.403	0.001	0.088
sad	0.364	0.038	0.004	0.005	0.509	0.001	0.080
angry	0.468	0.004	0.007	0.011	0.411	0.004	0.096
sad	0.416	0.007	0.006	0.012	0.440	0.003	0.117
angry	0.470	0.006	0.003	0.011	0.391	0.002	0.118
angry	0.647	0.010	0.002	0.019	0.202	0.001	0.120
sad	0.419	0.011	0.004	0.009	0.438	0.002	0.118
angry	0.472	0.004	0.005	0.015	0.378	0.003	0.124
sad	0.392	0.007	0.005	0.010	0.491	0.003	0.093
sad	0.390	0.018	0.006	0.008	0.483	0.001	0.094
angry	0.479	0.007	0.004	0.009	0.405	0.002	0.095
angry	0.609	0.005	0.003	0.010	0.288	0.001	0.083
angry	0.653	0.005	0.002	0.013	0.238	0.001	0.087
angry	0.450	0.005	0.006	0.013	0.428	0.002	0.096
sad	0.406	0.009	0.003	0.012	0.467	0.001	0.101
angry	0.500	0.006	0.004	0.014	0.385	0.001	0.089
sad	0.229	0.023	0.004	0.013	0.634	0.001	0.097
sad	0.322	0.012	0.003	0.011	0.554	0.001	0.097
sad	0.318	0.013	0.005	0.010	0.564	0.001	0.090
sad	0.396	0.010	0.005	0.014	0.479	0.001	0.096
sad	0.412	0.011	0.006	0.018	0.449	0.002	0.102
sad	0.323	0.006	0.005	0.026	0.500	0.002	0.138
angry	0.517	0.006	0.004	0.028	0.330	0.002	0.114
angry	0.513	0.005	0.003	0.029	0.336	0.002	0.111
angry	0.477	0.007	0.004	0.035	0.353	0.001	0.123
angry	0.404	0.005	0.002	0.062	0.267	0.002	0.258
sad	0.280	0.005	0.005	0.052	0.462	0.002	0.195
sad	0.160	0.006	0.006	0.063	0.605	0.000	0.158
sad	0.279	0.012	0.003	0.023	0.512	0.001	0.170
angry	0.449	0.002	0.003	0.026	0.333	0.002	0.185
angry	0.557	0.001	0.003	0.034	0.270	0.003	0.131
angry	0.462	0.004	0.004	0.042	0.314	0.001	0.173
sad	0.336	0.003	0.007	0.036	0.484	0.002	0.132
angry	0.428	0.003	0.004	0.031	0.365	0.003	0.166
angry	0.469	0.003	0.003	0.025	0.343	0.003	0.154
angry	0.406	0.004	0.004	0.020	0.404	0.002	0.159
angry	0.439	0.002	0.004	0.019	0.397	0.003	0.136
sad	0.323	0.003	0.005	0.016	0.498	0.001	0.154
sad	0.325	0.003	0.005	0.016	0.505	0.001	0.144
sad	0.394	0.005	0.005	0.020	0.436	0.001	0.139
angry	0.485	0.003	0.003	0.018	0.356	0.001	0.134
angry	0.434	0.007	0.004	0.015	0.384	0.001	0.155
sad	0.406	0.004	0.004	0.016	0.424	0.001	0.146
angry	0.499	0.004	0.004	0.018	0.325	0.002	0.148
angry	0.499	0.005	0.004	0.023	0.335	0.001	0.132
sad	0.380	0.006	0.005	0.004	0.491	0.001	0.112
sad	0.381	0.005	0.004	0.005	0.493	0.001	0.111
sad	0.395	0.005	0.004	0.008	0.462	0.001	0.125
sad	0.398	0.005	0.003	0.009	0.502	0.001	0.081
sad	0.416	0.004	0.004	0.013	0.455	0.003	0.106
angry	0.438	0.007	0.003	0.007	0.438	0.001	0.106
angry	0.439	0.009	0.003	0.010	0.366	0.001	0.172
sad	0.296	0.005	0.004	0.005	0.569	0.001	0.120
sad	0.371	0.006	0.005	0.007	0.488	0.001	0.121
sad	0.284	0.021	0.003	0.006	0.592	0.001	0.093
sad	0.270	0.011	0.005	0.033	0.544	0.000	0.137
sad	0.260	0.049	0.005	0.014	0.546	0.000	0.125
sad	0.250	0.007	0.008	0.010	0.646	0.001	0.078
sad	0.246	0.012	0.005	0.009	0.624	0.001	0.104
sad	0.310	0.006	0.004	0.008	0.579	0.001	0.093
sad	0.282	0.006	0.005	0.010	0.591	0.001	0.105
sad	0.367	0.010	0.006	0.012	0.505	0.001	0.099
sad	0.319	0.004	0.006	0.009	0.581	0.001	0.080
sad	0.334	0.012	0.004	0.017	0.498	0.001	0.134
sad	0.394	0.017	0.003	0.011	0.480	0.001	0.094
sad	0.306	0.015	0.006	0.021	0.509	0.001	0.142
sad	0.384	0.020	0.004	0.013	0.493	0.001	0.085
sad	0.348	0.006	0.004	0.009	0.544	0.001	0.087
angry	0.434	0.008	0.004	0.016	0.419	0.001	0.119
sad	0.293	0.012	0.004	0.014	0.557	0.001	0.119
sad	0.335	0.014	0.005	0.018	0.491	0.001	0.137
sad	0.410	0.014	0.004	0.020	0.426	0.001	0.126
sad	0.278	0.007	0.005	0.007	0.587	0.002	0.114
sad	0.357	0.009	0.003	0.007	0.538	0.001	0.085
angry	0.465	0.006	0.003	0.011	0.427	0.001	0.088
sad	0.322	0.008	0.005	0.010	0.541	0.001	0.114
sad	0.238	0.016	0.004	0.006	0.636	0.001	0.099
sad	0.260	0.011	0.004	0.006	0.605	0.001	0.113
sad	0.334	0.007	0.004	0.008	0.539	0.001	0.107
sad	0.249	0.020	0.005	0.004	0.624	0.001	0.096
sad	0.338	0.011	0.005	0.010	0.547	0.000	0.089
sad	0.324	0.008	0.004	0.008	0.549	0.001	0.106
sad	0.361	0.009	0.005	0.013	0.492	0.001	0.120
sad	0.278	0.011	0.006	0.006	0.587	0.002	0.110
sad	0.350	0.014	0.003	0.007	0.541	0.001	0.085
sad	0.359	0.010	0.004	0.007	0.526	0.001	0.093
sad	0.415	0.009	0.003	0.010	0.470	0.000	0.092
angry	0.424	0.007	0.005	0.019	0.386	0.001	0.159
sad	0.344	0.013	0.004	0.008	0.528	0.000	0.103
sad	0.350	0.010	0.005	0.011	0.539	0.001	0.084
sad	0.426	0.005	0.004	0.011	0.452	0.001	0.100
sad	0.376	0.006	0.006	0.015	0.439	0.001	0.157
sad	0.342	0.007	0.004	0.013	0.520	0.001	0.112
sad	0.232	0.013	0.004	0.010	0.615	0.001	0.125
sad	0.403	0.010	0.005	0.014	0.456	0.001	0.111
angry	0.424	0.007	0.005	0.015	0.413	0.001	0.135
sad	0.420	0.006	0.006	0.014	0.464	0.001	0.088
sad	0.348	0.006	0.005	0.018	0.504	0.001	0.119
angry	0.443	0.006	0.004	0.021	0.402	0.001	0.124
sad	0.267	0.006	0.005	0.012	0.603	0.001	0.108
sad	0.356	0.006	0.005	0.015	0.513	0.001	0.104
sad	0.290	0.006	0.006	0.011	0.570	0.001	0.117
sad	0.376	0.006	0.004	0.012	0.493	0.001	0.106
sad	0.404	0.003	0.005	0.014	0.472	0.001	0.101
sad	0.378	0.002	0.005	0.022	0.476	0.001	0.117
sad	0.388	0.001	0.005	0.017	0.471	0.001	0.117
angry	0.474	0.005	0.004	0.016	0.348	0.001	0.152
sad	0.409	0.001	0.007	0.005	0.477	0.002	0.100
sad	0.407	0.002	0.005	0.010	0.464	0.001	0.112
sad	0.401	0.001	0.006	0.010	0.481	0.002	0.099
sad	0.350	0.002	0.006	0.008	0.502	0.002	0.129
sad	0.408	0.003	0.003	0.016	0.428	0.001	0.141
angry	0.499	0.001	0.003	0.018	0.378	0.001	0.099
sad	0.366	0.001	0.006	0.016	0.488	0.002	0.121
sad	0.403	0.003	0.003	0.022	0.416	0.001	0.151
angry	0.451	0.001	0.003	0.009	0.449	0.001	0.085
angry	0.447	0.003	0.003	0.015	0.381	0.001	0.149
sad	0.360	0.002	0.005	0.012	0.524	0.002	0.094
angry	0.449	0.003	0.004	0.020	0.389	0.001	0.133
sad	0.370	0.001	0.005	0.011	0.520	0.002	0.091
sad	0.290	0.002	0.006	0.007	0.610	0.001	0.085
sad	0.328	0.003	0.004	0.006	0.571	0.001	0.087
sad	0.307	0.004	0.005	0.006	0.564	0.001	0.113
angry	0.460	0.006	0.005	0.010	0.387	0.001	0.131
sad	0.412	0.004	0.004	0.005	0.494	0.001	0.081
sad	0.306	0.004	0.004	0.006	0.562	0.001	0.117
angry	0.540	0.005	0.005	0.021	0.269	0.002	0.160
angry	0.431	0.003	0.005	0.011	0.428	0.002	0.120
sad	0.278	0.003	0.007	0.010	0.581	0.002	0.118
sad	0.414	0.003	0.006	0.008	0.457	0.002	0.109
sad	0.399	0.005	0.005	0.013	0.477	0.002	0.099
sad	0.419	0.007	0.005	0.019	0.422	0.002	0.126
sad	0.257	0.005	0.005	0.012	0.594	0.002	0.124
sad	0.202	0.029	0.005	0.028	0.624	0.000	0.111
sad	0.178	0.014	0.007	0.036	0.642	0.001	0.122
sad	0.209	0.004	0.012	0.021	0.614	0.002	0.138
sad	0.188	0.013	0.008	0.010	0.687	0.001	0.092
sad	0.260	0.007	0.005	0.028	0.552	0.001	0.146
sad	0.291	0.007	0.003	0.008	0.591	0.001	0.100
sad	0.224	0.005	0.008	0.012	0.619	0.001	0.131
sad	0.316	0.003	0.006	0.010	0.581	0.001	0.084
sad	0.337	0.002	0.005	0.012	0.546	0.001	0.097
sad	0.291	0.004	0.004	0.019	0.528	0.001	0.153
sad	0.334	0.002	0.005	0.010	0.535	0.002	0.112
angry	0.464	0.002	0.004	0.013	0.394	0.002	0.120
sad	0.287	0.005	0.004	0.007	0.561	0.002	0.134
sad	0.394	0.003	0.005	0.010	0.462	0.002	0.123
sad	0.333	0.003	0.006	0.008	0.548	0.003	0.099
sad	0.292	0.003	0.004	0.006	0.583	0.002	0.109
sad	0.389	0.002	0.004	0.013	0.491	0.001	0.100
sad	0.430	0.003	0.006	0.012	0.431	0.002	0.115
sad	0.330	0.004	0.004	0.008	0.560	0.001	0.093
sad	0.283	0.004	0.004	0.006	0.616	0.001	0.086
angry	0.514	0.003	0.004	0.011	0.354	0.001	0.114
sad	0.401	0.004	0.005	0.016	0.464	0.001	0.109
sad	0.408	0.002	0.003	0.007	0.457	0.001	0.121
sad	0.265	0.006	0.004	0.008	0.631	0.001	0.086
sad	0.304	0.004	0.003	0.011	0.585	0.001	0.092
sad	0.365	0.002	0.004	0.013	0.513	0.001	0.102
sad	0.237	0.004	0.004	0.009	0.654	0.001	0.091
sad	0.282	0.002	0.004	0.009	0.618	0.002	0.083
sad	0.227	0.006	0.004	0.008	0.651	0.001	0.102
sad	0.387	0.004	0.005	0.009	0.494	0.001	0.101
sad	0.366	0.003	0.004	0.020	0.489	0.001	0.116
angry	0.425	0.005	0.002	0.009	0.417	0.001	0.140
sad	0.406	0.003	0.005	0.011	0.449	0.002	0.124
sad	0.357	0.001	0.006	0.005	0.574	0.002	0.055
sad	0.360	0.002	0.005	0.009	0.505	0.002	0.118
sad	0.368	0.003	0.004	0.007	0.534	0.001	0.082
sad	0.303	0.003	0.005	0.007	0.590	0.001	0.092
sad	0.348	0.001	0.005	0.005	0.563	0.004	0.074
angry	0.437	0.003	0.004	0.012	0.416	0.002	0.126
sad	0.408	0.002	0.007	0.007	0.495	0.002	0.080
angry	0.653	0.000	0.003	0.008	0.262	0.004	0.069
angry	0.649	0.000	0.003	0.007	0.273	0.004	0.065
angry	0.649	0.000	0.003	0.006	0.264	0.005	0.073
angry	0.566	0.002	0.003	0.014	0.284	0.001	0.130
angry	0.465	0.001	0.006	0.009	0.430	0.002	0.088
angry	0.463	0.001	0.003	0.006	0.430	0.001	0.096
angry	0.468	0.000	0.003	0.003	0.449	0.002	0.074
angry	0.553	0.000	0.004	0.003	0.351	0.002	0.086
angry	0.592	0.000	0.004	0.002	0.324	0.002	0.075
angry	0.566	0.001	0.002	0.003	0.302	0.001	0.125
angry	0.585	0.001	0.002	0.004	0.311	0.001	0.097
angry	0.631	0.001	0.003	0.003	0.290	0.001	0.072
angry	0.596	0.000	0.004	0.003	0.325	0.001	0.070
sad	0.392	0.000	0.005	0.004	0.510	0.001	0.088
angry	0.520	0.001	0.004	0.006	0.366	0.001	0.103
sad	0.364	0.001	0.005	0.006	0.522	0.001	0.101
sad	0.371	0.002	0.004	0.006	0.477	0.001	0.138
sad	0.401	0.002	0.004	0.006	0.452	0.001	0.133
angry	0.490	0.002	0.005	0.006	0.383	0.001	0.112
angry	0.521	0.001	0.005	0.008	0.382	0.002	0.081
angry	0.492	0.001	0.005	0.006	0.416	0.001	0.079
angry	0.526	0.005	0.005	0.013	0.340	0.002	0.109
angry	0.504	0.001	0.004	0.011	0.378	0.002	0.100
sad	0.376	0.004	0.006	0.009	0.470	0.002	0.134
sad	0.385	0.002	0.005	0.008	0.511	0.001	0.088
sad	0.250	0.002	0.006	0.006	0.653	0.001	0.082
sad	0.255	0.003	0.006	0.008	0.641	0.001	0.086
sad	0.297	0.003	0.006	0.010	0.581	0.001	0.104
sad	0.410	0.002	0.006	0.007	0.427	0.002	0.146
sad	0.238	0.002	0.008	0.005	0.689	0.001	0.058
sad	0.151	0.003	0.009	0.004	0.757	0.001	0.076
sad	0.371	0.002	0.005	0.004	0.528	0.001	0.089
angry	0.503	0.001	0.005	0.011	0.338	0.002	0.140
angry	0.500	0.002	0.005	0.011	0.376	0.002	0.105
angry	0.589	0.001	0.004	0.014	0.275	0.002	0.114
sad	0.309	0.002	0.005	0.011	0.546	0.002	0.126
sad	0.266	0.003	0.005	0.007	0.622	0.001	0.096
sad	0.349	0.002	0.004	0.013	0.527	0.001	0.103
sad	0.179	0.002	0.006	0.006	0.698	0.001	0.108
sad	0.227	0.002	0.006	0.009	0.624	0.001	0.132
sad	0.311	0.002	0.005	0.011	0.558	0.001	0.112
sad	0.199	0.002	0.006	0.007	0.683	0.001	0.103
sad	0.254	0.002	0.004	0.008	0.635	0.000	0.097
sad	0.304	0.002	0.004	0.007	0.509	0.001	0.173
sad	0.283	0.002	0.006	0.018	0.509	0.001	0.181
sad	0.314	0.001	0.006	0.014	0.587	0.001	0.076
sad	0.253	0.001	0.004	0.009	0.538	0.001	0.194
sad	0.196	0.002	0.006	0.007	0.658	0.001	0.130
sad	0.139	0.000	0.008	0.018	0.706	0.002	0.126
sad	0.165	0.001	0.006	0.035	0.562	0.001	0.229
sad	0.266	0.001	0.005	0.030	0.588	0.001	0.107
sad	0.201	0.002	0.006	0.009	0.687	0.001	0.092
sad	0.329	0.001	0.005	0.019	0.474	0.002	0.170
sad	0.300	0.003	0.005	0.004	0.570	0.001	0.116
angry	0.400	0.002	0.002	0.024	0.400	0.001	0.170
angry	0.467	0.001	0.003	0.027	0.347	0.002	0.155
sad	0.420	0.002	0.004	0.020	0.428	0.002	0.124
angry	0.438	0.001	0.003	0.018	0.412	0.002	0.126
angry	0.398	0.002	0.002	0.029	0.391	0.001	0.177
sad	0.333	0.001	0.004	0.023	0.466	0.001	0.172
angry	0.523	0.001	0.003	0.027	0.314	0.002	0.130
angry	0.762	0.002	0.002	0.013	0.153	0.001	0.068
angry	0.696	0.001	0.001	0.033	0.168	0.001	0.100
angry	0.516	0.002	0.001	0.022	0.344	0.000	0.114
angry	0.660	0.000	0.001	0.027	0.188	0.001	0.122
angry	0.641	0.002	0.001	0.049	0.162	0.001	0.145
angry	0.446	0.001	0.003	0.020	0.436	0.001	0.094
angry	0.607	0.005	0.001	0.029	0.260	0.001	0.096
sad	0.409	0.005	0.003	0.012	0.420	0.001	0.151
angry	0.537	0.002	0.003	0.017	0.333	0.001	0.107
sad	0.404	0.003	0.003	0.042	0.430	0.001	0.117
angry	0.599	0.003	0.003	0.061	0.201	0.002	0.131
angry	0.429	0.001	0.003	0.041	0.380	0.001	0.144
sad	0.385	0.001	0.004	0.019	0.464	0.002	0.125
angry	0.547	0.001	0.003	0.010	0.322	0.001	0.115
sad	0.342	0.004	0.003	0.016	0.473	0.001	0.162
angry	0.450	0.001	0.005	0.041	0.366	0.002	0.135
angry	0.630	0.008	0.002	0.035	0.217	0.003	0.106
angry	0.816	0.001	0.001	0.015	0.097	0.001	0.069
angry	0.745	0.001	0.001	0.028	0.124	0.001	0.101
angry	0.696	0.001	0.001	0.032	0.132	0.001	0.136
angry	0.653	0.001	0.002	0.033	0.143	0.002	0.167
angry	0.646	0.001	0.001	0.031	0.186	0.001	0.133
angry	0.660	0.001	0.002	0.052	0.154	0.003	0.128
angry	0.598	0.001	0.001	0.042	0.216	0.002	0.139
sad	0.195	0.012	0.008	0.019	0.637	0.000	0.129
sad	0.237	0.004	0.006	0.013	0.634	0.001	0.105
sad	0.294	0.003	0.006	0.018	0.571	0.001	0.107
sad	0.229	0.006	0.004	0.011	0.633	0.001	0.117
sad	0.292	0.003	0.005	0.027	0.565	0.001	0.107
sad	0.294	0.005	0.004	0.015	0.555	0.001	0.126
sad	0.314	0.002	0.005	0.028	0.519	0.002	0.130
sad	0.292	0.003	0.004	0.018	0.587	0.001	0.095
sad	0.338	0.009	0.005	0.013	0.501	0.001	0.132
sad	0.275	0.004	0.006	0.013	0.612	0.001	0.088
sad	0.331	0.001	0.006	0.019	0.544	0.002	0.097
angry	0.429	0.005	0.006	0.018	0.423	0.002	0.118
sad	0.382	0.003	0.005	0.018	0.473	0.002	0.117
sad	0.283	0.003	0.004	0.025	0.554	0.002	0.129
angry	0.475	0.004	0.005	0.014	0.369	0.002	0.132
angry	0.522	0.004	0.005	0.040	0.288	0.005	0.136
sad	0.401	0.002	0.006	0.023	0.460	0.002	0.105
sad	0.340	0.004	0.004	0.018	0.517	0.001	0.115
sad	0.180	0.007	0.005	0.013	0.690	0.001	0.106
sad	0.196	0.017	0.005	0.009	0.662	0.001	0.109
sad	0.189	0.009	0.005	0.043	0.621	0.000	0.133
sad	0.164	0.014	0.008	0.017	0.709	0.000	0.087
sad	0.188	0.021	0.004	0.021	0.649	0.000	0.117
sad	0.125	0.006	0.005	0.010	0.773	0.000	0.080
sad	0.249	0.005	0.004	0.012	0.611	0.001	0.118
sad	0.280	0.004	0.004	0.011	0.601	0.001	0.099
sad	0.255	0.004	0.005	0.016	0.616	0.001	0.103
sad	0.346	0.005	0.004	0.026	0.474	0.001	0.144
sad	0.233	0.006	0.004	0.025	0.607	0.001	0.123
sad	0.201	0.007	0.003	0.018	0.670	0.001	0.100
sad	0.239	0.007	0.004	0.030	0.583	0.001	0.136
sad	0.183	0.007	0.003	0.015	0.688	0.001	0.104
sad	0.152	0.003	0.004	0.009	0.733	0.000	0.099
sad	0.292	0.003	0.007	0.022	0.573	0.001	0.101
sad	0.215	0.002	0.004	0.013	0.657	0.001	0.108
sad	0.238	0.004	0.006	0.014	0.636	0.001	0.102
sad	0.216	0.003	0.005	0.013	0.668	0.001	0.095
sad	0.413	0.002	0.005	0.014	0.429	0.002	0.135
sad	0.388	0.004	0.003	0.014	0.459	0.001	0.130
sad	0.207	0.003	0.006	0.010	0.688	0.001	0.086
sad	0.384	0.003	0.006	0.020	0.461	0.002	0.125
sad	0.318	0.003	0.005	0.016	0.546	0.001	0.110
sad	0.242	0.002	0.007	0.015	0.637	0.002	0.095
sad	0.293	0.004	0.004	0.009	0.604	0.001	0.086
sad	0.240	0.002	0.006	0.019	0.637	0.002	0.094
sad	0.306	0.002	0.004	0.011	0.584	0.001	0.090
sad	0.305	0.007	0.004	0.017	0.550	0.001	0.116
sad	0.308	0.003	0.004	0.015	0.568	0.001	0.100
sad	0.366	0.004	0.007	0.012	0.489	0.002	0.119
sad	0.210	0.004	0.005	0.011	0.650	0.001	0.119
sad	0.382	0.005	0.004	0.022	0.426	0.002	0.159
angry	0.471	0.002	0.004	0.017	0.363	0.002	0.140
sad	0.324	0.003	0.006	0.012	0.537	0.001	0.116
sad	0.231	0.002	0.007	0.010	0.642	0.001	0.107
sad	0.335	0.002	0.006	0.017	0.536	0.001	0.102
sad	0.268	0.002	0.005	0.010	0.592	0.001	0.121
sad	0.320	0.002	0.005	0.012	0.557	0.001	0.103
sad	0.351	0.002	0.005	0.010	0.523	0.002	0.107
sad	0.343	0.002	0.005	0.016	0.526	0.001	0.106
sad	0.307	0.002	0.006	0.016	0.556	0.002	0.111
sad	0.237	0.002	0.006	0.008	0.666	0.001	0.079
sad	0.291	0.001	0.006	0.008	0.617	0.001	0.075
sad	0.259	0.002	0.008	0.011	0.628	0.001	0.091
sad	0.277	0.003	0.004	0.013	0.571	0.001	0.132
sad	0.254	0.002	0.006	0.010	0.641	0.001	0.086
sad	0.155	0.002	0.006	0.009	0.696	0.001	0.130
sad	0.210	0.002	0.006	0.011	0.660	0.001	0.109
sad	0.225	0.002	0.005	0.008	0.678	0.001	0.081
sad	0.369	0.003	0.005	0.015	0.498	0.002	0.108
sad	0.345	0.002	0.005	0.015	0.511	0.001	0.121
sad	0.266	0.005	0.004	0.005	0.629	0.001	0.089
sad	0.246	0.004	0.004	0.007	0.623	0.001	0.116
angry	0.502	0.002	0.006	0.013	0.360	0.002	0.116
angry	0.521	0.003	0.004	0.014	0.354	0.001	0.103
angry	0.451	0.004	0.003	0.013	0.419	0.001	0.109
angry	0.468	0.002	0.003	0.016	0.397	0.001	0.114
sad	0.243	0.004	0.004	0.010	0.658	0.000	0.081
sad	0.316	0.002	0.004	0.017	0.538	0.001	0.121
sad	0.274	0.004	0.004	0.015	0.560	0.001	0.142
angry	0.456	0.005	0.005	0.009	0.434	0.001	0.090
sad	0.265	0.004	0.006	0.016	0.600	0.001	0.109
sad	0.210	0.005	0.006	0.010	0.694	0.001	0.075
sad	0.389	0.002	0.006	0.015	0.469	0.002	0.117
sad	0.270	0.002	0.009	0.012	0.616	0.002	0.089
sad	0.374	0.006	0.005	0.007	0.489	0.001	0.118
sad	0.314	0.002	0.008	0.007	0.576	0.002	0.091
sad	0.256	0.005	0.005	0.009	0.623	0.002	0.099
sad	0.205	0.002	0.009	0.012	0.683	0.001	0.087
sad	0.167	0.006	0.006	0.005	0.715	0.001	0.101
sad	0.279	0.005	0.005	0.007	0.610	0.001	0.093
sad	0.158	0.007	0.006	0.004	0.723	0.001	0.103
sad	0.176	0.005	0.006	0.005	0.705	0.001	0.102
sad	0.182	0.003	0.007	0.004	0.763	0.001	0.040
sad	0.154	0.005	0.010	0.005	0.774	0.001	0.052
sad	0.124	0.005	0.008	0.008	0.773	0.001	0.081
sad	0.122	0.005	0.005	0.006	0.773	0.000	0.088
sad	0.111	0.005	0.008	0.006	0.811	0.000	0.060
sad	0.160	0.007	0.005	0.005	0.734	0.001	0.089
sad	0.243	0.005	0.003	0.009	0.659	0.000	0.079
sad	0.198	0.003	0.006	0.005	0.700	0.001	0.086
sad	0.255	0.007	0.005	0.009	0.631	0.001	0.093
sad	0.198	0.004	0.006	0.005	0.674	0.001	0.113
sad	0.217	0.006	0.005	0.006	0.698	0.001	0.068
sad	0.192	0.005	0.003	0.010	0.692	0.000	0.097
sad	0.280	0.005	0.005	0.013	0.616	0.001	0.081
sad	0.294	0.007	0.004	0.006	0.619	0.000	0.070
sad	0.270	0.005	0.004	0.012	0.606	0.000	0.102
sad	0.288	0.006	0.004	0.007	0.616	0.000	0.078
sad	0.341	0.010	0.007	0.014	0.563	0.001	0.064
sad	0.178	0.004	0.008	0.005	0.753	0.001	0.051
sad	0.153	0.005	0.006	0.006	0.755	0.001	0.074
sad	0.280	0.004	0.004	0.006	0.631	0.000	0.074
sad	0.225	0.007	0.004	0.006	0.678	0.000	0.080
sad	0.215	0.005	0.005	0.008	0.680	0.001	0.086
sad	0.149	0.003	0.008	0.007	0.755	0.001	0.078
sad	0.176	0.005	0.006	0.006	0.736	0.001	0.070
sad	0.237	0.004	0.005	0.007	0.627	0.001	0.120
sad	0.201	0.003	0.008	0.007	0.718	0.001	0.062
sad	0.256	0.002	0.005	0.009	0.623	0.001	0.104
sad	0.355	0.004	0.004	0.011	0.513	0.001	0.113
sad	0.414	0.002	0.004	0.012	0.442	0.002	0.124
sad	0.265	0.001	0.005	0.005	0.615	0.001	0.107
sad	0.363	0.004	0.004	0.013	0.476	0.001	0.139
sad	0.222	0.002	0.005	0.005	0.682	0.001	0.083
sad	0.253	0.002	0.007	0.008	0.659	0.001	0.071
sad	0.276	0.001	0.005	0.004	0.639	0.001	0.074
sad	0.213	0.001	0.009	0.006	0.703	0.001	0.066
angry	0.483	0.004	0.007	0.013	0.376	0.003	0.115
sad	0.275	0.003	0.008	0.007	0.634	0.001	0.073
sad	0.398	0.004	0.004	0.018	0.480	0.001	0.095
sad	0.219	0.003	0.005	0.008	0.671	0.001	0.094
sad	0.257	0.002	0.006	0.011	0.627	0.001	0.094
sad	0.349	0.003	0.007	0.010	0.548	0.001	0.082
sad	0.239	0.002	0.005	0.010	0.634	0.000	0.109
sad	0.223	0.003	0.007	0.008	0.679	0.001	0.079
sad	0.207	0.004	0.005	0.008	0.677	0.000	0.098
sad	0.250	0.002	0.008	0.010	0.641	0.001	0.088
sad	0.259	0.003	0.006	0.008	0.646	0.001	0.078
sad	0.243	0.003	0.005	0.008	0.641	0.001	0.099
sad	0.205	0.003	0.006	0.009	0.665	0.001	0.111
sad	0.178	0.005	0.005	0.006	0.708	0.001	0.098
sad	0.212	0.002	0.006	0.011	0.666	0.001	0.102
sad	0.176	0.007	0.005	0.007	0.694	0.001	0.111
sad	0.305	0.002	0.006	0.014	0.562	0.001	0.110
sad	0.349	0.002	0.006	0.015	0.513	0.001	0.113
sad	0.222	0.001	0.009	0.008	0.675	0.002	0.084
sad	0.367	0.001	0.005	0.008	0.529	0.001	0.089
sad	0.265	0.002	0.006	0.010	0.625	0.001	0.091
sad	0.205	0.001	0.009	0.008	0.705	0.001	0.071
sad	0.324	0.002	0.005	0.007	0.542	0.002	0.118
sad	0.380	0.001	0.005	0.010	0.502	0.001	0.101
sad	0.297	0.001	0.006	0.009	0.613	0.002	0.072
sad	0.333	0.002	0.005	0.010	0.559	0.001	0.090
sad	0.386	0.002	0.005	0.015	0.478	0.002	0.113
sad	0.284	0.002	0.005	0.008	0.608	0.001	0.091
sad	0.345	0.001	0.005	0.010	0.543	0.002	0.094
sad	0.378	0.003	0.005	0.010	0.478	0.001	0.125
sad	0.297	0.001	0.005	0.007	0.599	0.002	0.089
sad	0.392	0.002	0.005	0.011	0.484	0.001	0.104
sad	0.232	0.002	0.006	0.007	0.648	0.001	0.104
sad	0.267	0.002	0.004	0.005	0.602	0.002	0.118
sad	0.284	0.001	0.005	0.005	0.599	0.001	0.105
sad	0.254	0.001	0.007	0.006	0.647	0.001	0.084
sad	0.263	0.001	0.004	0.015	0.482	0.001	0.235
sad	0.278	0.001	0.007	0.025	0.534	0.001	0.153
sad	0.261	0.005	0.003	0.009	0.585	0.000	0.136
sad	0.316	0.001	0.003	0.031	0.537	0.001	0.110
sad	0.404	0.002	0.004	0.022	0.470	0.001	0.098
sad	0.277	0.001	0.004	0.013	0.617	0.001	0.087
angry	0.422	0.003	0.005	0.049	0.396	0.003	0.123
sad	0.283	0.002	0.003	0.021	0.553	0.001	0.137
sad	0.337	0.002	0.003	0.026	0.490	0.002	0.140
sad	0.354	0.005	0.004	0.055	0.423	0.001	0.158
sad	0.384	0.001	0.004	0.038	0.424	0.002	0.147
