prediction	angry	disgust	fear	happy	sad	surprise	neutral
sad	0.132	0.000	0.040	0.000	0.617	0.000	0.211
sad	0.133	0.000	0.011	0.000	0.702	0.000	0.154
sad	0.119	0.000	0.010	0.000	0.568	0.000	0.303
sad	0.115	0.000	0.012	0.000	0.615	0.000	0.258
sad	0.101	0.000	0.010	0.000	0.711	0.000	0.179
sad	0.126	0.000	0.012	0.000	0.605	0.000	0.257
sad	0.129	0.000	0.010	0.000	0.561	0.000	0.300
sad	0.124	0.000	0.012	0.000	0.513	0.000	0.351
sad	0.152	0.000	0.012	0.000	0.566	0.000	0.270
sad	0.118	0.000	0.015	0.000	0.675	0.000	0.193
sad	0.152	0.000	0.021	0.000	0.656	0.000	0.170
sad	0.111	0.000	0.018	0.000	0.714	0.000	0.157
sad	0.209	0.000	0.029	0.000	0.579	0.000	0.184
sad	0.141	0.000	0.021	0.000	0.559	0.000	0.278
sad	0.058	0.000	0.021	0.000	0.710	0.000	0.211
sad	0.146	0.000	0.028	0.000	0.685	0.000	0.141
sad	0.048	0.000	0.017	0.000	0.756	0.000	0.179
sad	0.068	0.000	0.023	0.000	0.748	0.000	0.160
sad	0.110	0.000	0.017	0.000	0.709	0.000	0.165
sad	0.191	0.000	0.027	0.000	0.507	0.000	0.275
sad	0.189	0.000	0.027	0.000	0.622	0.000	0.162
sad	0.159	0.000	0.018	0.000	0.530	0.000	0.293
sad	0.210	0.000	0.009	0.000	0.652	0.000	0.129
sad	0.199	0.000	0.008	0.000	0.574	0.000	0.218
sad	0.226	0.000	0.028	0.000	0.542	0.000	0.204
sad	0.313	0.000	0.010	0.000	0.434	0.000	0.243
sad	0.246	0.000	0.011	0.000	0.573	0.000	0.170
sad	0.358	0.000	0.018	0.000	0.451	0.000	0.173
angry	0.464	0.000	0.015	0.000	0.439	0.000	0.082
angry	0.463	0.000	0.016	0.000	0.334	0.000	0.186
angry	0.379	0.000	0.008	0.000	0.362	0.000	0.251
angry	0.449	0.000	0.009	0.000	0.312	0.000	0.230
sad	0.277	0.000	0.006	0.000	0.390	0.000	0.326
sad	0.300	0.000	0.011	0.000	0.458	0.000	0.230
sad	0.370	0.000	0.012	0.000	0.451	0.000	0.167
angry	0.582	0.000	0.004	0.000	0.311	0.000	0.102
angry	0.446	0.000	0.017	0.000	0.416	0.000	0.121
angry	0.453	0.000	0.004	0.000	0.212	0.000	0.330
angry	0.428	0.000	0.009	0.000	0.330	0.000	0.233
angry	0.517	0.000	0.009	0.000	0.372	0.000	0.102
angry	0.500	0.000	0.006	0.000	0.380	0.000	0.113
angry	0.539	0.000	0.010	0.000	0.324	0.000	0.127
angry	0.554	0.000	0.005	0.000	0.283	0.000	0.158
sad	0.246	0.000	0.026	0.000	0.472	0.000	0.256
sad	0.330	0.000	0.008	0.000	0.428	0.000	0.234
sad	0.221	0.000	0.011	0.000	0.641	0.000	0.126
sad	0.352	0.000	0.010	0.000	0.551	0.000	0.087
sad	0.308	0.000	0.007	0.000	0.536	0.000	0.149
sad	0.324	0.000	0.005	0.000	0.522	0.000	0.149
sad	0.285	0.000	0.007	0.000	0.548	0.000	0.160
sad	0.288	0.000	0.009	0.000	0.591	0.000	0.112
sad	0.375	0.000	0.006	0.000	0.492	0.000	0.127
sad	0.346	0.000	0.007	0.000	0.510	0.000	0.136
sad	0.230	0.000	0.008	0.000	0.612	0.000	0.150
sad	0.343	0.000	0.012	0.000	0.532	0.000	0.113
sad	0.369	0.000	0.009	0.000	0.511	0.000	0.111
sad	0.259	0.000	0.021	0.000	0.564	0.000	0.156
sad	0.326	0.000	0.008	0.000	0.561	0.000	0.104
sad	0.337	0.000	0.007	0.000	0.577	0.000	0.079
sad	0.272	0.000	0.022	0.000	0.534	0.000	0.172
sad	0.223	0.000	0.016	0.000	0.649	0.000	0.112
sad	0.235	0.000	0.008	0.000	0.654	0.000	0.103
sad	0.269	0.000	0.011	0.000	0.622	0.000	0.097
sad	0.315	0.000	0.012	0.000	0.519	0.000	0.153
sad	0.254	0.000	0.018	0.000	0.570	0.000	0.158
sad	0.227	0.000	0.014	0.000	0.564	0.000	0.194
sad	0.236	0.000	0.009	0.000	0.571	0.000	0.183
sad	0.167	0.000	0.038	0.000	0.666	0.000	0.130
sad	0.128	0.000	0.025	0.000	0.644	0.000	0.203
sad	0.194	0.000	0.022	0.000	0.527	0.000	0.257
sad	0.168	0.000	0.020	0.000	0.712	0.000	0.100
sad	0.125	0.000	0.027	0.000	0.663	0.000	0.184
sad	0.258	0.000	0.029	0.000	0.567	0.000	0.145
sad	0.160	0.000	0.030	0.000	0.658	0.000	0.152
sad	0.204	0.000	0.025	0.000	0.507	0.000	0.264
sad	0.131	0.000	0.033	0.000	0.687	0.000	0.149
sad	0.171	0.000	0.042	0.000	0.521	0.000	0.265
sad	0.235	0.000	0.037	0.000	0.526	0.000	0.202
sad	0.211	0.000	0.023	0.000	0.485	0.000	0.280
sad	0.218	0.000	0.025	0.000	0.553	0.000	0.203
sad	0.120	0.000	0.024	0.000	0.608	0.000	0.247
sad	0.154	0.000	0.026	0.000	0.638	0.000	0.181
sad	0.126	0.000	0.013	0.000	0.698	0.000	0.164
sad	0.269	0.000	0.009	0.000	0.415	0.000	0.307
sad	0.173	0.000	0.018	0.000	0.639	0.000	0.170
sad	0.136	0.000	0.015	0.000	0.763	0.000	0.087
sad	0.139	0.000	0.012	0.000	0.742	0.000	0.107
sad	0.202	0.000	0.014	0.000	0.629	0.000	0.155
sad	0.187	0.000	0.016	0.000	0.586	0.000	0.210
sad	0.224	0.000	0.006	0.000	0.398	0.000	0.372
sad	0.136	0.000	0.019	0.000	0.675	0.000	0.169
sad	0.206	0.000	0.013	0.000	0.674	0.000	0.107
sad	0.210	0.000	0.013	0.000	0.685	0.000	0.092
sad	0.224	0.000	0.018	0.000	0.630	0.000	0.128
sad	0.171	0.000	0.009	0.000	0.735	0.000	0.085
sad	0.190	0.000	0.010	0.000	0.555	0.000	0.245
sad	0.170	0.000	0.006	0.000	0.599	0.000	0.225
sad	0.095	0.000	0.035	0.000	0.750	0.000	0.121
sad	0.165	0.000	0.011	0.000	0.735	0.000	0.089
sad	0.192	0.000	0.010	0.000	0.702	0.000	0.095
sad	0.237	0.000	0.008	0.000	0.703	0.000	0.051
sad	0.305	0.000	0.019	0.000	0.557	0.000	0.119
sad	0.241	0.000	0.011	0.000	0.652	0.000	0.096
sad	0.261	0.000	0.020	0.000	0.660	0.000	0.060
sad	0.271	0.000	0.009	0.000	0.654	0.000	0.067
sad	0.229	0.000	0.009	0.000	0.667	0.000	0.095
sad	0.271	0.000	0.013	0.000	0.582	0.000	0.134
sad	0.186	0.000	0.021	0.000	0.673	0.000	0.120
sad	0.116	0.000	0.026	0.000	0.774	0.000	0.083
sad	0.108	0.000	0.026	0.000	0.799	0.000	0.067
sad	0.148	0.000	0.025	0.000	0.779	0.000	0.048
sad	0.084	0.000	0.019	0.000	0.826	0.000	0.071
sad	0.102	0.000	0.015	0.000	0.808	0.000	0.075
sad	0.111	0.000	0.020	0.000	0.832	0.000	0.037
sad	0.091	0.000	0.016	0.000	0.840	0.000	0.053
sad	0.098	0.000	0.018	0.000	0.840	0.000	0.044
sad	0.088	0.000	0.018	0.000	0.850	0.000	0.045
sad	0.123	0.000	0.034	0.000	0.731	0.000	0.111
sad	0.141	0.000	0.015	0.000	0.792	0.000	0.052
sad	0.171	0.000	0.013	0.000	0.676	0.000	0.140
sad	0.141	0.000	0.018	0.000	0.742	0.000	0.099
sad	0.106	0.000	0.023	0.000	0.820	0.000	0.051
sad	0.134	0.000	0.016	0.000	0.726	0.000	0.124
sad	0.098	0.000	0.020	0.000	0.812	0.000	0.070
sad	0.118	0.000	0.015	0.000	0.779	0.000	0.087
sad	0.115	0.000	0.018	0.000	0.759	0.000	0.108
sad	0.098	0.000	0.016	0.000	0.814	0.000	0.072
sad	0.152	0.000	0.012	0.000	0.707	0.000	0.128
sad	0.150	0.000	0.010	0.000	0.750	0.000	0.090
sad	0.142	0.000	0.016	0.000	0.795	0.000	0.047
sad	0.108	0.000	0.015	0.000	0.812	0.000	0.064
sad	0.105	0.000	0.013	0.000	0.808	0.000	0.074
sad	0.109	0.000	0.014	0.000	0.814	0.000	0.063
sad	0.135	0.000	0.020	0.000	0.805	0.000	0.040
sad	0.131	0.000	0.017	0.000	0.801	0.000	0.051
sad	0.139	0.000	0.008	0.000	0.793	0.000	0.060
sad	0.266	0.000	0.007	0.000	0.644	0.000	0.084
sad	0.219	0.000	0.003	0.000	0.585	0.000	0.194
sad	0.170	0.000	0.004	0.000	0.657	0.000	0.170
sad	0.119	0.000	0.012	0.000	0.778	0.000	0.090
sad	0.151	0.000	0.013	0.000	0.758	0.000	0.078
sad	0.099	0.000	0.021	0.000	0.760	0.000	0.120
sad	0.120	0.000	0.019	0.000	0.502	0.000	0.358
sad	0.257	0.000	0.018	0.000	0.518	0.000	0.206
sad	0.240	0.000	0.016	0.000	0.514	0.000	0.230
sad	0.083	0.000	0.014	0.000	0.587	0.000	0.316
sad	0.070	0.000	0.018	0.000	0.781	0.000	0.130
sad	0.084	0.000	0.020	0.000	0.726	0.000	0.170
sad	0.101	0.000	0.015	0.000	0.725	0.000	0.158
sad	0.094	0.000	0.011	0.000	0.656	0.000	0.239
sad	0.120	0.000	0.014	0.000	0.685	0.000	0.181
sad	0.119	0.000	0.018	0.000	0.625	0.000	0.238
sad	0.121	0.000	0.019	0.000	0.527	0.000	0.333
sad	0.109	0.000	0.012	0.000	0.745	0.000	0.135
sad	0.105	0.000	0.013	0.000	0.804	0.000	0.078
sad	0.116	0.000	0.019	0.000	0.650	0.000	0.215
sad	0.119	0.000	0.014	0.000	0.756	0.000	0.111
sad	0.149	0.000	0.019	0.000	0.697	0.000	0.135
sad	0.119	0.000	0.012	0.000	0.703	0.000	0.165
sad	0.066	0.000	0.015	0.000	0.831	0.000	0.087
sad	0.098	0.000	0.012	0.000	0.803	0.000	0.088
sad	0.073	0.000	0.007	0.000	0.809	0.000	0.111
sad	0.073	0.000	0.020	0.000	0.851	0.000	0.056
sad	0.168	0.001	0.006	0.000	0.710	0.000	0.114
sad	0.107	0.000	0.009	0.000	0.734	0.000	0.150
sad	0.154	0.001	0.006	0.000	0.757	0.000	0.083
sad	0.117	0.000	0.021	0.000	0.781	0.000	0.081
sad	0.092	0.000	0.015	0.000	0.712	0.000	0.179
sad	0.109	0.000	0.016	0.000	0.759	0.000	0.116
sad	0.085	0.000	0.014	0.000	0.823	0.000	0.078
sad	0.050	0.000	0.011	0.000	0.766	0.000	0.173
sad	0.086	0.000	0.016	0.000	0.824	0.000	0.074
sad	0.052	0.000	0.009	0.000	0.800	0.000	0.138
sad	0.088	0.000	0.014	0.000	0.819	0.000	0.080
sad	0.105	0.000	0.011	0.000	0.664	0.000	0.220
sad	0.093	0.000	0.014	0.000	0.805	0.000	0.088
sad	0.078	0.000	0.015	0.000	0.823	0.000	0.084
sad	0.067	0.000	0.013	0.000	0.786	0.000	0.133
sad	0.071	0.000	0.013	0.000	0.863	0.000	0.053
sad	0.077	0.000	0.013	0.000	0.809	0.000	0.102
sad	0.078	0.000	0.016	0.000	0.816	0.000	0.090
sad	0.078	0.000	0.014	0.000	0.839	0.000	0.069
sad	0.093	0.000	0.008	0.000	0.698	0.000	0.202
sad	0.071	0.000	0.009	0.000	0.773	0.000	0.146
sad	0.151	0.000	0.008	0.000	0.705	0.000	0.135
sad	0.123	0.000	0.011	0.000	0.735	0.000	0.130
sad	0.085	0.000	0.006	0.000	0.836	0.000	0.072
sad	0.116	0.000	0.011	0.000	0.777	0.000	0.096
sad	0.167	0.000	0.011	0.000	0.746	0.000	0.075
sad	0.152	0.000	0.011	0.000	0.633	0.000	0.204
sad	0.135	0.000	0.012	0.000	0.737	0.000	0.115
sad	0.064	0.000	0.009	0.000	0.826	0.000	0.102
sad	0.067	0.000	0.007	0.000	0.808	0.000	0.117
sad	0.100	0.000	0.010	0.000	0.807	0.000	0.083
sad	0.098	0.000	0.008	0.000	0.809	0.000	0.084
sad	0.076	0.000	0.007	0.000	0.777	0.000	0.140
sad	0.111	0.000	0.006	0.000	0.750	0.000	0.133
sad	0.097	0.000	0.007	0.000	0.800	0.000	0.096
sad	0.081	0.000	0.011	0.000	0.803	0.000	0.105
sad	0.139	0.000	0.009	0.000	0.762	0.000	0.090
sad	0.139	0.000	0.009	0.000	0.705	0.000	0.147
sad	0.072	0.000	0.007	0.000	0.787	0.000	0.134
sad	0.053	0.000	0.009	0.000	0.819	0.000	0.119
sad	0.097	0.000	0.005	0.000	0.756	0.000	0.141
sad	0.080	0.000	0.007	0.000	0.807	0.000	0.105
sad	0.104	0.000	0.010	0.000	0.788	0.000	0.098
sad	0.095	0.000	0.008	0.000	0.798	0.000	0.099
sad	0.066	0.000	0.010	0.000	0.816	0.000	0.108
sad	0.077	0.000	0.011	0.000	0.841	0.000	0.071
sad	0.124	0.000	0.009	0.000	0.756	0.000	0.111
sad	0.131	0.000	0.013	0.000	0.716	0.000	0.140
sad	0.084	0.000	0.013	0.000	0.798	0.000	0.105
sad	0.092	0.000	0.011	0.000	0.770	0.000	0.127
sad	0.122	0.000	0.013	0.000	0.751	0.000	0.115
sad	0.113	0.000	0.011	0.000	0.742	0.000	0.133
sad	0.117	0.000	0.011	0.000	0.754	0.000	0.118
sad	0.095	0.000	0.012	0.000	0.822	0.000	0.071
sad	0.070	0.000	0.012	0.000	0.791	0.000	0.127
sad	0.073	0.000	0.010	0.000	0.789	0.000	0.128
sad	0.119	0.000	0.012	0.000	0.665	0.000	0.204
sad	0.083	0.000	0.011	0.000	0.695	0.000	0.211
sad	0.088	0.000	0.016	0.000	0.689	0.000	0.207
sad	0.108	0.000	0.017	0.000	0.736	0.000	0.140
sad	0.087	0.000	0.017	0.000	0.750	0.000	0.145
sad	0.096	0.000	0.017	0.000	0.732	0.000	0.155
sad	0.074	0.000	0.013	0.000	0.748	0.000	0.165
sad	0.108	0.000	0.020	0.000	0.561	0.000	0.311
sad	0.109	0.000	0.013	0.000	0.577	0.000	0.301
sad	0.084	0.000	0.013	0.000	0.626	0.000	0.277
sad	0.133	0.000	0.014	0.000	0.524	0.000	0.328
sad	0.159	0.000	0.021	0.000	0.559	0.000	0.261
sad	0.100	0.000	0.013	0.000	0.584	0.000	0.303
sad	0.095	0.000	0.015	0.000	0.678	0.000	0.212
sad	0.084	0.000	0.014	0.000	0.637	0.000	0.265
sad	0.091	0.000	0.013	0.000	0.763	0.000	0.133
sad	0.095	0.000	0.015	0.000	0.723	0.000	0.167
sad	0.078	0.000	0.009	0.000	0.803	0.000	0.109
sad	0.071	0.000	0.013	0.000	0.816	0.000	0.101
sad	0.082	0.000	0.011	0.000	0.808	0.000	0.098
sad	0.087	0.000	0.013	0.000	0.815	0.000	0.085
sad	0.090	0.000	0.012	0.000	0.799	0.000	0.099
sad	0.068	0.000	0.011	0.000	0.745	0.000	0.176
sad	0.103	0.000	0.010	0.000	0.770	0.000	0.117
sad	0.102	0.000	0.013	0.000	0.788	0.000	0.096
sad	0.096	0.000	0.011	0.000	0.755	0.000	0.137
sad	0.071	0.000	0.015	0.000	0.773	0.000	0.141
sad	0.092	0.000	0.018	0.000	0.785	0.000	0.104
sad	0.077	0.000	0.009	0.000	0.762	0.000	0.151
sad	0.106	0.000	0.013	0.000	0.813	0.000	0.068
sad	0.070	0.000	0.016	0.000	0.816	0.000	0.098
sad	0.117	0.000	0.011	0.000	0.768	0.000	0.104
sad	0.079	0.000	0.015	0.000	0.754	0.000	0.152
sad	0.116	0.000	0.008	0.000	0.752	0.000	0.123
sad	0.069	0.000	0.014	0.000	0.693	0.000	0.224
sad	0.088	0.000	0.014	0.000	0.799	0.000	0.099
sad	0.086	0.000	0.011	0.000	0.793	0.000	0.110
sad	0.090	0.000	0.012	0.000	0.778	0.000	0.120
sad	0.121	0.000	0.015	0.000	0.584	0.000	0.280
sad	0.098	0.000	0.008	0.000	0.796	0.000	0.098
sad	0.083	0.000	0.015	0.000	0.820	0.000	0.082
sad	0.150	0.000	0.012	0.000	0.769	0.000	0.069
sad	0.091	0.000	0.009	0.000	0.788	0.000	0.112
sad	0.122	0.000	0.012	0.000	0.744	0.000	0.122
sad	0.113	0.000	0.009	0.000	0.715	0.000	0.163
sad	0.081	0.000	0.011	0.000	0.806	0.000	0.101
sad	0.111	0.000	0.011	0.000	0.767	0.000	0.111
sad	0.106	0.000	0.014	0.000	0.792	0.000	0.088
sad	0.067	0.000	0.016	0.000	0.812	0.000	0.105
sad	0.069	0.000	0.017	0.000	0.786	0.000	0.128
sad	0.073	0.000	0.012	0.000	0.755	0.000	0.160
sad	0.076	0.000	0.012	0.000	0.807	0.000	0.105
sad	0.069	0.000	0.011	0.000	0.843	0.000	0.077
sad	0.095	0.000	0.018	0.000	0.829	0.000	0.058
sad	0.056	0.000	0.010	0.000	0.848	0.000	0.086
sad	0.112	0.000	0.027	0.000	0.808	0.000	0.053
sad	0.096	0.000	0.020	0.000	0.851	0.000	0.032
sad	0.098	0.000	0.019	0.000	0.838	0.000	0.045
sad	0.076	0.000	0.017	0.000	0.869	0.000	0.038
sad	0.076	0.000	0.012	0.000	0.856	0.000	0.056
sad	0.126	0.000	0.024	0.000	0.808	0.000	0.042
sad	0.070	0.000	0.015	0.000	0.866	0.000	0.048
sad	0.104	0.000	0.023	0.000	0.794	0.000	0.079
sad	0.062	0.000	0.014	0.000	0.877	0.000	0.047
sad	0.079	0.000	0.011	0.000	0.808	0.000	0.102
sad	0.052	0.000	0.018	0.000	0.901	0.000	0.029
sad	0.114	0.000	0.019	0.000	0.801	0.000	0.066
sad	0.120	0.000	0.018	0.000	0.751	0.000	0.111
sad	0.112	0.000	0.014	0.000	0.787	0.000	0.086
sad	0.095	0.000	0.026	0.000	0.809	0.000	0.070
sad	0.107	0.000	0.015	0.000	0.736	0.000	0.142
sad	0.104	0.000	0.019	0.000	0.803	0.000	0.073
sad	0.114	0.000	0.011	0.000	0.765	0.000	0.110
sad	0.165	0.000	0.022	0.000	0.704	0.000	0.109
sad	0.142	0.000	0.016	0.000	0.741	0.000	0.101
sad	0.126	0.000	0.014	0.000	0.747	0.000	0.113
sad	0.200	0.000	0.012	0.000	0.640	0.000	0.148
sad	0.053	0.000	0.018	0.000	0.734	0.000	0.194
sad	0.112	0.000	0.010	0.000	0.643	0.000	0.236
sad	0.109	0.000	0.015	0.000	0.740	0.000	0.136
sad	0.205	0.000	0.023	0.000	0.666	0.000	0.106
sad	0.152	0.000	0.025	0.000	0.756	0.000	0.066
sad	0.203	0.000	0.015	0.000	0.675	0.000	0.107
sad	0.098	0.000	0.019	0.000	0.828	0.000	0.056
sad	0.134	0.000	0.014	0.000	0.736	0.000	0.116
sad	0.150	0.000	0.014	0.000	0.626	0.000	0.209
sad	0.123	0.000	0.022	0.000	0.778	0.000	0.078
sad	0.130	0.000	0.024	0.000	0.788	0.000	0.058
sad	0.108	0.000	0.018	0.000	0.713	0.000	0.161
sad	0.121	0.000	0.032	0.000	0.759	0.000	0.087
sad	0.146	0.000	0.021	0.000	0.752	0.000	0.081
sad	0.112	0.000	0.032	0.000	0.798	0.000	0.058
sad	0.106	0.000	0.013	0.000	0.791	0.000	0.090
sad	0.155	0.000	0.029	0.000	0.751	0.000	0.065
sad	0.110	0.000	0.026	0.000	0.774	0.000	0.089
sad	0.117	0.000	0.023	0.000	0.714	0.000	0.145
sad	0.263	0.000	0.013	0.000	0.629	0.000	0.095
sad	0.101	0.000	0.021	0.000	0.831	0.000	0.046
sad	0.112	0.000	0.009	0.000	0.784	0.000	0.095
sad	0.234	0.000	0.008	0.000	0.651	0.000	0.107
sad	0.164	0.000	0.018	0.000	0.695	0.000	0.123
sad	0.090	0.000	0.029	0.000	0.829	0.000	0.052
sad	0.078	0.000	0.015	0.000	0.823	0.000	0.084
sad	0.248	0.000	0.012	0.000	0.567	0.000	0.173
sad	0.080	0.000	0.020	0.000	0.826	0.000	0.074
sad	0.122	0.000	0.014	0.000	0.730	0.000	0.134
sad	0.089	0.000	0.017	0.000	0.807	0.000	0.087
sad	0.117	0.000	0.011	0.000	0.675	0.000	0.197
sad	0.126	0.000	0.014	0.000	0.775	0.000	0.085
sad	0.134	0.000	0.017	0.000	0.780	0.000	0.069
sad	0.145	0.000	0.008	0.000	0.712	0.000	0.134
sad	0.111	0.000	0.014	0.000	0.797	0.000	0.077
sad	0.113	0.000	0.016	0.000	0.758	0.000	0.113
sad	0.101	0.000	0.014	0.000	0.807	0.000	0.078
sad	0.092	0.000	0.008	0.000	0.758	0.000	0.141
sad	0.098	0.000	0.012	0.000	0.832	0.000	0.058
sad	0.088	0.000	0.016	0.000	0.803	0.000	0.093
sad	0.092	0.000	0.011	0.000	0.798	0.000	0.098
sad	0.119	0.000	0.017	0.000	0.789	0.000	0.075
sad	0.109	0.000	0.009	0.000	0.762	0.000	0.120
sad	0.138	0.000	0.020	0.000	0.784	0.000	0.058
sad	0.089	0.000	0.007	0.000	0.743	0.000	0.162
sad	0.132	0.000	0.012	0.000	0.756	0.000	0.099
sad	0.303	0.000	0.005	0.000	0.653	0.000	0.040
sad	0.160	0.000	0.014	0.000	0.699	0.000	0.127
sad	0.102	0.000	0.007	0.000	0.730	0.000	0.161
sad	0.145	0.000	0.010	0.000	0.693	0.000	0.152
sad	0.115	0.000	0.013	0.000	0.741	0.000	0.131
sad	0.141	0.000	0.016	0.000	0.690	0.000	0.153
sad	0.107	0.000	0.027	0.000	0.752	0.000	0.114
sad	0.184	0.000	0.009	0.000	0.666	0.000	0.142
sad	0.218	0.000	0.016	0.000	0.701	0.000	0.064
sad	0.258	0.000	0.005	0.000	0.641	0.000	0.096
sad	0.154	0.000	0.011	0.000	0.697	0.000	0.138
sad	0.173	0.000	0.013	0.000	0.644	0.000	0.170
sad	0.187	0.000	0.020	0.000	0.707	0.000	0.086
sad	0.162	0.000	0.022	0.000	0.685	0.000	0.131
sad	0.140	0.000	0.011	0.000	0.665	0.000	0.184
sad	0.144	0.000	0.023	0.000	0.731	0.000	0.102
sad	0.125	0.000	0.010	0.000	0.677	0.000	0.189
sad	0.111	0.000	0.023	0.000	0.794	0.000	0.072
sad	0.167	0.000	0.014	0.000	0.678	0.000	0.141
sad	0.140	0.000	0.017	0.000	0.727	0.000	0.116
sad	0.171	0.000	0.011	0.000	0.683	0.000	0.135
sad	0.096	0.000	0.029	0.000	0.792	0.000	0.082
sad	0.203	0.000	0.010	0.000	0.656	0.000	0.131
sad	0.176	0.000	0.013	0.000	0.681	0.000	0.130
sad	0.146	0.000	0.026	0.000	0.746	0.000	0.081
sad	0.130	0.000	0.011	0.000	0.679	0.000	0.180
sad	0.182	0.000	0.012	0.000	0.707	0.000	0.098
sad	0.136	0.000	0.021	0.000	0.751	0.000	0.092
sad	0.120	0.000	0.016	0.000	0.761	0.000	0.102
sad	0.093	0.000	0.020	0.000	0.832	0.000	0.054
sad	0.178	0.000	0.018	0.000	0.740	0.000	0.063
sad	0.158	0.000	0.014	0.000	0.683	0.000	0.145
sad	0.160	0.000	0.013	0.000	0.678	0.000	0.149
sad	0.110	0.000	0.015	0.000	0.715	0.000	0.160
sad	0.106	0.000	0.028	0.000	0.779	0.000	0.086
sad	0.094	0.000	0.016	0.000	0.741	0.000	0.149
sad	0.053	0.000	0.025	0.000	0.844	0.000	0.077
sad	0.124	0.000	0.011	0.000	0.655	0.000	0.210
sad	0.125	0.000	0.012	0.000	0.562	0.000	0.301
sad	0.131	0.000	0.011	0.000	0.713	0.000	0.145
sad	0.090	0.000	0.010	0.000	0.762	0.000	0.138
sad	0.111	0.000	0.025	0.000	0.755	0.000	0.109
sad	0.100	0.000	0.021	0.000	0.767	0.000	0.112
sad	0.128	0.000	0.020	0.000	0.755	0.000	0.097
sad	0.127	0.000	0.013	0.000	0.753	0.000	0.107
sad	0.055	0.000	0.022	0.000	0.870	0.000	0.053
sad	0.077	0.000	0.016	0.000	0.841	0.000	0.067
sad	0.087	0.000	0.016	0.000	0.835	0.000	0.062
sad	0.086	0.000	0.021	0.000	0.844	0.000	0.049
sad	0.077	0.000	0.016	0.000	0.872	0.000	0.034
sad	0.069	0.000	0.016	0.000	0.879	0.000	0.036
sad	0.105	0.000	0.012	0.000	0.823	0.000	0.059
sad	0.128	0.000	0.025	0.000	0.766	0.000	0.081
sad	0.085	0.000	0.015	0.000	0.798	0.000	0.102
sad	0.073	0.000	0.020	0.000	0.831	0.000	0.076
sad	0.150	0.000	0.016	0.000	0.761	0.000	0.072
sad	0.138	0.000	0.009	0.000	0.733	0.000	0.120
sad	0.125	0.000	0.019	0.000	0.684	0.000	0.173
sad	0.148	0.000	0.013	0.000	0.763	0.000	0.076
sad	0.090	0.000	0.015	0.000	0.815	0.000	0.080
sad	0.112	0.000	0.016	0.000	0.748	0.000	0.124
sad	0.137	0.000	0.011	0.000	0.752	0.000	0.100
sad	0.101	0.000	0.009	0.000	0.766	0.000	0.124
sad	0.110	0.000	0.015	0.000	0.783	0.000	0.093
sad	0.096	0.000	0.024	0.000	0.828	0.000	0.052
sad	0.080	0.000	0.012	0.000	0.812	0.000	0.096
sad	0.079	0.000	0.014	0.000	0.761	0.000	0.146
sad	0.147	0.000	0.012	0.000	0.699	0.000	0.141
sad	0.108	0.000	0.011	0.000	0.753	0.000	0.127
sad	0.082	0.000	0.008	0.000	0.757	0.000	0.153
sad	0.102	0.000	0.020	0.000	0.785	0.000	0.093
sad	0.098	0.000	0.022	0.000	0.791	0.000	0.088
sad	0.085	0.000	0.014	0.000	0.807	0.000	0.094
sad	0.104	0.000	0.015	0.000	0.766	0.000	0.115
sad	0.114	0.000	0.015	0.000	0.733	0.000	0.138
sad	0.112	0.000	0.009	0.000	0.771	0.000	0.108
sad	0.095	0.000	0.038	0.000	0.722	0.000	0.145
sad	0.088	0.000	0.022	0.000	0.771	0.000	0.119
sad	0.072	0.000	0.036	0.000	0.831	0.000	0.061
sad	0.136	0.000	0.027	0.000	0.740	0.000	0.097
sad	0.138	0.000	0.023	0.000	0.761	0.000	0.078
sad	0.092	0.000	0.022	0.000	0.841	0.000	0.045
sad	0.117	0.000	0.007	0.000	0.776	0.000	0.099
sad	0.146	0.000	0.013	0.000	0.771	0.000	0.070
sad	0.141	0.000	0.013	0.000	0.766	0.000	0.081
sad	0.119	0.000	0.035	0.000	0.796	0.000	0.049
sad	0.176	0.000	0.030	0.000	0.688	0.000	0.106
sad	0.132	0.000	0.032	0.000	0.794	0.000	0.042
sad	0.116	0.000	0.016	0.000	0.814	0.000	0.054
sad	0.138	0.000	0.015	0.000	0.773	0.000	0.074
sad	0.151	0.000	0.018	0.000	0.722	0.000	0.109
sad	0.154	0.000	0.022	0.000	0.748	0.000	0.075
sad	0.108	0.000	0.032	0.000	0.809	0.000	0.051
sad	0.119	0.000	0.012	0.000	0.723	0.000	0.145
sad	0.096	0.000	0.019	0.000	0.780	0.000	0.106
sad	0.100	0.000	0.018	0.000	0.764	0.000	0.118
sad	0.088	0.000	0.032	0.000	0.836	0.000	0.045
sad	0.114	0.000	0.018	0.000	0.771	0.000	0.097
sad	0.168	0.000	0.016	0.000	0.733	0.000	0.083
sad	0.173	0.000	0.022	0.000	0.736	0.000	0.069
sad	0.152	0.000	0.017	0.000	0.711	0.000	0.119
sad	0.204	0.000	0.021	0.000	0.690	0.000	0.085
sad	0.108	0.000	0.020	0.000	0.826	0.000	0.046
sad	0.205	0.000	0.026	0.000	0.715	0.000	0.053
sad	0.217	0.000	0.025	0.000	0.723	0.000	0.036
sad	0.196	0.000	0.020	0.000	0.750	0.000	0.034
sad	0.237	0.000	0.011	0.000	0.636	0.000	0.116
sad	0.360	0.000	0.011	0.000	0.541	0.000	0.088
sad	0.165	0.000	0.018	0.000	0.721	0.000	0.096
sad	0.154	0.000	0.023	0.000	0.771	0.000	0.053
sad	0.097	0.000	0.029	0.000	0.819	0.000	0.055
sad	0.129	0.000	0.021	0.000	0.783	0.000	0.068
sad	0.130	0.000	0.028	0.000	0.786	0.000	0.055
sad	0.162	0.000	0.028	0.000	0.778	0.000	0.031
sad	0.159	0.000	0.016	0.000	0.756	0.000	0.069
sad	0.241	0.000	0.019	0.000	0.649	0.000	0.090
sad	0.169	0.000	0.025	0.000	0.746	0.000	0.060
sad	0.202	0.000	0.019	0.000	0.716	0.000	0.063
sad	0.198	0.000	0.014	0.000	0.720	0.000	0.067
sad	0.175	0.000	0.023	0.000	0.764	0.000	0.038
sad	0.113	0.000	0.029	0.000	0.812	0.000	0.046
sad	0.135	0.000	0.040	0.000	0.776	0.000	0.049
sad	0.103	0.000	0.057	0.000	0.794	0.000	0.046
sad	0.088	0.000	0.035	0.000	0.811	0.000	0.066
sad	0.138	0.000	0.051	0.000	0.744	0.000	0.067
sad	0.145	0.000	0.032	0.000	0.783	0.000	0.040
sad	0.152	0.000	0.028	0.000	0.783	0.000	0.037
sad	0.268	0.000	0.021	0.000	0.669	0.000	0.041
sad	0.130	0.000	0.035	0.000	0.786	0.000	0.049
sad	0.197	0.000	0.018	0.000	0.745	0.000	0.039
sad	0.206	0.000	0.024	0.000	0.738	0.000	0.031
sad	0.163	0.000	0.036	0.000	0.765	0.000	0.036
sad	0.159	0.000	0.030	0.000	0.742	0.000	0.069
sad	0.291	0.000	0.015	0.000	0.656	0.000	0.038
sad	0.116	0.000	0.061	0.000	0.767	0.000	0.055
sad	0.107	0.000	0.038	0.000	0.820	0.000	0.035
sad	0.112	0.000	0.058	0.000	0.798	0.000	0.032
sad	0.152	0.000	0.046	0.000	0.774	0.000	0.028
sad	0.204	0.000	0.022	0.000	0.690	0.000	0.084
sad	0.165	0.000	0.014	0.000	0.750	0.000	0.071
sad	0.174	0.000	0.022	0.000	0.707	0.000	0.097
sad	0.137	0.000	0.026	0.000	0.736	0.000	0.101
sad	0.192	0.000	0.030	0.000	0.681	0.000	0.097
sad	0.158	0.000	0.037	0.000	0.718	0.000	0.087
sad	0.178	0.000	0.031	0.000	0.695	0.000	0.096
sad	0.190	0.000	0.030	0.000	0.709	0.000	0.071
sad	0.258	0.000	0.025	0.000	0.636	0.000	0.080
sad	0.153	0.000	0.034	0.000	0.716	0.000	0.097
sad	0.138	0.000	0.039	0.000	0.731	0.000	0.092
sad	0.133	0.000	0.037	0.000	0.717	0.000	0.112
sad	0.154	0.000	0.039	0.000	0.777	0.000	0.030
sad	0.112	0.000	0.040	0.000	0.800	0.000	0.048
sad	0.059	0.000	0.032	0.000	0.874	0.000	0.035
sad	0.098	0.000	0.055	0.000	0.797	0.000	0.050
sad	0.088	0.000	0.055	0.000	0.818	0.000	0.039
sad	0.096	0.000	0.042	0.000	0.724	0.000	0.139
sad	0.125	0.000	0.018	0.000	0.631	0.000	0.226
sad	0.122	0.000	0.039	0.000	0.771	0.000	0.067
sad	0.144	0.000	0.027	0.000	0.633	0.000	0.196
sad	0.156	0.000	0.032	0.000	0.737	0.000	0.075
sad	0.143	0.000	0.048	0.000	0.712	0.000	0.097
sad	0.141	0.000	0.022	0.000	0.631	0.000	0.206
sad	0.138	0.000	0.038	0.000	0.714	0.000	0.110
sad	0.168	0.000	0.026	0.000	0.629	0.000	0.177
sad	0.136	0.000	0.030	0.000	0.646	0.000	0.188
sad	0.250	0.000	0.016	0.000	0.578	0.000	0.155
sad	0.131	0.000	0.043	0.000	0.701	0.000	0.125
sad	0.152	0.000	0.024	0.000	0.517	0.000	0.307
sad	0.168	0.000	0.024	0.000	0.560	0.000	0.247
sad	0.121	0.000	0.022	0.000	0.613	0.000	0.244
sad	0.313	0.000	0.017	0.000	0.569	0.000	0.102
sad	0.226	0.000	0.021	0.000	0.634	0.000	0.118
sad	0.193	0.000	0.040	0.000	0.651	0.000	0.116
sad	0.195	0.000	0.036	0.000	0.702	0.000	0.067
sad	0.221	0.000	0.035	0.000	0.698	0.000	0.046
sad	0.106	0.000	0.031	0.000	0.650	0.000	0.214
sad	0.138	0.000	0.025	0.000	0.630	0.000	0.207
sad	0.172	0.000	0.027	0.000	0.643	0.000	0.157
sad	0.175	0.000	0.032	0.000	0.594	0.000	0.198
sad	0.268	0.000	0.033	0.000	0.651	0.000	0.048
sad	0.189	0.000	0.042	0.000	0.724	0.000	0.045
sad	0.208	0.000	0.036	0.000	0.702	0.000	0.054
sad	0.217	0.000	0.023	0.000	0.587	0.000	0.174
sad	0.247	0.000	0.033	0.000	0.690	0.000	0.029
sad	0.115	0.000	0.024	0.000	0.593	0.000	0.268
sad	0.217	0.000	0.036	0.000	0.653	0.000	0.093
sad	0.283	0.000	0.040	0.000	0.642	0.000	0.035
sad	0.227	0.000	0.046	0.000	0.683	0.000	0.044
sad	0.213	0.000	0.045	0.000	0.698	0.000	0.044
sad	0.177	0.000	0.039	0.000	0.717	0.000	0.067
sad	0.169	0.000	0.042	0.000	0.720	0.000	0.068
sad	0.269	0.000	0.035	0.000	0.656	0.000	0.039
sad	0.140	0.000	0.032	0.000	0.729	0.000	0.099
sad	0.284	0.000	0.027	0.000	0.657	0.000	0.032
sad	0.154	0.000	0.046	0.000	0.691	0.000	0.109
sad	0.199	0.000	0.028	0.000	0.585	0.000	0.188
sad	0.122	0.000	0.026	0.000	0.602	0.000	0.250
sad	0.127	0.000	0.033	0.000	0.572	0.000	0.268
sad	0.146	0.000	0.036	0.000	0.619	0.000	0.199
sad	0.181	0.000	0.024	0.000	0.542	0.000	0.253
sad	0.348	0.000	0.011	0.000	0.481	0.000	0.160
sad	0.201	0.000	0.026	0.000	0.537	0.000	0.235
sad	0.339	0.000	0.036	0.000	0.592	0.000	0.033
sad	0.388	0.000	0.012	0.000	0.515	0.000	0.085
sad	0.178	0.000	0.028	0.000	0.632	0.000	0.163
sad	0.175	0.000	0.038	0.000	0.573	0.000	0.214
sad	0.378	0.000	0.020	0.000	0.449	0.000	0.153
sad	0.185	0.000	0.051	0.000	0.698	0.000	0.066
sad	0.131	0.000	0.070	0.000	0.744	0.000	0.054
sad	0.187	0.000	0.068	0.000	0.655	0.000	0.090
sad	0.114	0.000	0.043	0.000	0.628	0.000	0.215
sad	0.292	0.000	0.016	0.000	0.634	0.000	0.057
sad	0.174	0.000	0.044	0.000	0.711	0.000	0.071
sad	0.158	0.000	0.060	0.000	0.710	0.000	0.072
sad	0.305	0.000	0.043	0.000	0.541	0.000	0.112
sad	0.370	0.000	0.027	0.000	0.559	0.000	0.044
sad	0.167	0.000	0.043	0.000	0.692	0.000	0.097
sad	0.179	0.000	0.049	0.000	0.680	0.000	0.092
sad	0.148	0.000	0.029	0.000	0.673	0.000	0.150
sad	0.252	0.000	0.031	0.000	0.495	0.000	0.223
sad	0.245	0.000	0.027	0.000	0.498	0.000	0.231
sad	0.145	0.000	0.045	0.000	0.557	0.000	0.253
sad	0.209	0.000	0.046	0.000	0.597	0.000	0.148
sad	0.261	0.000	0.036	0.000	0.549	0.000	0.154
sad	0.174	0.000	0.037	0.000	0.552	0.000	0.237
sad	0.272	0.000	0.038	0.000	0.564	0.000	0.126
sad	0.184	0.000	0.037	0.000	0.666	0.000	0.114
sad	0.141	0.000	0.036	0.000	0.607	0.000	0.216
sad	0.264	0.000	0.023	0.000	0.532	0.000	0.181
sad	0.182	0.000	0.020	0.000	0.618	0.000	0.180
sad	0.247	0.000	0.031	0.000	0.574	0.000	0.148
sad	0.210	0.000	0.044	0.000	0.623	0.000	0.122
sad	0.225	0.000	0.029	0.000	0.590	0.000	0.156
sad	0.173	0.000	0.058	0.000	0.699	0.000	0.069
sad	0.261	0.000	0.045	0.000	0.586	0.000	0.108
sad	0.202	0.000	0.039	0.000	0.436	0.000	0.323
sad	0.192	0.000	0.062	0.000	0.652	0.000	0.093
sad	0.146	0.000	0.037	0.000	0.656	0.000	0.161
sad	0.154	0.000	0.043	0.000	0.606	0.000	0.197
sad	0.310	0.000	0.037	0.000	0.521	0.000	0.132
angry	0.486	0.000	0.009	0.000	0.366	0.000	0.138
sad	0.295	0.000	0.009	0.000	0.552	0.000	0.143
sad	0.360	0.000	0.018	0.000	0.488	0.000	0.134
sad	0.238	0.000	0.022	0.000	0.474	0.000	0.266
sad	0.267	0.000	0.031	0.000	0.536	0.000	0.165
sad	0.276	0.000	0.030	0.000	0.556	0.000	0.138
sad	0.309	0.000	0.010	0.000	0.567	0.000	0.114
sad	0.210	0.000	0.023	0.000	0.450	0.000	0.317
sad	0.279	0.000	0.051	0.000	0.616	0.000	0.054
sad	0.162	0.000	0.033	0.000	0.555	0.000	0.250
sad	0.214	0.000	0.017	0.000	0.481	0.000	0.287
sad	0.204	0.000	0.029	0.000	0.521	0.000	0.246
sad	0.378	0.000	0.011	0.000	0.464	0.000	0.147
sad	0.198	0.000	0.040	0.000	0.631	0.000	0.131
sad	0.232	0.000	0.012	0.000	0.614	0.000	0.142
sad	0.127	0.000	0.056	0.000	0.569	0.000	0.248
sad	0.169	0.000	0.028	0.000	0.556	0.000	0.248
sad	0.185	0.000	0.020	0.000	0.513	0.000	0.282
sad	0.192	0.000	0.058	0.000	0.692	0.000	0.058
sad	0.271	0.000	0.028	0.000	0.545	0.000	0.155
sad	0.235	0.000	0.027	0.000	0.476	0.000	0.261
sad	0.223	0.000	0.036	0.000	0.554	0.000	0.187
sad	0.270	0.000	0.037	0.000	0.575	0.000	0.119
sad	0.287	0.000	0.027	0.000	0.471	0.000	0.215
sad	0.152	0.000	0.058	0.000	0.547	0.000	0.242
angry	0.468	0.000	0.016	0.000	0.415	0.000	0.101
sad	0.214	0.000	0.036	0.000	0.474	0.000	0.276
sad	0.192	0.000	0.019	0.000	0.464	0.000	0.325
sad	0.215	0.000	0.035	0.000	0.474	0.000	0.275
sad	0.269	0.000	0.032	0.000	0.494	0.000	0.205
sad	0.177	0.000	0.024	0.000	0.499	0.000	0.299
sad	0.270	0.000	0.047	0.000	0.534	0.000	0.149
sad	0.339	0.000	0.022	0.000	0.503	0.000	0.136
sad	0.243	0.000	0.048	0.000	0.587	0.000	0.123
sad	0.266	0.000	0.033	0.000	0.494	0.000	0.207
sad	0.257	0.000	0.065	0.000	0.556	0.000	0.122
sad	0.369	0.000	0.021	0.000	0.466	0.000	0.144
sad	0.291	0.000	0.045	0.000	0.522	0.000	0.141
sad	0.373	0.000	0.018	0.000	0.465	0.000	0.145
sad	0.289	0.000	0.026	0.000	0.476	0.000	0.209
sad	0.344	0.000	0.030	0.000	0.417	0.000	0.209
sad	0.295	0.000	0.032	0.000	0.544	0.000	0.130
sad	0.220	0.000	0.057	0.000	0.625	0.000	0.098
sad	0.246	0.000	0.062	0.000	0.606	0.000	0.087
sad	0.219	0.000	0.033	0.000	0.552	0.000	0.196
sad	0.175	0.000	0.058	0.000	0.719	0.000	0.048
sad	0.209	0.000	0.060	0.000	0.576	0.000	0.155
sad	0.373	0.000	0.016	0.000	0.505	0.000	0.107
angry	0.462	0.000	0.013	0.000	0.418	0.000	0.107
sad	0.284	0.000	0.043	0.000	0.418	0.000	0.254
sad	0.237	0.000	0.030	0.000	0.489	0.000	0.244
sad	0.277	0.000	0.036	0.000	0.509	0.000	0.177
sad	0.267	0.000	0.040	0.000	0.468	0.000	0.225
sad	0.229	0.000	0.036	0.000	0.470	0.000	0.264
sad	0.212	0.000	0.029	0.000	0.451	0.000	0.307
sad	0.272	0.000	0.051	0.000	0.488	0.000	0.189
sad	0.262	0.000	0.018	0.000	0.503	0.000	0.217
sad	0.242	0.000	0.049	0.000	0.535	0.000	0.173
sad	0.254	0.000	0.034	0.000	0.442	0.000	0.270
sad	0.230	0.000	0.032	0.000	0.468	0.000	0.270
sad	0.184	0.000	0.069	0.000	0.656	0.000	0.091
sad	0.288	0.000	0.031	0.000	0.463	0.000	0.218
sad	0.219	0.000	0.046	0.000	0.609	0.000	0.125
sad	0.293	0.000	0.019	0.000	0.556	0.000	0.132
sad	0.208	0.000	0.026	0.000	0.539	0.000	0.227
sad	0.276	0.000	0.039	0.000	0.496	0.000	0.189
sad	0.215	0.000	0.045	0.000	0.511	0.000	0.228
sad	0.317	0.000	0.043	0.000	0.466	0.000	0.174
sad	0.350	0.000	0.031	0.000	0.421	0.000	0.197
sad	0.360	0.000	0.015	0.000	0.488	0.000	0.138
sad	0.275	0.000	0.031	0.000	0.542	0.000	0.151
sad	0.258	0.000	0.026	0.000	0.484	0.000	0.232
sad	0.329	0.000	0.024	0.000	0.539	0.000	0.108
sad	0.254	0.000	0.018	0.000	0.608	0.000	0.121
sad	0.303	0.000	0.043	0.000	0.531	0.000	0.123
sad	0.317	0.000	0.032	0.000	0.562	0.000	0.089
sad	0.374	0.000	0.014	0.000	0.451	0.000	0.161
angry	0.712	0.000	0.006	0.000	0.251	0.000	0.030
sad	0.169	0.000	0.053	0.000	0.741	0.000	0.037
sad	0.346	0.000	0.036	0.000	0.459	0.000	0.158
sad	0.258	0.000	0.023	0.000	0.550	0.000	0.169
sad	0.234	0.000	0.064	0.000	0.604	0.000	0.098
sad	0.322	0.000	0.021	0.000	0.551	0.000	0.105
sad	0.384	0.000	0.016	0.000	0.473	0.000	0.127
sad	0.394	0.000	0.022	0.000	0.486	0.000	0.097
sad	0.215	0.000	0.065	0.000	0.594	0.000	0.126
sad	0.223	0.000	0.047	0.000	0.557	0.000	0.173
sad	0.372	0.000	0.030	0.000	0.408	0.000	0.189
sad	0.258	0.000	0.026	0.000	0.488	0.000	0.228
angry	0.457	0.000	0.021	0.000	0.373	0.000	0.150
sad	0.315	0.000	0.053	0.000	0.559	0.000	0.072
sad	0.272	0.000	0.030	0.000	0.508	0.000	0.190
sad	0.320	0.000	0.024	0.000	0.451	0.000	0.205
sad	0.290	0.000	0.039	0.000	0.512	0.000	0.159
sad	0.199	0.000	0.060	0.000	0.652	0.000	0.089
sad	0.258	0.000	0.033	0.000	0.457	0.000	0.252
sad	0.300	0.000	0.029	0.000	0.621	0.000	0.049
sad	0.161	0.000	0.024	0.000	0.567	0.000	0.248
sad	0.241	0.000	0.044	0.000	0.665	0.000	0.050
sad	0.278	0.000	0.013	0.000	0.564	0.000	0.145
sad	0.226	0.000	0.028	0.000	0.680	0.000	0.067
sad	0.362	0.000	0.022	0.000	0.552	0.000	0.064
sad	0.258	0.000	0.017	0.000	0.597	0.000	0.128
sad	0.217	0.000	0.028	0.000	0.660	0.000	0.095
sad	0.210	0.000	0.026	0.000	0.639	0.000	0.125
sad	0.350	0.000	0.013	0.000	0.427	0.000	0.209
sad	0.319	0.000	0.014	0.000	0.542	0.000	0.125
sad	0.371	0.000	0.012	0.000	0.525	0.000	0.092
sad	0.243	0.000	0.030	0.000	0.642	0.000	0.086
sad	0.226	0.000	0.030	0.000	0.674	0.000	0.069
sad	0.250	0.000	0.037	0.000	0.639	0.000	0.075
sad	0.291	0.000	0.053	0.000	0.605	0.000	0.051
sad	0.158	0.000	0.050	0.000	0.744	0.000	0.047
sad	0.323	0.000	0.044	0.000	0.584	0.000	0.049
sad	0.301	0.000	0.033	0.000	0.548	0.000	0.118
sad	0.267	0.000	0.056	0.000	0.620	0.000	0.057
sad	0.282	0.000	0.024	0.000	0.519	0.000	0.175
sad	0.180	0.000	0.018	0.000	0.571	0.000	0.230
sad	0.263	0.000	0.032	0.000	0.545	0.000	0.159
sad	0.164	0.000	0.022	0.000	0.561	0.000	0.253
sad	0.267	0.000	0.016	0.000	0.661	0.000	0.056
sad	0.195	0.000	0.016	0.000	0.573	0.000	0.216
sad	0.150	0.000	0.013	0.000	0.572	0.000	0.265
sad	0.261	0.000	0.022	0.000	0.609	0.000	0.108
sad	0.192	0.000	0.028	0.000	0.528	0.000	0.253
sad	0.211	0.000	0.042	0.000	0.645	0.000	0.102
sad	0.141	0.000	0.043	0.000	0.704	0.000	0.112
sad	0.175	0.000	0.034	0.000	0.703	0.000	0.088
sad	0.141	0.000	0.029	0.000	0.728	0.000	0.102
sad	0.119	0.000	0.025	0.000	0.772	0.000	0.084
sad	0.199	0.000	0.015	0.000	0.658	0.000	0.127
sad	0.128	0.000	0.027	0.000	0.755	0.000	0.089
sad	0.192	0.000	0.027	0.000	0.686	0.000	0.094
sad	0.156	0.000	0.021	0.000	0.729	0.000	0.095
sad	0.149	0.000	0.027	0.000	0.795	0.000	0.029
sad	0.265	0.000	0.014	0.000	0.631	0.000	0.089
sad	0.113	0.000	0.024	0.000	0.818	0.000	0.045
sad	0.140	0.000	0.017	0.000	0.802	0.000	0.041
sad	0.168	0.000	0.020	0.000	0.757	0.000	0.056
sad	0.097	0.000	0.019	0.000	0.833	0.000	0.051
sad	0.126	0.000	0.011	0.000	0.835	0.000	0.029
sad	0.141	0.000	0.026	0.000	0.791	0.000	0.042
sad	0.224	0.000	0.017	0.000	0.731	0.000	0.028
sad	0.171	0.000	0.020	0.000	0.777	0.000	0.032
sad	0.306	0.000	0.019	0.000	0.587	0.000	0.089
sad	0.347	0.000	0.015	0.000	0.596	0.000	0.042
sad	0.168	0.000	0.018	0.000	0.739	0.000	0.074
sad	0.322	0.000	0.018	0.000	0.551	0.000	0.109
sad	0.174	0.000	0.012	0.000	0.759	0.000	0.055
sad	0.253	0.000	0.023	0.000	0.651	0.000	0.074
sad	0.168	0.000	0.025	0.000	0.740	0.000	0.067
sad	0.216	0.000	0.017	0.000	0.675	0.000	0.092
sad	0.207	0.000	0.023	0.000	0.529	0.000	0.240
sad	0.255	0.000	0.009	0.000	0.612	0.000	0.123
sad	0.167	0.000	0.029	0.000	0.740	0.000	0.064
sad	0.167	0.000	0.020	0.000	0.710	0.000	0.103
sad	0.201	0.000	0.023	0.000	0.698	0.000	0.078
sad	0.131	0.000	0.019	0.000	0.752	0.000	0.098
sad	0.144	0.000	0.016	0.000	0.786	0.000	0.054
sad	0.152	0.000	0.024	0.000	0.752	0.000	0.072
sad	0.125	0.000	0.013	0.000	0.821	0.000	0.041
sad	0.099	0.000	0.025	0.000	0.818	0.000	0.058
sad	0.110	0.000	0.018	0.000	0.747	0.000	0.125
sad	0.094	0.000	0.013	0.000	0.825	0.000	0.068
sad	0.107	0.000	0.027	0.000	0.731	0.000	0.135
sad	0.146	0.000	0.016	0.000	0.663	0.000	0.175
sad	0.201	0.000	0.018	0.000	0.733	0.000	0.048
sad	0.305	0.000	0.014	0.000	0.621	0.000	0.059
angry	0.531	0.000	0.008	0.000	0.387	0.000	0.074
sad	0.354	0.000	0.012	0.000	0.547	0.000	0.087
sad	0.232	0.000	0.018	0.000	0.712	0.000	0.038
sad	0.148	0.000	0.027	0.000	0.777	0.000	0.048
sad	0.147	0.000	0.030	0.000	0.687	0.000	0.135
sad	0.146	0.000	0.031	0.000	0.753	0.000	0.069
sad	0.202	0.000	0.018	0.000	0.692	0.000	0.087
sad	0.400	0.000	0.012	0.000	0.494	0.000	0.093
sad	0.414	0.000	0.011	0.000	0.475	0.000	0.100
sad	0.253	0.000	0.021	0.000	0.655	0.000	0.071
sad	0.290	0.000	0.021	0.000	0.616	0.000	0.073
sad	0.272	0.000	0.020	0.000	0.637	0.000	0.071
sad	0.242	0.000	0.016	0.000	0.664	0.000	0.077
sad	0.271	0.000	0.016	0.000	0.647	0.000	0.065
sad	0.263	0.000	0.024	0.000	0.669	0.000	0.045
sad	0.181	0.000	0.024	0.000	0.748	0.000	0.047
sad	0.265	0.000	0.020	0.000	0.660	0.000	0.055
sad	0.258	0.000	0.012	0.000	0.626	0.000	0.104
sad	0.381	0.000	0.013	0.000	0.500	0.000	0.107
angry	0.472	0.000	0.014	0.000	0.443	0.000	0.071
angry	0.498	0.000	0.009	0.000	0.416	0.000	0.077
angry	0.479	0.000	0.012	0.000	0.414	0.000	0.095
sad	0.127	0.000	0.044	0.000	0.748	0.000	0.081
sad	0.145	0.000	0.030	0.000	0.661	0.000	0.164
sad	0.365	0.000	0.019	0.000	0.578	0.000	0.039
sad	0.353	0.000	0.014	0.000	0.567	0.000	0.066
sad	0.383	0.000	0.016	0.000	0.552	0.000	0.050
sad	0.179	0.000	0.025	0.000	0.725	0.000	0.071
sad	0.382	0.000	0.021	0.000	0.513	0.000	0.084
sad	0.189	0.000	0.016	0.000	0.681	0.000	0.114
sad	0.203	0.000	0.016	0.000	0.624	0.000	0.156
sad	0.332	0.000	0.013	0.000	0.571	0.000	0.084
sad	0.317	0.000	0.012	0.000	0.583	0.000	0.088
sad	0.169	0.000	0.032	0.000	0.716	0.000	0.082
sad	0.293	0.000	0.024	0.000	0.612	0.000	0.071
sad	0.265	0.000	0.013	0.000	0.643	0.000	0.080
sad	0.313	0.000	0.022	0.000	0.602	0.000	0.063
sad	0.306	0.000	0.021	0.000	0.604	0.000	0.069
sad	0.341	0.000	0.014	0.000	0.566	0.000	0.078
sad	0.330	0.000	0.017	0.000	0.556	0.000	0.097
sad	0.343	0.000	0.008	0.000	0.581	0.000	0.068
sad	0.377	0.000	0.011	0.000	0.559	0.000	0.053
sad	0.326	0.000	0.012	0.000	0.604	0.000	0.058
sad	0.196	0.000	0.021	0.000	0.703	0.000	0.080
sad	0.228	0.000	0.021	0.000	0.663	0.000	0.088
sad	0.215	0.000	0.019	0.000	0.661	0.000	0.105
sad	0.196	0.000	0.029	0.000	0.668	0.000	0.107
sad	0.261	0.000	0.019	0.000	0.629	0.000	0.090
sad	0.172	0.000	0.018	0.000	0.699	0.000	0.111
sad	0.258	0.000	0.028	0.000	0.688	0.000	0.026
sad	0.340	0.000	0.017	0.000	0.596	0.000	0.047
sad	0.317	0.000	0.036	0.000	0.574	0.000	0.073
sad	0.317	0.000	0.022	0.000	0.618	0.000	0.043
sad	0.300	0.000	0.024	0.000	0.543	0.000	0.133
sad	0.360	0.000	0.009	0.000	0.459	0.000	0.172
sad	0.453	0.000	0.015	0.000	0.461	0.000	0.071
angry	0.471	0.000	0.013	0.000	0.448	0.000	0.068
sad	0.415	0.000	0.015	0.000	0.491	0.000	0.079
angry	0.457	0.000	0.021	0.000	0.439	0.000	0.082
sad	0.232	0.000	0.027	0.000	0.709	0.000	0.032
sad	0.334	0.000	0.035	0.000	0.473	0.000	0.158
sad	0.317	0.000	0.024	0.000	0.614	0.000	0.045
sad	0.247	0.000	0.038	0.000	0.657	0.000	0.058
sad	0.319	0.000	0.030	0.000	0.611	0.000	0.040
sad	0.238	0.000	0.028	0.000	0.690	0.000	0.043
sad	0.208	0.000	0.026	0.000	0.640	0.000	0.126
sad	0.341	0.000	0.026	0.000	0.573	0.000	0.061
sad	0.354	0.000	0.024	0.000	0.523	0.000	0.098
sad	0.286	0.000	0.020	0.000	0.633	0.000	0.061
sad	0.269	0.000	0.030	0.000	0.652	0.000	0.048
sad	0.256	0.000	0.025	0.000	0.645	0.000	0.074
sad	0.248	0.000	0.027	0.000	0.684	0.000	0.041
sad	0.262	0.000	0.030	0.000	0.604	0.000	0.104
sad	0.357	0.000	0.026	0.000	0.555	0.000	0.062
sad	0.399	0.000	0.028	0.000	0.530	0.000	0.043
sad	0.327	0.000	0.033	0.000	0.589	0.000	0.050
sad	0.296	0.000	0.025	0.000	0.617	0.000	0.062
sad	0.291	0.000	0.026	0.000	0.537	0.000	0.146
sad	0.385	0.000	0.019	0.000	0.438	0.000	0.157
sad	0.351	0.000	0.022	0.000	0.507	0.000	0.120
sad	0.379	0.000	0.026	0.000	0.554	0.000	0.041
sad	0.349	0.000	0.032	0.000	0.565	0.000	0.054
angry	0.430	0.000	0.012	0.000	0.406	0.000	0.152
sad	0.404	0.000	0.026	0.000	0.502	0.000	0.068
sad	0.440	0.000	0.017	0.000	0.484	0.000	0.059
sad	0.270	0.000	0.021	0.000	0.632	0.000	0.077
sad	0.250	0.000	0.013	0.000	0.635	0.000	0.102
sad	0.213	0.000	0.037	0.000	0.682	0.000	0.068
sad	0.257	0.000	0.016	0.000	0.610	0.000	0.116
sad	0.220	0.000	0.020	0.000	0.688	0.000	0.072
sad	0.281	0.000	0.036	0.000	0.627	0.000	0.056
sad	0.272	0.000	0.013	0.000	0.664	0.000	0.050
sad	0.322	0.000	0.013	0.000	0.585	0.000	0.080
sad	0.211	0.000	0.017	0.000	0.657	0.000	0.115
sad	0.240	0.000	0.014	0.000	0.611	0.000	0.136
sad	0.276	0.000	0.016	0.000	0.606	0.000	0.101
sad	0.295	0.000	0.013	0.000	0.607	0.000	0.085
sad	0.402	0.000	0.013	0.000	0.478	0.000	0.107
sad	0.259	0.000	0.018	0.000	0.652	0.000	0.069
sad	0.317	0.000	0.013	0.000	0.567	0.000	0.102
sad	0.320	0.000	0.015	0.000	0.502	0.000	0.164
sad	0.414	0.000	0.014	0.000	0.502	0.000	0.069
sad	0.276	0.000	0.025	0.000	0.621	0.000	0.078
sad	0.318	0.000	0.014	0.000	0.513	0.000	0.155
sad	0.292	0.000	0.015	0.000	0.585	0.000	0.107
sad	0.327	0.000	0.018	0.000	0.568	0.000	0.086
sad	0.306	0.000	0.010	0.000	0.546	0.000	0.138
sad	0.256	0.000	0.029	0.000	0.596	0.000	0.119
sad	0.330	0.000	0.023	0.000	0.604	0.000	0.043
sad	0.409	0.000	0.016	0.000	0.513	0.000	0.062
sad	0.363	0.000	0.013	0.000	0.512	0.000	0.112
angry	0.531	0.000	0.017	0.000	0.411	0.000	0.040
sad	0.329	0.000	0.017	0.000	0.506	0.000	0.148
sad	0.339	0.000	0.014	0.000	0.540	0.000	0.107
angry	0.507	0.000	0.012	0.000	0.393	0.000	0.087
angry	0.487	0.000	0.014	0.000	0.430	0.000	0.069
sad	0.443	0.000	0.026	0.000	0.453	0.000	0.078
