prediction	angry	disgust	fear	happy	sad	surprise	neutral
neutral	0.050	0.000	0.003	0.094	0.066	0.003	0.784
neutral	0.045	0.000	0.003	0.038	0.088	0.000	0.825
neutral	0.064	0.000	0.003	0.021	0.137	0.000	0.775
neutral	0.050	0.000	0.003	0.013	0.102	0.000	0.832
neutral	0.053	0.000	0.003	0.015	0.100	0.000	0.829
neutral	0.059	0.000	0.002	0.020	0.120	0.000	0.798
neutral	0.040	0.000	0.002	0.013	0.077	0.000	0.868
neutral	0.045	0.000	0.003	0.013	0.079	0.000	0.860
neutral	0.042	0.000	0.003	0.012	0.071	0.000	0.872
neutral	0.038	0.000	0.002	0.023	0.057	0.002	0.877
neutral	0.023	0.000	0.003	0.035	0.046	0.002	0.892
neutral	0.108	0.000	0.003	0.028	0.071	0.002	0.788
neutral	0.027	0.000	0.003	0.013	0.068	0.001	0.887
neutral	0.034	0.000	0.002	0.020	0.060	0.001	0.883
neutral	0.027	0.000	0.003	0.019	0.056	0.002	0.894
neutral	0.046	0.000	0.003	0.040	0.063	0.002	0.845
neutral	0.027	0.000	0.003	0.016	0.074	0.001	0.879
neutral	0.041	0.000	0.003	0.022	0.080	0.000	0.854
neutral	0.074	0.000	0.008	0.022	0.174	0.001	0.720
neutral	0.159	0.000	0.004	0.018	0.240	0.001	0.577
neutral	0.140	0.000	0.007	0.024	0.212	0.002	0.615
neutral	0.066	0.000	0.009	0.016	0.332	0.001	0.575
neutral	0.151	0.000	0.008	0.018	0.292	0.003	0.528
neutral	0.112	0.000	0.008	0.017	0.219	0.002	0.640
neutral	0.099	0.000	0.007	0.020	0.210	0.001	0.662
neutral	0.163	0.000	0.005	0.014	0.251	0.002	0.565
neutral	0.099	0.000	0.006	0.021	0.241	0.001	0.633
neutral	0.056	0.000	0.006	0.035	0.184	0.003	0.716
neutral	0.090	0.000	0.006	0.035	0.229	0.002	0.639
neutral	0.131	0.000	0.005	0.024	0.221	0.002	0.617
neutral	0.128	0.000	0.006	0.031	0.211	0.002	0.622
neutral	0.133	0.000	0.005	0.018	0.213	0.002	0.628
neutral	0.136	0.001	0.008	0.020	0.278	0.002	0.555
neutral	0.116	0.000	0.006	0.043	0.209	0.003	0.623
neutral	0.112	0.000	0.007	0.033	0.181	0.002	0.665
neutral	0.100	0.000	0.007	0.040	0.170	0.003	0.679
neutral	0.082	0.000	0.005	0.026	0.167	0.002	0.718
neutral	0.121	0.000	0.003	0.020	0.196	0.001	0.657
neutral	0.122	0.000	0.003	0.019	0.175	0.001	0.680
neutral	0.161	0.000	0.005	0.037	0.207	0.002	0.588
neutral	0.077	0.000	0.007	0.024	0.143	0.002	0.747
neutral	0.094	0.001	0.007	0.025	0.208	0.002	0.663
neutral	0.132	0.000	0.005	0.012	0.226	0.001	0.624
neutral	0.148	0.000	0.006	0.007	0.247	0.001	0.592
neutral	0.112	0.000	0.006	0.014	0.209	0.001	0.658
neutral	0.221	0.000	0.008	0.020	0.241	0.001	0.508
neutral	0.205	0.000	0.005	0.014	0.307	0.001	0.467
neutral	0.090	0.000	0.004	0.007	0.226	0.001	0.672
neutral	0.075	0.000	0.005	0.004	0.224	0.000	0.692
neutral	0.142	0.000	0.006	0.011	0.327	0.001	0.513
neutral	0.130	0.000	0.006	0.012	0.322	0.001	0.529
neutral	0.127	0.000	0.006	0.015	0.230	0.001	0.621
neutral	0.174	0.000	0.004	0.014	0.266	0.001	0.540
neutral	0.135	0.000	0.005	0.009	0.304	0.001	0.546
neutral	0.143	0.000	0.015	0.030	0.384	0.007	0.420
neutral	0.043	0.000	0.008	0.027	0.165	0.001	0.755
neutral	0.067	0.000	0.010	0.017	0.165	0.002	0.738
neutral	0.097	0.000	0.013	0.039	0.188	0.001	0.662
neutral	0.065	0.000	0.022	0.029	0.208	0.002	0.674
neutral	0.059	0.000	0.036	0.030	0.227	0.004	0.644
neutral	0.075	0.000	0.066	0.037	0.287	0.013	0.523
neutral	0.068	0.000	0.048	0.042	0.208	0.007	0.627
neutral	0.064	0.000	0.030	0.034	0.168	0.003	0.700
neutral	0.039	0.000	0.017	0.039	0.089	0.001	0.814
neutral	0.048	0.000	0.019	0.029	0.116	0.001	0.787
neutral	0.047	0.000	0.010	0.024	0.076	0.001	0.842
neutral	0.012	0.000	0.001	0.004	0.026	0.000	0.957
neutral	0.027	0.000	0.003	0.011	0.040	0.001	0.918
neutral	0.019	0.000	0.005	0.050	0.032	0.001	0.892
neutral	0.063	0.000	0.009	0.059	0.083	0.002	0.784
neutral	0.028	0.000	0.002	0.014	0.049	0.001	0.906
neutral	0.016	0.000	0.002	0.006	0.040	0.000	0.936
neutral	0.023	0.000	0.003	0.006	0.046	0.001	0.921
neutral	0.032	0.000	0.007	0.014	0.060	0.001	0.886
neutral	0.027	0.000	0.004	0.017	0.047	0.000	0.906
neutral	0.035	0.000	0.006	0.012	0.059	0.000	0.889
neutral	0.042	0.000	0.006	0.017	0.071	0.000	0.864
neutral	0.022	0.000	0.005	0.022	0.079	0.000	0.871
neutral	0.029	0.000	0.006	0.038	0.091	0.000	0.835
neutral	0.038	0.000	0.005	0.035	0.059	0.001	0.862
neutral	0.025	0.000	0.004	0.036	0.039	0.001	0.895
neutral	0.023	0.000	0.005	0.009	0.039	0.000	0.923
neutral	0.016	0.000	0.005	0.024	0.040	0.001	0.914
neutral	0.028	0.000	0.006	0.029	0.059	0.001	0.877
neutral	0.028	0.000	0.006	0.025	0.052	0.002	0.887
neutral	0.029	0.000	0.005	0.026	0.051	0.001	0.888
neutral	0.020	0.000	0.003	0.007	0.042	0.000	0.928
neutral	0.033	0.000	0.007	0.014	0.062	0.001	0.882
neutral	0.036	0.000	0.007	0.010	0.062	0.001	0.883
neutral	0.031	0.000	0.006	0.011	0.058	0.001	0.894
neutral	0.030	0.000	0.006	0.011	0.073	0.001	0.880
neutral	0.031	0.000	0.005	0.014	0.064	0.001	0.886
neutral	0.017	0.000	0.002	0.008	0.034	0.000	0.939
neutral	0.022	0.000	0.001	0.011	0.023	0.000	0.943
neutral	0.016	0.000	0.001	0.012	0.033	0.000	0.938
neutral	0.023	0.000	0.001	0.016	0.031	0.000	0.928
neutral	0.023	0.000	0.002	0.010	0.029	0.000	0.934
neutral	0.012	0.000	0.001	0.007	0.019	0.000	0.961
neutral	0.015	0.000	0.001	0.009	0.025	0.000	0.949
neutral	0.015	0.000	0.002	0.008	0.024	0.000	0.952
neutral	0.016	0.000	0.002	0.009	0.017	0.000	0.956
neutral	0.022	0.000	0.004	0.009	0.025	0.001	0.940
neutral	0.016	0.000	0.001	0.008	0.031	0.000	0.944
neutral	0.023	0.000	0.002	0.009	0.027	0.000	0.939
neutral	0.015	0.000	0.001	0.009	0.032	0.000	0.942
neutral	0.018	0.000	0.004	0.006	0.036	0.001	0.935
neutral	0.021	0.000	0.002	0.007	0.050	0.000	0.919
neutral	0.026	0.000	0.004	0.006	0.032	0.000	0.932
neutral	0.030	0.000	0.001	0.009	0.053	0.000	0.906
neutral	0.025	0.000	0.002	0.013	0.071	0.000	0.889
neutral	0.023	0.000	0.002	0.012	0.059	0.000	0.904
neutral	0.025	0.000	0.002	0.010	0.045	0.000	0.917
neutral	0.026	0.000	0.004	0.007	0.039	0.000	0.924
neutral	0.033	0.000	0.006	0.011	0.066	0.001	0.882
neutral	0.032	0.000	0.005	0.009	0.044	0.001	0.909
neutral	0.030	0.000	0.003	0.007	0.071	0.000	0.888
neutral	0.029	0.000	0.005	0.005	0.051	0.000	0.911
neutral	0.030	0.000	0.004	0.007	0.113	0.000	0.846
neutral	0.035	0.000	0.003	0.008	0.082	0.000	0.871
neutral	0.022	0.000	0.002	0.014	0.038	0.000	0.924
neutral	0.028	0.000	0.003	0.007	0.062	0.000	0.900
neutral	0.021	0.000	0.006	0.010	0.056	0.001	0.907
neutral	0.025	0.000	0.006	0.006	0.046	0.000	0.917
neutral	0.023	0.000	0.003	0.005	0.050	0.000	0.920
neutral	0.032	0.000	0.004	0.008	0.047	0.000	0.909
neutral	0.024	0.000	0.005	0.008	0.041	0.000	0.922
neutral	0.039	0.000	0.006	0.013	0.045	0.000	0.897
neutral	0.031	0.000	0.004	0.008	0.052	0.000	0.905
neutral	0.036	0.000	0.003	0.005	0.083	0.000	0.873
neutral	0.033	0.000	0.001	0.010	0.041	0.000	0.914
neutral	0.019	0.000	0.002	0.006	0.038	0.000	0.934
neutral	0.021	0.000	0.004	0.011	0.039	0.001	0.923
neutral	0.020	0.000	0.002	0.007	0.035	0.000	0.936
neutral	0.030	0.000	0.001	0.007	0.059	0.000	0.902
neutral	0.028	0.000	0.004	0.005	0.046	0.000	0.916
neutral	0.032	0.000	0.005	0.007	0.047	0.000	0.908
neutral	0.031	0.000	0.006	0.008	0.065	0.000	0.890
neutral	0.033	0.000	0.006	0.007	0.079	0.001	0.874
neutral	0.032	0.000	0.005	0.007	0.054	0.000	0.902
neutral	0.037	0.000	0.006	0.003	0.075	0.000	0.878
neutral	0.043	0.000	0.004	0.006	0.079	0.000	0.867
neutral	0.034	0.000	0.003	0.005	0.066	0.000	0.891
neutral	0.035	0.000	0.005	0.003	0.071	0.000	0.887
neutral	0.036	0.000	0.003	0.005	0.077	0.000	0.878
neutral	0.039	0.000	0.005	0.004	0.072	0.000	0.879
neutral	0.033	0.000	0.005	0.008	0.059	0.000	0.895
neutral	0.043	0.000	0.006	0.012	0.080	0.000	0.859
neutral	0.029	0.000	0.004	0.008	0.067	0.000	0.891
neutral	0.028	0.000	0.004	0.010	0.054	0.000	0.903
neutral	0.039	0.000	0.006	0.009	0.082	0.000	0.864
neutral	0.030	0.000	0.004	0.008	0.051	0.000	0.907
neutral	0.031	0.000	0.005	0.006	0.062	0.000	0.896
neutral	0.021	0.000	0.002	0.005	0.061	0.000	0.910
neutral	0.051	0.000	0.009	0.016	0.082	0.000	0.842
neutral	0.043	0.000	0.007	0.013	0.073	0.000	0.863
neutral	0.046	0.000	0.007	0.009	0.052	0.000	0.887
neutral	0.024	0.000	0.003	0.007	0.038	0.000	0.928
neutral	0.018	0.000	0.002	0.007	0.038	0.000	0.935
neutral	0.038	0.000	0.002	0.006	0.065	0.000	0.889
neutral	0.046	0.000	0.002	0.006	0.102	0.000	0.843
neutral	0.030	0.000	0.002	0.008	0.062	0.000	0.898
neutral	0.021	0.000	0.003	0.010	0.050	0.000	0.916
neutral	0.021	0.000	0.001	0.008	0.051	0.000	0.918
neutral	0.021	0.000	0.003	0.008	0.055	0.000	0.913
neutral	0.043	0.000	0.002	0.006	0.093	0.000	0.855
neutral	0.035	0.000	0.002	0.009	0.065	0.000	0.888
neutral	0.027	0.000	0.005	0.007	0.054	0.001	0.908
neutral	0.031	0.000	0.003	0.005	0.076	0.000	0.886
neutral	0.027	0.000	0.002	0.009	0.061	0.000	0.902
neutral	0.024	0.000	0.004	0.008	0.062	0.001	0.902
neutral	0.025	0.000	0.003	0.010	0.058	0.001	0.903
neutral	0.032	0.000	0.002	0.009	0.068	0.000	0.889
neutral	0.032	0.000	0.003	0.007	0.082	0.000	0.876
neutral	0.024	0.000	0.003	0.006	0.043	0.000	0.922
neutral	0.032	0.000	0.002	0.007	0.073	0.000	0.885
neutral	0.030	0.000	0.003	0.008	0.085	0.000	0.872
neutral	0.030	0.000	0.005	0.004	0.056	0.000	0.905
neutral	0.035	0.000	0.002	0.006	0.075	0.000	0.881
neutral	0.026	0.000	0.004	0.008	0.064	0.001	0.897
neutral	0.031	0.000	0.003	0.005	0.051	0.000	0.910
neutral	0.041	0.000	0.002	0.006	0.084	0.000	0.867
neutral	0.025	0.000	0.002	0.007	0.059	0.000	0.906
neutral	0.025	0.000	0.003	0.009	0.058	0.001	0.905
neutral	0.023	0.000	0.002	0.008	0.050	0.001	0.916
neutral	0.033	0.000	0.002	0.005	0.087	0.000	0.872
neutral	0.036	0.000	0.005	0.007	0.084	0.000	0.869
neutral	0.026	0.000	0.002	0.009	0.054	0.001	0.909
neutral	0.032	0.000	0.003	0.006	0.060	0.000	0.898
neutral	0.017	0.000	0.002	0.004	0.040	0.000	0.937
neutral	0.030	0.000	0.003	0.006	0.061	0.000	0.900
neutral	0.035	0.000	0.003	0.005	0.105	0.000	0.851
neutral	0.031	0.000	0.003	0.006	0.074	0.000	0.885
neutral	0.034	0.000	0.005	0.009	0.068	0.001	0.883
neutral	0.030	0.000	0.006	0.007	0.072	0.000	0.885
neutral	0.031	0.000	0.005	0.009	0.051	0.001	0.902
neutral	0.025	0.000	0.004	0.008	0.046	0.001	0.916
neutral	0.031	0.000	0.002	0.006	0.060	0.000	0.900
neutral	0.025	0.000	0.002	0.005	0.056	0.000	0.911
neutral	0.033	0.000	0.003	0.007	0.077	0.001	0.880
neutral	0.023	0.000	0.003	0.008	0.036	0.000	0.930
neutral	0.028	0.000	0.003	0.005	0.057	0.000	0.907
neutral	0.019	0.000	0.001	0.003	0.034	0.000	0.942
neutral	0.040	0.000	0.002	0.005	0.076	0.000	0.877
neutral	0.029	0.000	0.002	0.006	0.055	0.000	0.906
neutral	0.054	0.000	0.007	0.007	0.091	0.000	0.841
neutral	0.039	0.000	0.007	0.006	0.096	0.000	0.852
neutral	0.042	0.000	0.004	0.008	0.074	0.001	0.872
neutral	0.074	0.000	0.009	0.008	0.184	0.001	0.724
neutral	0.017	0.000	0.009	0.011	0.083	0.001	0.879
neutral	0.031	0.000	0.010	0.019	0.118	0.001	0.821
neutral	0.045	0.000	0.007	0.009	0.125	0.001	0.812
neutral	0.037	0.000	0.008	0.014	0.112	0.001	0.827
neutral	0.064	0.000	0.008	0.012	0.183	0.001	0.732
neutral	0.089	0.000	0.008	0.010	0.107	0.001	0.785
neutral	0.033	0.000	0.005	0.003	0.097	0.000	0.862
neutral	0.042	0.000	0.004	0.008	0.126	0.000	0.819
neutral	0.024	0.000	0.007	0.008	0.094	0.001	0.866
neutral	0.023	0.000	0.003	0.008	0.068	0.001	0.897
neutral	0.032	0.000	0.002	0.006	0.040	0.001	0.919
neutral	0.013	0.000	0.002	0.017	0.031	0.002	0.936
neutral	0.033	0.000	0.002	0.008	0.030	0.000	0.927
neutral	0.014	0.000	0.002	0.013	0.020	0.001	0.950
neutral	0.028	0.000	0.003	0.019	0.020	0.000	0.929
neutral	0.034	0.000	0.001	0.022	0.018	0.002	0.922
neutral	0.005	0.000	0.001	0.018	0.011	0.001	0.964
neutral	0.023	0.000	0.002	0.045	0.030	0.001	0.900
neutral	0.013	0.000	0.002	0.016	0.026	0.001	0.942
neutral	0.009	0.000	0.002	0.023	0.023	0.002	0.943
neutral	0.020	0.000	0.002	0.009	0.036	0.001	0.932
neutral	0.018	0.000	0.003	0.005	0.029	0.001	0.944
neutral	0.025	0.000	0.006	0.016	0.076	0.001	0.876
neutral	0.009	0.000	0.004	0.011	0.045	0.002	0.929
neutral	0.016	0.001	0.003	0.016	0.075	0.001	0.888
neutral	0.014	0.001	0.006	0.011	0.068	0.001	0.899
neutral	0.044	0.000	0.002	0.008	0.058	0.001	0.888
neutral	0.014	0.000	0.002	0.015	0.020	0.002	0.946
neutral	0.010	0.000	0.003	0.008	0.040	0.003	0.937
neutral	0.006	0.000	0.002	0.014	0.022	0.002	0.954
neutral	0.017	0.000	0.001	0.010	0.023	0.001	0.947
neutral	0.015	0.000	0.002	0.037	0.017	0.006	0.922
neutral	0.014	0.000	0.001	0.015	0.020	0.001	0.948
neutral	0.010	0.000	0.002	0.019	0.017	0.003	0.949
neutral	0.011	0.000	0.002	0.019	0.016	0.003	0.950
neutral	0.014	0.000	0.002	0.014	0.034	0.004	0.932
neutral	0.009	0.000	0.001	0.017	0.015	0.001	0.956
neutral	0.008	0.000	0.001	0.015	0.014	0.001	0.960
neutral	0.015	0.000	0.002	0.017	0.031	0.003	0.931
neutral	0.011	0.000	0.002	0.012	0.028	0.003	0.944
neutral	0.010	0.000	0.001	0.015	0.021	0.001	0.952
neutral	0.008	0.000	0.001	0.013	0.021	0.001	0.954
neutral	0.008	0.000	0.001	0.013	0.020	0.001	0.957
neutral	0.023	0.000	0.001	0.011	0.022	0.000	0.942
neutral	0.007	0.000	0.001	0.014	0.013	0.001	0.964
neutral	0.014	0.000	0.001	0.015	0.013	0.001	0.956
neutral	0.013	0.000	0.003	0.006	0.049	0.001	0.927
neutral	0.006	0.000	0.002	0.011	0.020	0.001	0.960
neutral	0.006	0.000	0.003	0.006	0.040	0.000	0.944
neutral	0.038	0.000	0.008	0.009	0.153	0.000	0.791
neutral	0.038	0.000	0.007	0.004	0.118	0.000	0.833
neutral	0.026	0.000	0.006	0.006	0.072	0.000	0.890
neutral	0.008	0.000	0.003	0.010	0.036	0.000	0.943
neutral	0.018	0.000	0.002	0.013	0.030	0.001	0.936
neutral	0.012	0.000	0.002	0.008	0.034	0.000	0.943
neutral	0.007	0.000	0.002	0.012	0.029	0.001	0.948
neutral	0.006	0.000	0.002	0.009	0.029	0.001	0.953
neutral	0.006	0.000	0.002	0.011	0.031	0.001	0.948
neutral	0.053	0.000	0.005	0.003	0.133	0.000	0.805
neutral	0.055	0.000	0.006	0.009	0.146	0.000	0.784
neutral	0.035	0.000	0.007	0.006	0.122	0.000	0.831
neutral	0.044	0.000	0.006	0.003	0.105	0.000	0.840
neutral	0.024	0.000	0.004	0.008	0.063	0.000	0.899
neutral	0.023	0.000	0.003	0.007	0.046	0.000	0.921
neutral	0.014	0.000	0.003	0.010	0.047	0.000	0.925
neutral	0.011	0.000	0.003	0.009	0.039	0.000	0.938
neutral	0.013	0.000	0.002	0.011	0.030	0.001	0.943
neutral	0.010	0.000	0.003	0.011	0.035	0.001	0.940
neutral	0.011	0.000	0.003	0.012	0.039	0.001	0.934
neutral	0.010	0.000	0.003	0.011	0.040	0.001	0.935
neutral	0.012	0.000	0.002	0.009	0.018	0.001	0.959
neutral	0.012	0.000	0.002	0.008	0.024	0.000	0.953
neutral	0.016	0.000	0.003	0.007	0.037	0.000	0.936
neutral	0.014	0.000	0.003	0.005	0.033	0.000	0.944
neutral	0.014	0.000	0.003	0.007	0.033	0.000	0.943
neutral	0.022	0.000	0.002	0.016	0.022	0.000	0.939
neutral	0.010	0.000	0.002	0.011	0.025	0.000	0.951
neutral	0.018	0.000	0.003	0.008	0.048	0.001	0.922
neutral	0.007	0.000	0.002	0.011	0.031	0.001	0.948
neutral	0.012	0.001	0.004	0.012	0.051	0.001	0.918
neutral	0.012	0.000	0.003	0.008	0.037	0.001	0.939
neutral	0.015	0.001	0.002	0.008	0.040	0.001	0.933
neutral	0.032	0.000	0.002	0.008	0.027	0.000	0.931
neutral	0.013	0.001	0.002	0.010	0.034	0.001	0.940
neutral	0.009	0.000	0.003	0.010	0.030	0.001	0.947
neutral	0.015	0.001	0.003	0.010	0.041	0.001	0.930
neutral	0.007	0.000	0.003	0.010	0.027	0.001	0.952
neutral	0.011	0.001	0.003	0.008	0.040	0.001	0.937
neutral	0.010	0.000	0.004	0.005	0.044	0.001	0.938
neutral	0.030	0.000	0.004	0.005	0.068	0.000	0.892
neutral	0.050	0.000	0.005	0.005	0.094	0.000	0.846
neutral	0.042	0.000	0.006	0.006	0.084	0.000	0.862
neutral	0.030	0.000	0.005	0.003	0.083	0.000	0.878
neutral	0.014	0.000	0.004	0.004	0.054	0.000	0.923
neutral	0.013	0.000	0.003	0.005	0.044	0.000	0.934
neutral	0.012	0.000	0.003	0.006	0.035	0.001	0.943
neutral	0.039	0.000	0.006	0.008	0.112	0.000	0.835
neutral	0.024	0.000	0.005	0.003	0.057	0.000	0.912
neutral	0.014	0.000	0.003	0.009	0.044	0.000	0.930
neutral	0.016	0.000	0.003	0.008	0.038	0.000	0.934
neutral	0.023	0.000	0.002	0.010	0.026	0.001	0.939
neutral	0.023	0.000	0.002	0.011	0.021	0.001	0.943
neutral	0.013	0.000	0.003	0.009	0.029	0.001	0.946
neutral	0.021	0.000	0.002	0.010	0.021	0.001	0.946
neutral	0.014	0.000	0.002	0.010	0.028	0.000	0.945
neutral	0.038	0.000	0.002	0.007	0.041	0.001	0.912
neutral	0.025	0.000	0.002	0.005	0.033	0.001	0.933
neutral	0.023	0.000	0.002	0.011	0.040	0.001	0.924
neutral	0.032	0.001	0.002	0.016	0.048	0.001	0.900
neutral	0.007	0.000	0.003	0.013	0.036	0.001	0.940
neutral	0.022	0.000	0.003	0.008	0.046	0.001	0.920
neutral	0.017	0.001	0.003	0.010	0.047	0.001	0.922
neutral	0.038	0.001	0.003	0.010	0.054	0.001	0.894
neutral	0.031	0.000	0.003	0.007	0.048	0.000	0.910
neutral	0.042	0.000	0.003	0.004	0.050	0.001	0.900
neutral	0.035	0.000	0.002	0.006	0.049	0.001	0.907
neutral	0.051	0.000	0.002	0.006	0.051	0.001	0.890
neutral	0.019	0.000	0.003	0.004	0.046	0.000	0.928
neutral	0.030	0.001	0.005	0.009	0.087	0.001	0.868
neutral	0.048	0.000	0.003	0.008	0.067	0.001	0.873
neutral	0.017	0.000	0.003	0.010	0.047	0.001	0.922
neutral	0.053	0.000	0.003	0.007	0.064	0.001	0.872
neutral	0.042	0.000	0.002	0.008	0.042	0.001	0.905
neutral	0.029	0.000	0.002	0.008	0.035	0.001	0.925
neutral	0.013	0.000	0.002	0.010	0.024	0.000	0.951
neutral	0.011	0.001	0.003	0.014	0.045	0.001	0.926
neutral	0.016	0.000	0.002	0.010	0.026	0.000	0.944
neutral	0.017	0.000	0.003	0.005	0.041	0.000	0.934
neutral	0.032	0.000	0.005	0.006	0.072	0.000	0.883
neutral	0.059	0.001	0.010	0.011	0.144	0.001	0.774
neutral	0.033	0.000	0.006	0.004	0.098	0.000	0.858
neutral	0.031	0.001	0.006	0.003	0.104	0.000	0.856
neutral	0.024	0.000	0.002	0.008	0.032	0.000	0.934
neutral	0.023	0.000	0.002	0.006	0.031	0.000	0.937
neutral	0.025	0.000	0.002	0.008	0.031	0.000	0.933
neutral	0.018	0.000	0.002	0.005	0.043	0.000	0.932
neutral	0.017	0.000	0.003	0.006	0.038	0.000	0.937
neutral	0.027	0.000	0.002	0.009	0.027	0.000	0.935
neutral	0.018	0.000	0.003	0.006	0.031	0.000	0.941
neutral	0.015	0.000	0.003	0.006	0.040	0.000	0.934
neutral	0.029	0.000	0.003	0.005	0.033	0.000	0.929
neutral	0.018	0.000	0.002	0.008	0.030	0.000	0.942
neutral	0.022	0.001	0.003	0.005	0.055	0.000	0.914
neutral	0.021	0.000	0.006	0.007	0.077	0.000	0.888
neutral	0.015	0.000	0.002	0.007	0.023	0.000	0.952
neutral	0.016	0.001	0.004	0.005	0.057	0.000	0.917
neutral	0.013	0.000	0.005	0.007	0.052	0.000	0.923
neutral	0.012	0.000	0.004	0.006	0.043	0.001	0.933
neutral	0.021	0.000	0.002	0.010	0.030	0.001	0.937
neutral	0.027	0.000	0.003	0.008	0.044	0.001	0.917
neutral	0.024	0.002	0.005	0.014	0.067	0.001	0.888
neutral	0.028	0.001	0.004	0.006	0.052	0.001	0.909
neutral	0.021	0.000	0.003	0.004	0.048	0.001	0.922
neutral	0.039	0.000	0.002	0.005	0.037	0.000	0.915
neutral	0.014	0.000	0.004	0.008	0.046	0.001	0.927
neutral	0.030	0.000	0.002	0.006	0.022	0.001	0.939
neutral	0.023	0.000	0.003	0.011	0.046	0.001	0.916
neutral	0.029	0.000	0.002	0.008	0.024	0.001	0.936
neutral	0.016	0.000	0.004	0.006	0.062	0.000	0.912
neutral	0.038	0.000	0.004	0.004	0.060	0.001	0.894
neutral	0.018	0.000	0.004	0.007	0.049	0.000	0.921
neutral	0.026	0.001	0.005	0.011	0.096	0.001	0.861
neutral	0.012	0.000	0.004	0.007	0.049	0.001	0.928
neutral	0.021	0.000	0.004	0.006	0.035	0.001	0.932
neutral	0.017	0.000	0.004	0.009	0.053	0.001	0.917
neutral	0.020	0.000	0.004	0.013	0.047	0.001	0.916
neutral	0.037	0.000	0.002	0.011	0.028	0.001	0.922
neutral	0.025	0.001	0.004	0.009	0.078	0.001	0.882
neutral	0.016	0.000	0.004	0.007	0.050	0.001	0.922
neutral	0.027	0.000	0.003	0.010	0.046	0.001	0.914
neutral	0.027	0.001	0.005	0.006	0.079	0.000	0.881
neutral	0.025	0.001	0.004	0.010	0.053	0.001	0.907
neutral	0.023	0.001	0.004	0.012	0.056	0.001	0.904
neutral	0.036	0.000	0.003	0.005	0.032	0.001	0.924
neutral	0.021	0.001	0.004	0.011	0.056	0.001	0.907
neutral	0.019	0.001	0.003	0.004	0.050	0.000	0.922
neutral	0.024	0.001	0.004	0.004	0.048	0.000	0.918
neutral	0.050	0.000	0.003	0.005	0.039	0.001	0.903
neutral	0.036	0.000	0.004	0.008	0.057	0.001	0.895
neutral	0.024	0.001	0.003	0.006	0.067	0.001	0.897
neutral	0.020	0.001	0.004	0.007	0.064	0.001	0.903
neutral	0.043	0.000	0.003	0.008	0.047	0.001	0.897
neutral	0.024	0.001	0.004	0.009	0.043	0.001	0.919
neutral	0.027	0.000	0.004	0.007	0.063	0.000	0.898
neutral	0.053	0.000	0.006	0.005	0.082	0.000	0.853
neutral	0.016	0.000	0.006	0.006	0.077	0.000	0.895
neutral	0.027	0.001	0.003	0.006	0.062	0.000	0.900
neutral	0.018	0.001	0.003	0.008	0.063	0.001	0.907
neutral	0.033	0.000	0.002	0.007	0.030	0.001	0.926
neutral	0.034	0.000	0.003	0.004	0.038	0.001	0.919
neutral	0.020	0.000	0.004	0.010	0.060	0.000	0.905
neutral	0.034	0.000	0.003	0.004	0.039	0.000	0.919
neutral	0.030	0.000	0.003	0.004	0.039	0.000	0.923
neutral	0.032	0.001	0.005	0.005	0.073	0.001	0.884
neutral	0.036	0.000	0.004	0.006	0.094	0.000	0.859
neutral	0.023	0.000	0.006	0.007	0.085	0.000	0.878
neutral	0.040	0.000	0.003	0.005	0.067	0.000	0.884
neutral	0.026	0.000	0.005	0.003	0.060	0.000	0.905
neutral	0.023	0.000	0.006	0.003	0.073	0.001	0.894
neutral	0.035	0.000	0.005	0.004	0.069	0.000	0.887
neutral	0.047	0.000	0.008	0.004	0.089	0.000	0.852
neutral	0.031	0.000	0.006	0.002	0.066	0.000	0.894
neutral	0.032	0.000	0.007	0.003	0.091	0.000	0.866
neutral	0.034	0.000	0.006	0.002	0.076	0.000	0.881
neutral	0.052	0.000	0.006	0.002	0.090	0.000	0.849
neutral	0.037	0.000	0.010	0.008	0.097	0.001	0.846
neutral	0.043	0.000	0.005	0.003	0.104	0.000	0.844
neutral	0.038	0.000	0.006	0.005	0.081	0.001	0.870
neutral	0.046	0.000	0.004	0.002	0.062	0.000	0.885
neutral	0.043	0.001	0.013	0.005	0.170	0.001	0.767
neutral	0.050	0.000	0.007	0.006	0.066	0.001	0.870
neutral	0.035	0.000	0.007	0.006	0.092	0.000	0.859
neutral	0.010	0.001	0.005	0.005	0.065	0.000	0.914
neutral	0.020	0.001	0.006	0.003	0.083	0.000	0.888
neutral	0.009	0.000	0.004	0.006	0.039	0.000	0.942
neutral	0.010	0.000	0.004	0.005	0.033	0.000	0.947
neutral	0.007	0.000	0.003	0.009	0.039	0.001	0.942
neutral	0.072	0.000	0.004	0.008	0.079	0.001	0.836
neutral	0.030	0.001	0.005	0.008	0.085	0.001	0.871
neutral	0.015	0.001	0.003	0.012	0.059	0.001	0.910
neutral	0.044	0.000	0.005	0.009	0.077	0.001	0.865
neutral	0.047	0.000	0.004	0.009	0.069	0.001	0.870
neutral	0.055	0.000	0.006	0.003	0.071	0.000	0.864
neutral	0.088	0.000	0.005	0.005	0.104	0.000	0.797
neutral	0.043	0.000	0.007	0.005	0.112	0.000	0.833
neutral	0.072	0.000	0.004	0.003	0.112	0.000	0.808
neutral	0.058	0.000	0.005	0.003	0.097	0.000	0.837
neutral	0.072	0.000	0.005	0.005	0.093	0.000	0.825
neutral	0.038	0.000	0.007	0.003	0.077	0.000	0.874
neutral	0.035	0.000	0.007	0.002	0.072	0.000	0.884
neutral	0.027	0.001	0.006	0.004	0.089	0.000	0.873
neutral	0.004	0.000	0.004	0.003	0.036	0.000	0.952
neutral	0.046	0.000	0.006	0.003	0.109	0.000	0.836
neutral	0.032	0.000	0.007	0.002	0.075	0.000	0.884
neutral	0.067	0.000	0.005	0.002	0.105	0.000	0.820
neutral	0.033	0.001	0.007	0.007	0.121	0.000	0.831
neutral	0.024	0.001	0.006	0.004	0.104	0.000	0.860
neutral	0.091	0.000	0.005	0.004	0.137	0.000	0.763
neutral	0.064	0.000	0.006	0.004	0.123	0.000	0.802
neutral	0.096	0.001	0.006	0.005	0.140	0.000	0.752
neutral	0.034	0.001	0.007	0.006	0.153	0.000	0.799
neutral	0.050	0.002	0.006	0.005	0.134	0.000	0.803
neutral	0.052	0.001	0.005	0.005	0.149	0.000	0.788
neutral	0.051	0.002	0.006	0.006	0.138	0.000	0.797
neutral	0.061	0.000	0.007	0.003	0.119	0.000	0.809
neutral	0.060	0.001	0.006	0.006	0.160	0.000	0.767
neutral	0.038	0.001	0.005	0.006	0.111	0.000	0.838
neutral	0.095	0.000	0.005	0.005	0.109	0.000	0.786
neutral	0.073	0.000	0.005	0.003	0.126	0.001	0.792
neutral	0.049	0.000	0.012	0.003	0.178	0.001	0.757
neutral	0.057	0.000	0.006	0.003	0.099	0.000	0.834
neutral	0.048	0.001	0.007	0.005	0.145	0.000	0.795
neutral	0.067	0.002	0.005	0.004	0.141	0.000	0.781
neutral	0.062	0.001	0.006	0.006	0.159	0.000	0.766
neutral	0.076	0.000	0.009	0.004	0.179	0.001	0.732
neutral	0.052	0.000	0.006	0.003	0.102	0.000	0.837
neutral	0.064	0.000	0.006	0.004	0.118	0.001	0.808
neutral	0.028	0.000	0.010	0.005	0.165	0.000	0.792
neutral	0.046	0.000	0.008	0.008	0.164	0.000	0.772
neutral	0.037	0.001	0.008	0.004	0.148	0.000	0.802
neutral	0.033	0.002	0.009	0.009	0.150	0.000	0.796
neutral	0.018	0.001	0.006	0.006	0.077	0.001	0.892
neutral	0.005	0.000	0.003	0.004	0.017	0.001	0.970
neutral	0.024	0.000	0.004	0.011	0.031	0.001	0.929
neutral	0.004	0.000	0.003	0.003	0.023	0.001	0.965
neutral	0.008	0.000	0.004	0.006	0.055	0.001	0.926
neutral	0.012	0.000	0.003	0.015	0.036	0.001	0.934
neutral	0.047	0.000	0.002	0.019	0.036	0.001	0.895
neutral	0.024	0.001	0.005	0.012	0.090	0.001	0.867
neutral	0.040	0.000	0.005	0.008	0.115	0.001	0.831
neutral	0.012	0.000	0.003	0.008	0.051	0.000	0.925
neutral	0.018	0.001	0.005	0.006	0.115	0.000	0.855
neutral	0.051	0.001	0.006	0.007	0.142	0.000	0.793
neutral	0.043	0.000	0.007	0.005	0.124	0.000	0.821
neutral	0.051	0.000	0.007	0.005	0.121	0.001	0.815
neutral	0.038	0.001	0.006	0.007	0.136	0.000	0.812
neutral	0.067	0.000	0.007	0.004	0.159	0.001	0.762
neutral	0.069	0.000	0.004	0.004	0.088	0.000	0.835
neutral	0.073	0.001	0.013	0.005	0.174	0.001	0.732
neutral	0.080	0.000	0.005	0.004	0.152	0.000	0.758
neutral	0.057	0.001	0.008	0.005	0.170	0.000	0.758
neutral	0.089	0.000	0.009	0.005	0.177	0.001	0.719
neutral	0.065	0.000	0.006	0.002	0.134	0.001	0.791
neutral	0.062	0.000	0.008	0.004	0.171	0.000	0.755
neutral	0.048	0.000	0.008	0.004	0.102	0.000	0.837
neutral	0.044	0.000	0.008	0.003	0.159	0.000	0.785
neutral	0.035	0.000	0.007	0.004	0.117	0.000	0.836
neutral	0.040	0.000	0.006	0.002	0.095	0.000	0.856
neutral	0.058	0.000	0.005	0.003	0.113	0.000	0.821
neutral	0.037	0.000	0.006	0.002	0.087	0.000	0.867
neutral	0.068	0.001	0.008	0.004	0.160	0.001	0.759
neutral	0.084	0.000	0.007	0.003	0.114	0.000	0.792
neutral	0.043	0.000	0.007	0.004	0.142	0.000	0.804
neutral	0.072	0.001	0.007	0.004	0.159	0.000	0.757
neutral	0.027	0.001	0.004	0.003	0.118	0.000	0.847
neutral	0.019	0.001	0.004	0.004	0.103	0.000	0.870
neutral	0.060	0.001	0.008	0.004	0.190	0.000	0.737
neutral	0.037	0.001	0.007	0.005	0.152	0.000	0.797
neutral	0.049	0.001	0.006	0.004	0.150	0.000	0.790
neutral	0.062	0.000	0.007	0.005	0.173	0.001	0.751
neutral	0.053	0.001	0.008	0.003	0.201	0.000	0.733
neutral	0.044	0.001	0.005	0.004	0.152	0.000	0.794
neutral	0.056	0.000	0.006	0.003	0.143	0.000	0.791
neutral	0.053	0.001	0.006	0.002	0.126	0.000	0.813
neutral	0.058	0.000	0.008	0.003	0.133	0.000	0.797
neutral	0.064	0.000	0.009	0.002	0.197	0.000	0.728
neutral	0.049	0.000	0.015	0.002	0.267	0.000	0.666
neutral	0.060	0.000	0.007	0.001	0.181	0.000	0.750
neutral	0.062	0.000	0.005	0.001	0.134	0.000	0.796
neutral	0.025	0.001	0.005	0.003	0.174	0.000	0.792
neutral	0.029	0.001	0.006	0.003	0.182	0.000	0.778
neutral	0.009	0.000	0.004	0.006	0.067	0.001	0.912
neutral	0.032	0.000	0.006	0.003	0.123	0.000	0.835
neutral	0.026	0.002	0.006	0.002	0.138	0.000	0.826
neutral	0.068	0.001	0.006	0.003	0.181	0.000	0.741
neutral	0.044	0.001	0.005	0.002	0.146	0.000	0.802
neutral	0.053	0.000	0.007	0.004	0.146	0.000	0.790
neutral	0.056	0.001	0.008	0.003	0.173	0.000	0.760
neutral	0.049	0.002	0.005	0.004	0.158	0.000	0.781
neutral	0.044	0.002	0.005	0.005	0.151	0.000	0.794
neutral	0.040	0.002	0.004	0.005	0.138	0.000	0.811
neutral	0.032	0.001	0.006	0.003	0.126	0.000	0.831
neutral	0.045	0.001	0.010	0.005	0.155	0.001	0.784
neutral	0.044	0.002	0.004	0.003	0.143	0.000	0.804
neutral	0.041	0.002	0.004	0.004	0.131	0.000	0.818
neutral	0.052	0.001	0.007	0.006	0.143	0.001	0.791
neutral	0.051	0.001	0.004	0.007	0.133	0.000	0.804
neutral	0.087	0.001	0.011	0.004	0.194	0.001	0.702
neutral	0.058	0.001	0.007	0.005	0.154	0.000	0.775
neutral	0.080	0.001	0.011	0.004	0.210	0.001	0.693
neutral	0.098	0.001	0.005	0.004	0.145	0.000	0.746
neutral	0.046	0.003	0.005	0.003	0.169	0.000	0.774
neutral	0.058	0.002	0.006	0.003	0.191	0.000	0.739
neutral	0.040	0.000	0.006	0.006	0.139	0.000	0.808
neutral	0.033	0.000	0.006	0.005	0.121	0.000	0.835
neutral	0.047	0.000	0.009	0.003	0.201	0.000	0.739
neutral	0.043	0.001	0.012	0.003	0.178	0.001	0.763
neutral	0.040	0.001	0.006	0.002	0.173	0.000	0.778
neutral	0.035	0.001	0.008	0.002	0.140	0.000	0.814
neutral	0.041	0.001	0.006	0.002	0.173	0.000	0.777
neutral	0.012	0.000	0.005	0.002	0.120	0.000	0.860
neutral	0.035	0.001	0.011	0.002	0.178	0.000	0.772
neutral	0.064	0.001	0.007	0.003	0.221	0.000	0.703
neutral	0.016	0.000	0.005	0.002	0.116	0.000	0.861
neutral	0.061	0.001	0.009	0.002	0.239	0.000	0.687
neutral	0.065	0.001	0.009	0.002	0.242	0.000	0.681
neutral	0.052	0.000	0.009	0.003	0.142	0.000	0.794
neutral	0.059	0.000	0.009	0.003	0.136	0.001	0.792
neutral	0.062	0.001	0.007	0.003	0.183	0.000	0.744
neutral	0.060	0.001	0.007	0.003	0.175	0.000	0.753
neutral	0.071	0.000	0.008	0.003	0.217	0.000	0.699
neutral	0.024	0.001	0.005	0.003	0.130	0.000	0.836
neutral	0.041	0.001	0.006	0.003	0.186	0.000	0.763
neutral	0.043	0.001	0.006	0.004	0.159	0.000	0.788
neutral	0.016	0.001	0.005	0.003	0.150	0.000	0.824
neutral	0.019	0.001	0.005	0.005	0.115	0.000	0.855
neutral	0.015	0.000	0.005	0.004	0.102	0.000	0.873
neutral	0.046	0.001	0.007	0.005	0.166	0.000	0.774
neutral	0.050	0.000	0.008	0.006	0.214	0.000	0.721
neutral	0.064	0.000	0.006	0.002	0.149	0.000	0.780
neutral	0.103	0.000	0.006	0.002	0.123	0.000	0.764
neutral	0.067	0.000	0.006	0.002	0.096	0.000	0.828
neutral	0.060	0.000	0.005	0.002	0.128	0.000	0.804
neutral	0.011	0.000	0.004	0.006	0.036	0.001	0.941
neutral	0.011	0.000	0.006	0.006	0.047	0.004	0.926
neutral	0.012	0.000	0.002	0.012	0.030	0.002	0.942
neutral	0.019	0.000	0.002	0.004	0.039	0.003	0.933
neutral	0.012	0.000	0.002	0.010	0.025	0.002	0.949
neutral	0.016	0.000	0.002	0.006	0.029	0.002	0.945
neutral	0.012	0.000	0.002	0.011	0.024	0.002	0.949
neutral	0.012	0.000	0.002	0.011	0.029	0.002	0.944
neutral	0.036	0.001	0.010	0.006	0.230	0.000	0.716
neutral	0.029	0.001	0.010	0.005	0.234	0.000	0.721
neutral	0.045	0.000	0.009	0.004	0.134	0.000	0.809
neutral	0.052	0.000	0.007	0.002	0.129	0.000	0.809
neutral	0.044	0.000	0.008	0.003	0.128	0.000	0.816
neutral	0.056	0.000	0.007	0.003	0.165	0.000	0.768
neutral	0.011	0.000	0.002	0.004	0.035	0.000	0.946
neutral	0.007	0.000	0.004	0.006	0.043	0.001	0.940
neutral	0.031	0.000	0.002	0.005	0.037	0.001	0.924
neutral	0.006	0.000	0.004	0.005	0.031	0.001	0.953
neutral	0.043	0.001	0.005	0.005	0.112	0.001	0.833
neutral	0.037	0.001	0.006	0.007	0.123	0.001	0.825
neutral	0.033	0.001	0.005	0.007	0.108	0.001	0.846
neutral	0.024	0.000	0.004	0.012	0.073	0.001	0.885
neutral	0.017	0.000	0.004	0.008	0.042	0.000	0.929
neutral	0.007	0.000	0.003	0.010	0.034	0.001	0.946
neutral	0.015	0.000	0.006	0.005	0.104	0.000	0.870
neutral	0.017	0.000	0.004	0.005	0.064	0.000	0.910
neutral	0.017	0.000	0.004	0.006	0.064	0.000	0.908
neutral	0.045	0.001	0.009	0.006	0.149	0.000	0.790
neutral	0.033	0.001	0.005	0.006	0.121	0.000	0.834
neutral	0.016	0.000	0.003	0.006	0.075	0.000	0.899
neutral	0.017	0.000	0.004	0.005	0.066	0.000	0.908
neutral	0.019	0.000	0.005	0.006	0.072	0.000	0.899
neutral	0.020	0.000	0.005	0.009	0.088	0.000	0.876
neutral	0.015	0.001	0.008	0.006	0.119	0.000	0.851
neutral	0.021	0.000	0.007	0.007	0.070	0.001	0.894
neutral	0.014	0.000	0.005	0.003	0.081	0.000	0.896
neutral	0.014	0.000	0.004	0.003	0.064	0.000	0.915
neutral	0.018	0.000	0.005	0.005	0.067	0.000	0.905
neutral	0.015	0.000	0.004	0.003	0.063	0.000	0.914
neutral	0.018	0.000	0.006	0.003	0.095	0.000	0.876
neutral	0.013	0.000	0.007	0.006	0.052	0.001	0.921
neutral	0.017	0.000	0.006	0.006	0.083	0.001	0.887
neutral	0.016	0.000	0.005	0.006	0.061	0.000	0.911
neutral	0.016	0.001	0.006	0.006	0.070	0.000	0.901
neutral	0.031	0.001	0.007	0.007	0.090	0.001	0.864
neutral	0.027	0.001	0.007	0.006	0.091	0.001	0.868
neutral	0.028	0.001	0.008	0.007	0.093	0.001	0.863
neutral	0.022	0.001	0.005	0.004	0.082	0.000	0.886
neutral	0.023	0.001	0.006	0.003	0.091	0.000	0.876
neutral	0.022	0.001	0.005	0.003	0.089	0.000	0.881
neutral	0.020	0.001	0.012	0.006	0.170	0.000	0.791
neutral	0.056	0.000	0.008	0.003	0.184	0.000	0.748
neutral	0.047	0.000	0.007	0.002	0.119	0.000	0.824
neutral	0.114	0.000	0.008	0.004	0.226	0.000	0.647
neutral	0.106	0.000	0.011	0.003	0.230	0.000	0.650
neutral	0.079	0.001	0.010	0.006	0.191	0.000	0.712
neutral	0.101	0.000	0.011	0.007	0.229	0.000	0.652
neutral	0.077	0.000	0.011	0.005	0.153	0.000	0.754
neutral	0.074	0.001	0.010	0.008	0.233	0.000	0.674
neutral	0.086	0.000	0.009	0.007	0.165	0.000	0.732
neutral	0.115	0.000	0.015	0.004	0.160	0.000	0.706
neutral	0.095	0.000	0.009	0.006	0.191	0.000	0.700
neutral	0.085	0.000	0.011	0.005	0.181	0.000	0.716
neutral	0.100	0.000	0.012	0.005	0.197	0.000	0.686
neutral	0.032	0.000	0.009	0.005	0.092	0.001	0.861
neutral	0.022	0.000	0.008	0.013	0.057	0.000	0.900
neutral	0.030	0.001	0.019	0.012	0.163	0.001	0.775
neutral	0.032	0.000	0.012	0.016	0.088	0.000	0.851
neutral	0.020	0.000	0.008	0.013	0.051	0.000	0.907
neutral	0.017	0.000	0.015	0.010	0.072	0.001	0.884
neutral	0.026	0.000	0.011	0.008	0.068	0.001	0.886
neutral	0.077	0.000	0.011	0.003	0.232	0.000	0.677
neutral	0.075	0.000	0.013	0.003	0.215	0.000	0.694
neutral	0.076	0.000	0.012	0.004	0.183	0.001	0.724
neutral	0.113	0.000	0.012	0.005	0.216	0.000	0.653
neutral	0.070	0.000	0.010	0.004	0.237	0.000	0.679
neutral	0.094	0.000	0.010	0.005	0.197	0.001	0.693
neutral	0.066	0.000	0.011	0.004	0.248	0.000	0.670
neutral	0.072	0.000	0.013	0.004	0.218	0.001	0.692
neutral	0.063	0.000	0.010	0.004	0.216	0.000	0.707
neutral	0.083	0.001	0.009	0.003	0.205	0.000	0.698
neutral	0.072	0.000	0.010	0.003	0.344	0.000	0.570
neutral	0.086	0.000	0.010	0.005	0.203	0.001	0.696
neutral	0.085	0.000	0.012	0.005	0.176	0.000	0.722
neutral	0.102	0.000	0.011	0.005	0.265	0.000	0.617
neutral	0.085	0.000	0.010	0.004	0.203	0.001	0.697
neutral	0.123	0.000	0.013	0.004	0.306	0.000	0.552
neutral	0.061	0.000	0.013	0.003	0.149	0.001	0.773
neutral	0.091	0.000	0.010	0.003	0.253	0.000	0.641
neutral	0.103	0.001	0.010	0.004	0.206	0.000	0.675
neutral	0.108	0.001	0.011	0.003	0.203	0.000	0.673
neutral	0.020	0.001	0.008	0.012	0.153	0.001	0.806
neutral	0.091	0.003	0.011	0.005	0.208	0.000	0.682
neutral	0.100	0.000	0.010	0.004	0.180	0.000	0.704
neutral	0.096	0.001	0.011	0.003	0.204	0.000	0.685
neutral	0.070	0.000	0.009	0.003	0.144	0.000	0.775
neutral	0.014	0.001	0.007	0.012	0.129	0.002	0.836
neutral	0.062	0.001	0.010	0.004	0.150	0.000	0.773
neutral	0.083	0.000	0.009	0.002	0.264	0.000	0.641
neutral	0.072	0.000	0.009	0.003	0.303	0.000	0.612
neutral	0.018	0.000	0.007	0.005	0.092	0.001	0.877
neutral	0.045	0.002	0.015	0.007	0.285	0.001	0.644
neutral	0.021	0.001	0.009	0.011	0.171	0.002	0.785
neutral	0.092	0.001	0.011	0.002	0.224	0.000	0.670
neutral	0.016	0.001	0.008	0.007	0.091	0.001	0.877
neutral	0.055	0.001	0.009	0.004	0.145	0.000	0.785
neutral	0.035	0.001	0.009	0.010	0.130	0.001	0.814
neutral	0.098	0.001	0.013	0.002	0.232	0.000	0.654
neutral	0.063	0.002	0.013	0.006	0.259	0.000	0.657
neutral	0.038	0.001	0.014	0.006	0.284	0.001	0.657
neutral	0.021	0.001	0.009	0.010	0.159	0.002	0.799
neutral	0.106	0.000	0.011	0.003	0.197	0.000	0.683
neutral	0.095	0.001	0.011	0.003	0.300	0.000	0.590
neutral	0.098	0.000	0.011	0.002	0.211	0.000	0.677
neutral	0.107	0.001	0.012	0.002	0.236	0.000	0.642
neutral	0.025	0.000	0.006	0.010	0.102	0.001	0.855
neutral	0.025	0.000	0.006	0.010	0.093	0.001	0.865
neutral	0.052	0.000	0.011	0.004	0.219	0.000	0.713
neutral	0.027	0.001	0.008	0.008	0.132	0.001	0.824
neutral	0.027	0.000	0.011	0.006	0.177	0.001	0.779
neutral	0.048	0.001	0.009	0.006	0.185	0.000	0.752
neutral	0.090	0.001	0.013	0.004	0.298	0.000	0.594
neutral	0.060	0.001	0.009	0.005	0.214	0.000	0.711
neutral	0.092	0.000	0.012	0.004	0.302	0.000	0.589
neutral	0.077	0.002	0.009	0.008	0.188	0.000	0.715
neutral	0.110	0.001	0.012	0.004	0.210	0.000	0.663
neutral	0.080	0.002	0.011	0.007	0.190	0.000	0.710
neutral	0.099	0.001	0.010	0.003	0.159	0.000	0.727
neutral	0.102	0.001	0.013	0.003	0.222	0.000	0.659
neutral	0.067	0.000	0.014	0.003	0.104	0.001	0.810
neutral	0.159	0.000	0.014	0.004	0.145	0.000	0.677
neutral	0.019	0.001	0.006	0.008	0.080	0.001	0.886
neutral	0.192	0.000	0.014	0.004	0.141	0.000	0.649
neutral	0.063	0.001	0.008	0.006	0.146	0.000	0.775
neutral	0.019	0.000	0.007	0.005	0.094	0.001	0.874
neutral	0.102	0.001	0.010	0.004	0.176	0.000	0.708
neutral	0.144	0.001	0.009	0.003	0.284	0.000	0.559
neutral	0.073	0.002	0.009	0.004	0.157	0.000	0.755
neutral	0.088	0.000	0.012	0.003	0.184	0.000	0.712
neutral	0.105	0.000	0.011	0.003	0.181	0.000	0.699
neutral	0.107	0.002	0.012	0.004	0.313	0.000	0.563
neutral	0.030	0.001	0.009	0.008	0.165	0.001	0.787
neutral	0.022	0.000	0.007	0.004	0.091	0.001	0.875
neutral	0.072	0.002	0.009	0.005	0.159	0.000	0.753
neutral	0.027	0.001	0.009	0.009	0.169	0.001	0.786
neutral	0.126	0.001	0.012	0.002	0.252	0.000	0.607
neutral	0.034	0.001	0.009	0.008	0.197	0.001	0.751
neutral	0.068	0.001	0.009	0.006	0.172	0.001	0.743
neutral	0.040	0.000	0.007	0.006	0.060	0.001	0.887
neutral	0.032	0.001	0.008	0.007	0.175	0.001	0.776
neutral	0.037	0.001	0.008	0.010	0.183	0.002	0.760
neutral	0.043	0.002	0.008	0.007	0.188	0.000	0.752
neutral	0.044	0.001	0.013	0.006	0.258	0.001	0.677
neutral	0.141	0.001	0.011	0.003	0.310	0.000	0.534
neutral	0.024	0.001	0.006	0.007	0.119	0.001	0.843
neutral	0.020	0.000	0.005	0.009	0.084	0.001	0.881
neutral	0.027	0.000	0.006	0.009	0.125	0.001	0.832
neutral	0.115	0.001	0.012	0.003	0.206	0.000	0.663
neutral	0.133	0.000	0.010	0.003	0.204	0.000	0.649
neutral	0.061	0.000	0.009	0.006	0.163	0.000	0.760
neutral	0.139	0.000	0.011	0.003	0.229	0.000	0.618
neutral	0.039	0.001	0.010	0.007	0.175	0.001	0.767
neutral	0.032	0.001	0.010	0.008	0.185	0.001	0.764
neutral	0.143	0.000	0.013	0.003	0.247	0.001	0.592
neutral	0.156	0.001	0.010	0.005	0.256	0.000	0.572
neutral	0.175	0.000	0.014	0.003	0.240	0.001	0.568
neutral	0.041	0.002	0.012	0.008	0.203	0.001	0.734
neutral	0.104	0.001	0.013	0.003	0.336	0.000	0.542
neutral	0.111	0.001	0.010	0.003	0.323	0.000	0.552
neutral	0.108	0.000	0.010	0.002	0.206	0.000	0.673
neutral	0.121	0.001	0.011	0.003	0.233	0.000	0.632
neutral	0.139	0.000	0.011	0.003	0.230	0.000	0.617
neutral	0.102	0.001	0.009	0.004	0.200	0.000	0.683
neutral	0.134	0.000	0.010	0.003	0.246	0.000	0.606
neutral	0.065	0.002	0.009	0.005	0.174	0.000	0.745
neutral	0.165	0.001	0.009	0.003	0.259	0.000	0.562
neutral	0.056	0.002	0.010	0.006	0.154	0.000	0.771
neutral	0.065	0.002	0.011	0.004	0.191	0.000	0.727
neutral	0.110	0.001	0.010	0.003	0.194	0.000	0.681
neutral	0.016	0.001	0.007	0.006	0.079	0.001	0.890
neutral	0.124	0.001	0.010	0.003	0.201	0.000	0.660
neutral	0.030	0.001	0.009	0.008	0.180	0.001	0.772
neutral	0.038	0.002	0.009	0.006	0.152	0.001	0.794
neutral	0.120	0.003	0.012	0.002	0.260	0.000	0.603
neutral	0.035	0.002	0.008	0.005	0.120	0.001	0.830
neutral	0.028	0.001	0.007	0.009	0.139	0.001	0.815
neutral	0.035	0.002	0.009	0.005	0.134	0.000	0.815
neutral	0.043	0.001	0.007	0.005	0.136	0.000	0.808
neutral	0.031	0.002	0.009	0.005	0.128	0.001	0.825
neutral	0.090	0.000	0.014	0.002	0.194	0.001	0.698
neutral	0.110	0.001	0.011	0.002	0.227	0.000	0.649
neutral	0.082	0.000	0.012	0.003	0.102	0.001	0.800
neutral	0.083	0.001	0.010	0.004	0.163	0.000	0.739
neutral	0.104	0.001	0.011	0.002	0.236	0.000	0.646
neutral	0.099	0.001	0.011	0.002	0.231	0.000	0.656
neutral	0.039	0.002	0.009	0.005	0.129	0.000	0.816
neutral	0.020	0.001	0.008	0.008	0.093	0.001	0.870
neutral	0.051	0.002	0.015	0.006	0.329	0.001	0.597
neutral	0.031	0.001	0.007	0.009	0.113	0.001	0.839
neutral	0.030	0.001	0.007	0.005	0.119	0.001	0.837
neutral	0.021	0.001	0.007	0.009	0.138	0.002	0.823
neutral	0.033	0.000	0.006	0.008	0.123	0.001	0.829
neutral	0.024	0.001	0.007	0.010	0.111	0.001	0.846
neutral	0.022	0.001	0.006	0.006	0.104	0.001	0.861
neutral	0.022	0.001	0.005	0.009	0.107	0.001	0.855
neutral	0.030	0.001	0.007	0.005	0.135	0.001	0.820
neutral	0.026	0.001	0.007	0.008	0.124	0.001	0.833
neutral	0.021	0.001	0.006	0.009	0.115	0.001	0.846
neutral	0.033	0.000	0.007	0.006	0.121	0.001	0.832
neutral	0.021	0.001	0.006	0.008	0.152	0.001	0.812
neutral	0.030	0.001	0.009	0.008	0.181	0.001	0.769
neutral	0.049	0.001	0.010	0.005	0.162	0.000	0.772
neutral	0.019	0.001	0.006	0.007	0.087	0.001	0.880
neutral	0.066	0.000	0.012	0.005	0.174	0.000	0.742
neutral	0.066	0.001	0.010	0.003	0.207	0.000	0.713
neutral	0.045	0.001	0.012	0.008	0.212	0.001	0.722
neutral	0.078	0.001	0.013	0.004	0.216	0.000	0.687
neutral	0.046	0.000	0.005	0.005	0.099	0.001	0.844
neutral	0.016	0.001	0.008	0.006	0.149	0.001	0.819
neutral	0.015	0.000	0.006	0.009	0.091	0.001	0.877
neutral	0.014	0.000	0.006	0.007	0.082	0.001	0.889
neutral	0.032	0.000	0.005	0.006	0.080	0.001	0.877
neutral	0.032	0.001	0.007	0.005	0.112	0.001	0.843
neutral	0.210	0.001	0.012	0.004	0.198	0.000	0.574
neutral	0.148	0.001	0.012	0.003	0.229	0.000	0.608
neutral	0.138	0.000	0.011	0.004	0.146	0.000	0.699
neutral	0.032	0.001	0.009	0.006	0.167	0.001	0.783
