prediction	angry	disgust	fear	happy	sad	surprise	neutral
neutral	0.159	0.000	0.067	0.007	0.352	0.002	0.412
neutral	0.273	0.000	0.055	0.008	0.191	0.002	0.470
neutral	0.236	0.000	0.082	0.005	0.174	0.003	0.500
angry	0.339	0.000	0.107	0.011	0.279	0.002	0.261
neutral	0.207	0.000	0.082	0.005	0.256	0.002	0.448
neutral	0.270	0.000	0.118	0.009	0.294	0.004	0.306
neutral	0.275	0.000	0.105	0.006	0.224	0.002	0.388
neutral	0.259	0.000	0.079	0.008	0.180	0.002	0.472
neutral	0.237	0.000	0.059	0.007	0.217	0.003	0.477
neutral	0.248	0.000	0.084	0.012	0.246	0.004	0.407
neutral	0.309	0.000	0.086	0.012	0.234	0.003	0.356
neutral	0.231	0.000	0.051	0.011	0.181	0.003	0.523
neutral	0.206	0.000	0.048	0.006	0.176	0.002	0.562
neutral	0.336	0.000	0.077	0.012	0.219	0.002	0.355
neutral	0.237	0.000	0.074	0.008	0.170	0.001	0.509
neutral	0.315	0.000	0.086	0.009	0.192	0.003	0.394
neutral	0.219	0.000	0.054	0.020	0.198	0.002	0.507
angry	0.361	0.000	0.100	0.009	0.211	0.002	0.317
neutral	0.201	0.000	0.076	0.008	0.111	0.003	0.600
neutral	0.182	0.000	0.055	0.009	0.115	0.001	0.637
neutral	0.263	0.000	0.033	0.018	0.121	0.002	0.564
neutral	0.262	0.000	0.086	0.023	0.147	0.001	0.479
angry	0.388	0.000	0.176	0.007	0.241	0.002	0.187
neutral	0.156	0.000	0.047	0.032	0.164	0.001	0.599
neutral	0.198	0.000	0.067	0.026	0.214	0.002	0.492
neutral	0.265	0.000	0.100	0.026	0.243	0.003	0.363
neutral	0.228	0.000	0.160	0.013	0.266	0.003	0.331
neutral	0.126	0.000	0.061	0.034	0.159	0.001	0.620
neutral	0.175	0.000	0.079	0.036	0.156	0.002	0.552
neutral	0.198	0.000	0.066	0.030	0.155	0.001	0.550
neutral	0.217	0.000	0.084	0.044	0.170	0.002	0.484
neutral	0.239	0.000	0.060	0.023	0.148	0.002	0.527
angry	0.320	0.000	0.142	0.013	0.224	0.003	0.298
neutral	0.147	0.000	0.055	0.047	0.104	0.002	0.646
neutral	0.291	0.000	0.172	0.009	0.229	0.002	0.296
neutral	0.171	0.000	0.046	0.022	0.143	0.001	0.617
neutral	0.179	0.000	0.048	0.027	0.166	0.001	0.579
neutral	0.145	0.000	0.159	0.027	0.163	0.003	0.503
neutral	0.200	0.000	0.047	0.032	0.127	0.003	0.591
neutral	0.247	0.000	0.197	0.013	0.229	0.004	0.311
neutral	0.197	0.000	0.052	0.025	0.112	0.001	0.613
neutral	0.206	0.000	0.114	0.023	0.166	0.004	0.487
neutral	0.195	0.000	0.057	0.024	0.129	0.001	0.594
neutral	0.197	0.000	0.046	0.025	0.113	0.001	0.617
neutral	0.219	0.000	0.078	0.041	0.141	0.002	0.518
neutral	0.156	0.000	0.099	0.019	0.152	0.003	0.570
neutral	0.301	0.000	0.052	0.026	0.144	0.001	0.475
neutral	0.270	0.000	0.071	0.026	0.149	0.002	0.481
neutral	0.194	0.000	0.076	0.018	0.139	0.003	0.570
neutral	0.246	0.000	0.165	0.016	0.170	0.003	0.400
neutral	0.234	0.000	0.118	0.015	0.290	0.002	0.341
angry	0.391	0.000	0.116	0.007	0.267	0.002	0.217
neutral	0.198	0.000	0.064	0.008	0.230	0.001	0.499
neutral	0.253	0.000	0.075	0.005	0.204	0.001	0.461
neutral	0.239	0.000	0.151	0.011	0.289	0.003	0.308
neutral	0.226	0.000	0.067	0.013	0.308	0.001	0.385
neutral	0.284	0.000	0.093	0.006	0.241	0.001	0.374
neutral	0.244	0.000	0.064	0.008	0.249	0.001	0.434
neutral	0.246	0.000	0.053	0.005	0.279	0.000	0.416
neutral	0.196	0.000	0.053	0.010	0.227	0.001	0.512
neutral	0.176	0.000	0.069	0.006	0.229	0.001	0.519
neutral	0.195	0.000	0.046	0.009	0.234	0.000	0.515
neutral	0.138	0.000	0.040	0.008	0.192	0.001	0.622
neutral	0.214	0.000	0.059	0.008	0.254	0.001	0.464
neutral	0.182	0.000	0.048	0.008	0.294	0.001	0.467
neutral	0.164	0.000	0.083	0.006	0.227	0.001	0.519
neutral	0.194	0.000	0.075	0.006	0.240	0.002	0.483
neutral	0.182	0.000	0.061	0.005	0.202	0.001	0.548
neutral	0.190	0.000	0.067	0.006	0.257	0.001	0.480
neutral	0.209	0.001	0.077	0.004	0.226	0.001	0.482
neutral	0.236	0.001	0.114	0.005	0.320	0.001	0.323
sad	0.182	0.000	0.102	0.005	0.370	0.001	0.340
neutral	0.175	0.000	0.071	0.003	0.243	0.001	0.506
neutral	0.161	0.000	0.062	0.004	0.228	0.001	0.545
neutral	0.229	0.000	0.075	0.007	0.233	0.001	0.455
neutral	0.160	0.000	0.066	0.006	0.202	0.001	0.565
neutral	0.179	0.000	0.033	0.008	0.238	0.000	0.542
neutral	0.217	0.000	0.044	0.013	0.248	0.001	0.476
neutral	0.145	0.000	0.037	0.008	0.214	0.001	0.594
neutral	0.137	0.000	0.044	0.009	0.189	0.001	0.619
neutral	0.236	0.000	0.070	0.008	0.236	0.001	0.449
neutral	0.178	0.000	0.072	0.007	0.245	0.001	0.497
neutral	0.178	0.000	0.054	0.005	0.206	0.001	0.557
neutral	0.201	0.000	0.071	0.006	0.267	0.001	0.453
neutral	0.242	0.000	0.056	0.027	0.230	0.001	0.445
neutral	0.151	0.002	0.045	0.167	0.204	0.002	0.429
neutral	0.256	0.000	0.086	0.075	0.285	0.011	0.287
sad	0.125	0.000	0.098	0.013	0.627	0.003	0.133
sad	0.120	0.000	0.214	0.021	0.367	0.009	0.270
sad	0.109	0.002	0.161	0.007	0.566	0.010	0.145
sad	0.254	0.004	0.186	0.008	0.383	0.009	0.156
sad	0.096	0.005	0.091	0.006	0.689	0.007	0.106
sad	0.119	0.003	0.089	0.010	0.649	0.005	0.124
neutral	0.208	0.002	0.070	0.028	0.308	0.004	0.379
neutral	0.084	0.000	0.046	0.099	0.110	0.004	0.657
angry	0.445	0.000	0.172	0.004	0.268	0.004	0.107
angry	0.377	0.000	0.181	0.005	0.273	0.002	0.162
angry	0.375	0.000	0.120	0.008	0.344	0.001	0.152
sad	0.253	0.000	0.124	0.004	0.325	0.003	0.291
sad	0.228	0.000	0.077	0.004	0.458	0.002	0.232
neutral	0.216	0.000	0.055	0.007	0.209	0.001	0.511
neutral	0.171	0.000	0.060	0.005	0.312	0.001	0.450
neutral	0.209	0.000	0.052	0.008	0.248	0.001	0.482
neutral	0.171	0.000	0.067	0.006	0.299	0.001	0.455
neutral	0.174	0.000	0.076	0.007	0.346	0.000	0.397
neutral	0.186	0.000	0.066	0.010	0.249	0.001	0.488
neutral	0.207	0.000	0.066	0.008	0.323	0.001	0.396
neutral	0.251	0.000	0.091	0.006	0.317	0.002	0.333
neutral	0.159	0.000	0.032	0.006	0.169	0.001	0.632
neutral	0.240	0.001	0.058	0.006	0.232	0.002	0.462
neutral	0.157	0.000	0.036	0.012	0.297	0.001	0.497
neutral	0.175	0.000	0.048	0.012	0.284	0.001	0.480
neutral	0.205	0.000	0.049	0.017	0.286	0.001	0.442
neutral	0.183	0.000	0.047	0.030	0.264	0.000	0.475
neutral	0.177	0.000	0.031	0.033	0.163	0.000	0.595
neutral	0.181	0.000	0.038	0.021	0.176	0.000	0.584
neutral	0.191	0.000	0.031	0.027	0.179	0.000	0.570
sad	0.196	0.030	0.184	0.072	0.253	0.056	0.210
neutral	0.160	0.000	0.051	0.033	0.158	0.002	0.596
sad	0.153	0.005	0.144	0.088	0.324	0.040	0.245
neutral	0.194	0.000	0.059	0.090	0.122	0.004	0.530
neutral	0.197	0.000	0.038	0.032	0.118	0.001	0.614
neutral	0.331	0.000	0.056	0.016	0.173	0.001	0.422
sad	0.328	0.001	0.060	0.022	0.337	0.001	0.253
sad	0.189	0.021	0.175	0.045	0.305	0.038	0.226
neutral	0.224	0.000	0.069	0.074	0.132	0.004	0.498
neutral	0.238	0.000	0.031	0.034	0.110	0.000	0.586
neutral	0.203	0.000	0.043	0.032	0.152	0.001	0.568
neutral	0.211	0.000	0.100	0.012	0.314	0.003	0.360
sad	0.186	0.000	0.091	0.012	0.405	0.001	0.306
neutral	0.197	0.000	0.050	0.014	0.245	0.003	0.490
angry	0.402	0.000	0.067	0.009	0.295	0.002	0.225
neutral	0.249	0.000	0.085	0.014	0.230	0.004	0.418
neutral	0.224	0.000	0.067	0.007	0.231	0.002	0.468
neutral	0.227	0.000	0.130	0.015	0.173	0.009	0.445
neutral	0.208	0.000	0.095	0.010	0.260	0.002	0.425
neutral	0.298	0.000	0.110	0.007	0.215	0.004	0.366
neutral	0.260	0.000	0.067	0.010	0.178	0.005	0.479
neutral	0.125	0.000	0.025	0.019	0.168	0.001	0.662
neutral	0.181	0.000	0.027	0.014	0.228	0.001	0.548
neutral	0.271	0.000	0.041	0.013	0.241	0.001	0.434
neutral	0.185	0.000	0.046	0.012	0.246	0.001	0.509
neutral	0.165	0.000	0.055	0.013	0.282	0.002	0.482
angry	0.359	0.000	0.162	0.008	0.281	0.002	0.188
neutral	0.267	0.000	0.081	0.010	0.209	0.002	0.431
angry	0.429	0.000	0.117	0.005	0.289	0.002	0.157
angry	0.403	0.000	0.070	0.008	0.225	0.002	0.293
angry	0.342	0.000	0.121	0.007	0.263	0.002	0.265
sad	0.326	0.000	0.091	0.004	0.329	0.002	0.247
neutral	0.267	0.000	0.110	0.006	0.270	0.003	0.345
neutral	0.262	0.000	0.076	0.005	0.295	0.002	0.359
angry	0.382	0.000	0.106	0.004	0.276	0.002	0.230
angry	0.402	0.000	0.100	0.008	0.209	0.002	0.279
sad	0.205	0.000	0.103	0.009	0.412	0.002	0.269
sad	0.208	0.000	0.100	0.006	0.448	0.001	0.236
neutral	0.173	0.000	0.071	0.005	0.350	0.001	0.399
sad	0.303	0.000	0.099	0.004	0.307	0.001	0.285
angry	0.334	0.000	0.116	0.006	0.250	0.002	0.292
angry	0.322	0.000	0.115	0.005	0.286	0.003	0.269
neutral	0.285	0.000	0.078	0.005	0.248	0.002	0.382
neutral	0.190	0.000	0.070	0.003	0.354	0.001	0.381
neutral	0.152	0.000	0.074	0.008	0.287	0.002	0.477
neutral	0.134	0.000	0.075	0.006	0.331	0.001	0.453
sad	0.244	0.000	0.086	0.006	0.333	0.002	0.329
neutral	0.196	0.000	0.046	0.005	0.252	0.001	0.499
neutral	0.186	0.000	0.051	0.005	0.267	0.001	0.490
angry	0.304	0.000	0.105	0.007	0.297	0.001	0.286
neutral	0.254	0.000	0.071	0.006	0.306	0.001	0.361
neutral	0.150	0.000	0.070	0.004	0.318	0.001	0.456
neutral	0.178	0.000	0.057	0.007	0.300	0.001	0.457
sad	0.293	0.000	0.088	0.006	0.326	0.001	0.287
sad	0.234	0.000	0.091	0.006	0.358	0.001	0.309
neutral	0.298	0.000	0.077	0.009	0.283	0.001	0.332
neutral	0.255	0.000	0.082	0.015	0.274	0.001	0.373
neutral	0.239	0.000	0.086	0.014	0.292	0.001	0.367
angry	0.305	0.000	0.103	0.016	0.300	0.002	0.275
neutral	0.129	0.000	0.056	0.015	0.341	0.002	0.456
sad	0.207	0.000	0.085	0.052	0.384	0.001	0.271
neutral	0.151	0.000	0.047	0.045	0.376	0.001	0.380
sad	0.227	0.000	0.062	0.024	0.381	0.001	0.305
neutral	0.203	0.000	0.047	0.032	0.337	0.001	0.380
sad	0.200	0.000	0.056	0.031	0.358	0.001	0.354
angry	0.358	0.000	0.083	0.019	0.245	0.001	0.294
neutral	0.257	0.000	0.078	0.031	0.286	0.001	0.346
sad	0.236	0.000	0.100	0.022	0.336	0.001	0.304
sad	0.150	0.001	0.078	0.019	0.421	0.001	0.330
neutral	0.181	0.001	0.083	0.023	0.289	0.001	0.422
sad	0.202	0.000	0.085	0.028	0.375	0.001	0.308
neutral	0.170	0.000	0.078	0.021	0.314	0.001	0.416
sad	0.143	0.026	0.176	0.067	0.284	0.029	0.275
sad	0.185	0.000	0.088	0.020	0.360	0.001	0.347
sad	0.224	0.000	0.091	0.026	0.344	0.001	0.313
sad	0.226	0.000	0.072	0.019	0.381	0.001	0.301
sad	0.138	0.014	0.185	0.086	0.284	0.053	0.239
neutral	0.267	0.000	0.091	0.026	0.297	0.002	0.316
sad	0.173	0.019	0.201	0.079	0.325	0.032	0.173
neutral	0.184	0.000	0.069	0.022	0.309	0.001	0.415
sad	0.153	0.010	0.196	0.056	0.365	0.038	0.183
neutral	0.157	0.001	0.070	0.018	0.350	0.001	0.404
neutral	0.166	0.000	0.067	0.015	0.310	0.001	0.440
sad	0.231	0.001	0.082	0.012	0.370	0.001	0.303
sad	0.146	0.005	0.198	0.077	0.316	0.033	0.225
neutral	0.216	0.000	0.099	0.024	0.295	0.001	0.365
neutral	0.216	0.000	0.088	0.011	0.332	0.001	0.352
sad	0.172	0.004	0.181	0.074	0.340	0.030	0.200
neutral	0.219	0.000	0.088	0.014	0.268	0.001	0.410
neutral	0.243	0.000	0.100	0.008	0.310	0.001	0.338
sad	0.177	0.013	0.212	0.053	0.260	0.040	0.245
sad	0.264	0.000	0.080	0.008	0.387	0.002	0.258
sad	0.239	0.000	0.076	0.008	0.391	0.001	0.285
angry	0.358	0.000	0.116	0.013	0.211	0.002	0.300
neutral	0.230	0.000	0.079	0.007	0.279	0.001	0.404
angry	0.352	0.000	0.124	0.010	0.219	0.002	0.293
neutral	0.242	0.000	0.105	0.006	0.314	0.002	0.331
angry	0.334	0.000	0.157	0.007	0.219	0.002	0.281
angry	0.348	0.000	0.134	0.009	0.229	0.002	0.278
neutral	0.281	0.000	0.112	0.007	0.287	0.001	0.311
neutral	0.282	0.000	0.118	0.007	0.276	0.001	0.316
neutral	0.293	0.000	0.128	0.011	0.232	0.001	0.334
angry	0.330	0.000	0.116	0.017	0.224	0.002	0.310
neutral	0.235	0.000	0.070	0.013	0.168	0.001	0.513
angry	0.411	0.000	0.060	0.014	0.154	0.001	0.360
sad	0.253	0.000	0.109	0.010	0.320	0.001	0.307
neutral	0.279	0.000	0.113	0.012	0.296	0.001	0.299
angry	0.346	0.000	0.086	0.004	0.267	0.001	0.295
sad	0.266	0.000	0.102	0.010	0.321	0.002	0.298
sad	0.263	0.000	0.099	0.007	0.358	0.001	0.272
angry	0.319	0.000	0.135	0.014	0.233	0.002	0.297
sad	0.155	0.009	0.198	0.063	0.337	0.024	0.213
sad	0.280	0.000	0.145	0.008	0.294	0.002	0.271
sad	0.160	0.006	0.170	0.098	0.326	0.022	0.219
angry	0.331	0.000	0.192	0.005	0.308	0.002	0.161
angry	0.368	0.000	0.119	0.010	0.236	0.002	0.264
sad	0.134	0.010	0.208	0.056	0.340	0.040	0.210
neutral	0.258	0.000	0.098	0.009	0.299	0.001	0.334
sad	0.249	0.000	0.082	0.012	0.365	0.001	0.290
sad	0.314	0.000	0.083	0.006	0.343	0.001	0.253
angry	0.320	0.000	0.120	0.009	0.246	0.002	0.303
neutral	0.246	0.000	0.080	0.009	0.277	0.001	0.387
neutral	0.269	0.000	0.102	0.009	0.305	0.001	0.314
sad	0.255	0.000	0.094	0.010	0.396	0.001	0.245
sad	0.214	0.000	0.069	0.013	0.404	0.001	0.299
angry	0.315	0.000	0.112	0.008	0.278	0.002	0.286
angry	0.365	0.000	0.092	0.007	0.275	0.001	0.259
neutral	0.242	0.000	0.086	0.014	0.252	0.002	0.404
neutral	0.284	0.000	0.098	0.009	0.260	0.003	0.347
neutral	0.276	0.000	0.099	0.012	0.257	0.003	0.353
angry	0.329	0.000	0.092	0.013	0.239	0.002	0.325
neutral	0.232	0.000	0.078	0.005	0.331	0.001	0.353
neutral	0.184	0.000	0.092	0.007	0.282	0.001	0.434
neutral	0.218	0.000	0.085	0.007	0.307	0.001	0.383
neutral	0.259	0.000	0.081	0.007	0.307	0.001	0.344
neutral	0.307	0.000	0.098	0.008	0.261	0.002	0.324
sad	0.159	0.004	0.143	0.122	0.344	0.021	0.206
neutral	0.258	0.000	0.093	0.008	0.274	0.001	0.366
sad	0.274	0.000	0.097	0.007	0.314	0.002	0.306
neutral	0.253	0.000	0.110	0.007	0.304	0.002	0.324
neutral	0.270	0.000	0.106	0.008	0.280	0.001	0.334
neutral	0.219	0.000	0.123	0.011	0.275	0.001	0.370
neutral	0.263	0.000	0.102	0.009	0.308	0.001	0.316
neutral	0.245	0.000	0.087	0.008	0.278	0.001	0.380
neutral	0.218	0.000	0.109	0.007	0.316	0.002	0.347
neutral	0.265	0.000	0.097	0.016	0.241	0.002	0.378
neutral	0.313	0.000	0.102	0.008	0.261	0.003	0.313
angry	0.325	0.000	0.109	0.013	0.247	0.004	0.301
sad	0.284	0.000	0.149	0.011	0.297	0.004	0.254
neutral	0.273	0.000	0.099	0.008	0.241	0.003	0.377
neutral	0.230	0.000	0.102	0.009	0.239	0.002	0.419
sad	0.271	0.000	0.150	0.009	0.353	0.002	0.214
neutral	0.280	0.000	0.094	0.013	0.258	0.002	0.353
neutral	0.251	0.000	0.094	0.012	0.234	0.003	0.407
neutral	0.269	0.000	0.102	0.006	0.252	0.002	0.369
neutral	0.274	0.000	0.099	0.006	0.280	0.002	0.339
neutral	0.320	0.000	0.079	0.011	0.265	0.002	0.324
neutral	0.228	0.000	0.093	0.012	0.274	0.001	0.390
neutral	0.168	0.000	0.065	0.008	0.306	0.001	0.452
neutral	0.285	0.000	0.090	0.008	0.290	0.002	0.326
neutral	0.221	0.000	0.103	0.010	0.300	0.001	0.365
sad	0.260	0.000	0.120	0.009	0.311	0.002	0.299
angry	0.356	0.000	0.110	0.012	0.253	0.002	0.268
sad	0.276	0.000	0.108	0.007	0.314	0.002	0.292
angry	0.355	0.000	0.130	0.009	0.252	0.003	0.251
neutral	0.263	0.000	0.124	0.009	0.265	0.002	0.336
neutral	0.215	0.000	0.097	0.007	0.301	0.001	0.378
neutral	0.222	0.000	0.092	0.008	0.293	0.001	0.385
neutral	0.264	0.000	0.095	0.011	0.277	0.002	0.351
angry	0.335	0.000	0.117	0.009	0.285	0.001	0.251
angry	0.309	0.000	0.103	0.012	0.268	0.002	0.305
angry	0.371	0.000	0.106	0.007	0.274	0.002	0.241
sad	0.226	0.000	0.157	0.008	0.336	0.002	0.272
neutral	0.229	0.000	0.100	0.007	0.310	0.002	0.351
neutral	0.253	0.000	0.123	0.009	0.304	0.001	0.309
neutral	0.301	0.000	0.098	0.007	0.290	0.001	0.302
sad	0.229	0.000	0.157	0.009	0.373	0.003	0.230
sad	0.292	0.000	0.150	0.004	0.360	0.002	0.192
angry	0.390	0.000	0.110	0.007	0.316	0.001	0.176
sad	0.298	0.001	0.152	0.004	0.412	0.001	0.131
sad	0.180	0.020	0.228	0.050	0.325	0.039	0.158
angry	0.409	0.001	0.112	0.010	0.269	0.001	0.199
sad	0.151	0.031	0.220	0.031	0.374	0.040	0.152
neutral	0.253	0.000	0.037	0.020	0.254	0.001	0.435
sad	0.177	0.031	0.222	0.048	0.315	0.036	0.171
angry	0.379	0.000	0.075	0.026	0.277	0.002	0.241
sad	0.161	0.032	0.211	0.029	0.400	0.023	0.145
angry	0.491	0.000	0.106	0.011	0.270	0.001	0.122
sad	0.201	0.024	0.214	0.040	0.307	0.028	0.186
angry	0.351	0.000	0.061	0.017	0.292	0.001	0.278
sad	0.202	0.045	0.211	0.034	0.296	0.038	0.175
neutral	0.203	0.000	0.049	0.031	0.287	0.001	0.429
sad	0.189	0.041	0.233	0.027	0.334	0.025	0.151
neutral	0.252	0.000	0.075	0.045	0.263	0.001	0.364
sad	0.180	0.033	0.230	0.051	0.315	0.028	0.163
neutral	0.178	0.000	0.038	0.114	0.187	0.001	0.483
sad	0.168	0.020	0.227	0.080	0.248	0.056	0.202
neutral	0.131	0.000	0.047	0.118	0.171	0.002	0.530
neutral	0.168	0.000	0.044	0.068	0.198	0.001	0.521
sad	0.200	0.024	0.203	0.056	0.261	0.039	0.218
neutral	0.157	0.002	0.068	0.072	0.295	0.001	0.405
sad	0.149	0.020	0.229	0.041	0.306	0.024	0.230
neutral	0.146	0.002	0.090	0.045	0.333	0.001	0.383
sad	0.156	0.021	0.207	0.049	0.299	0.027	0.241
neutral	0.191	0.000	0.050	0.015	0.156	0.000	0.588
neutral	0.182	0.000	0.039	0.010	0.263	0.001	0.506
neutral	0.245	0.000	0.059	0.003	0.233	0.000	0.460
sad	0.257	0.000	0.077	0.003	0.409	0.001	0.254
neutral	0.244	0.000	0.072	0.009	0.331	0.001	0.343
sad	0.282	0.000	0.081	0.005	0.395	0.001	0.236
neutral	0.195	0.000	0.066	0.004	0.305	0.001	0.430
neutral	0.191	0.000	0.070	0.005	0.356	0.001	0.378
sad	0.224	0.000	0.099	0.004	0.467	0.001	0.205
sad	0.238	0.000	0.074	0.003	0.405	0.001	0.279
sad	0.244	0.000	0.107	0.005	0.416	0.002	0.227
neutral	0.204	0.000	0.064	0.010	0.265	0.001	0.456
sad	0.243	0.000	0.116	0.004	0.442	0.001	0.194
sad	0.225	0.000	0.087	0.004	0.431	0.001	0.251
angry	0.320	0.000	0.088	0.004	0.293	0.001	0.294
neutral	0.155	0.000	0.065	0.003	0.357	0.000	0.420
sad	0.233	0.000	0.074	0.004	0.445	0.001	0.244
neutral	0.249	0.000	0.056	0.004	0.330	0.001	0.361
neutral	0.199	0.000	0.077	0.002	0.332	0.001	0.389
sad	0.183	0.000	0.078	0.005	0.396	0.001	0.336
neutral	0.202	0.000	0.065	0.004	0.308	0.001	0.420
sad	0.223	0.000	0.074	0.005	0.387	0.002	0.309
neutral	0.221	0.000	0.066	0.008	0.336	0.001	0.368
angry	0.314	0.000	0.091	0.013	0.272	0.002	0.308
neutral	0.247	0.000	0.085	0.011	0.286	0.001	0.370
neutral	0.197	0.000	0.063	0.007	0.280	0.001	0.451
neutral	0.203	0.000	0.058	0.010	0.248	0.001	0.480
neutral	0.179	0.000	0.091	0.026	0.230	0.002	0.473
neutral	0.234	0.000	0.086	0.013	0.206	0.001	0.460
neutral	0.321	0.000	0.097	0.014	0.213	0.002	0.354
neutral	0.338	0.000	0.090	0.011	0.218	0.001	0.341
neutral	0.234	0.000	0.064	0.012	0.177	0.001	0.512
neutral	0.305	0.000	0.101	0.019	0.216	0.004	0.356
angry	0.312	0.000	0.119	0.019	0.266	0.003	0.281
neutral	0.239	0.000	0.091	0.020	0.294	0.002	0.353
sad	0.230	0.000	0.095	0.011	0.357	0.002	0.305
sad	0.297	0.000	0.115	0.015	0.303	0.002	0.269
sad	0.283	0.000	0.111	0.014	0.301	0.002	0.289
sad	0.300	0.000	0.123	0.013	0.312	0.002	0.250
neutral	0.280	0.000	0.086	0.017	0.301	0.002	0.313
sad	0.258	0.000	0.093	0.009	0.338	0.002	0.299
neutral	0.193	0.000	0.079	0.009	0.277	0.001	0.440
neutral	0.155	0.000	0.074	0.009	0.271	0.001	0.489
sad	0.168	0.000	0.093	0.011	0.366	0.001	0.361
sad	0.194	0.000	0.081	0.008	0.382	0.001	0.334
sad	0.151	0.000	0.084	0.005	0.396	0.001	0.364
sad	0.217	0.000	0.092	0.006	0.389	0.002	0.295
sad	0.214	0.000	0.099	0.006	0.360	0.001	0.320
sad	0.266	0.000	0.143	0.006	0.365	0.002	0.218
sad	0.216	0.000	0.112	0.008	0.492	0.001	0.171
sad	0.165	0.000	0.078	0.013	0.387	0.001	0.354
sad	0.150	0.000	0.053	0.029	0.394	0.001	0.372
neutral	0.224	0.000	0.038	0.069	0.283	0.002	0.385
neutral	0.203	0.000	0.082	0.086	0.248	0.003	0.378
sad	0.298	0.000	0.121	0.020	0.403	0.002	0.157
sad	0.209	0.000	0.106	0.020	0.404	0.002	0.260
neutral	0.285	0.000	0.085	0.036	0.230	0.003	0.361
sad	0.266	0.000	0.080	0.036	0.336	0.002	0.279
sad	0.208	0.000	0.052	0.041	0.363	0.002	0.335
neutral	0.206	0.000	0.061	0.037	0.289	0.002	0.406
sad	0.309	0.000	0.070	0.024	0.357	0.001	0.239
sad	0.270	0.000	0.097	0.042	0.402	0.002	0.188
sad	0.336	0.000	0.114	0.029	0.391	0.002	0.129
angry	0.389	0.000	0.101	0.035	0.351	0.002	0.122
sad	0.209	0.000	0.073	0.040	0.353	0.002	0.324
neutral	0.160	0.000	0.076	0.047	0.353	0.003	0.362
sad	0.208	0.000	0.092	0.044	0.351	0.003	0.303
sad	0.234	0.000	0.077	0.028	0.364	0.001	0.295
sad	0.287	0.000	0.136	0.037	0.341	0.003	0.196
neutral	0.218	0.000	0.104	0.019	0.306	0.002	0.351
sad	0.245	0.000	0.120	0.017	0.351	0.002	0.264
neutral	0.221	0.000	0.108	0.020	0.311	0.003	0.338
neutral	0.217	0.000	0.073	0.028	0.228	0.002	0.451
sad	0.247	0.000	0.094	0.016	0.342	0.002	0.298
angry	0.378	0.000	0.085	0.016	0.329	0.002	0.190
neutral	0.227	0.000	0.078	0.025	0.277	0.002	0.391
sad	0.285	0.000	0.093	0.021	0.315	0.002	0.285
sad	0.263	0.000	0.105	0.016	0.349	0.002	0.264
neutral	0.253	0.000	0.102	0.023	0.286	0.002	0.334
sad	0.221	0.000	0.115	0.013	0.325	0.002	0.324
neutral	0.200	0.000	0.085	0.017	0.269	0.003	0.427
neutral	0.244	0.000	0.095	0.020	0.258	0.002	0.380
sad	0.337	0.000	0.126	0.015	0.343	0.002	0.178
angry	0.368	0.000	0.118	0.013	0.306	0.002	0.194
sad	0.274	0.000	0.130	0.013	0.296	0.002	0.285
angry	0.334	0.000	0.101	0.008	0.324	0.002	0.231
neutral	0.222	0.000	0.095	0.014	0.328	0.003	0.338
neutral	0.241	0.000	0.096	0.011	0.320	0.003	0.329
sad	0.231	0.000	0.094	0.008	0.381	0.002	0.284
sad	0.287	0.000	0.105	0.010	0.361	0.002	0.234
neutral	0.211	0.000	0.096	0.013	0.270	0.003	0.408
angry	0.419	0.000	0.103	0.007	0.245	0.001	0.224
angry	0.393	0.000	0.118	0.010	0.282	0.002	0.195
angry	0.383	0.000	0.107	0.010	0.275	0.002	0.224
sad	0.262	0.000	0.096	0.009	0.328	0.003	0.301
neutral	0.202	0.000	0.106	0.008	0.330	0.002	0.352
neutral	0.240	0.000	0.105	0.009	0.292	0.002	0.352
sad	0.292	0.000	0.125	0.012	0.366	0.002	0.203
sad	0.280	0.000	0.105	0.009	0.387	0.002	0.216
neutral	0.207	0.000	0.079	0.009	0.231	0.002	0.472
neutral	0.245	0.000	0.089	0.009	0.245	0.002	0.411
neutral	0.159	0.000	0.084	0.010	0.276	0.001	0.469
neutral	0.229	0.000	0.072	0.020	0.238	0.002	0.438
neutral	0.181	0.000	0.076	0.016	0.264	0.002	0.461
neutral	0.181	0.000	0.062	0.016	0.256	0.002	0.484
sad	0.266	0.000	0.093	0.008	0.347	0.001	0.285
neutral	0.151	0.000	0.056	0.012	0.273	0.001	0.506
sad	0.306	0.000	0.074	0.007	0.358	0.001	0.255
neutral	0.207	0.000	0.072	0.015	0.313	0.002	0.390
neutral	0.121	0.000	0.045	0.016	0.221	0.002	0.596
neutral	0.264	0.000	0.086	0.011	0.318	0.001	0.320
neutral	0.297	0.000	0.059	0.009	0.291	0.001	0.343
neutral	0.198	0.000	0.072	0.012	0.298	0.001	0.419
neutral	0.195	0.000	0.060	0.011	0.289	0.001	0.444
neutral	0.243	0.000	0.075	0.016	0.289	0.002	0.376
neutral	0.156	0.000	0.057	0.012	0.254	0.001	0.520
neutral	0.248	0.000	0.055	0.013	0.299	0.001	0.383
neutral	0.235	0.000	0.069	0.016	0.289	0.002	0.389
neutral	0.152	0.000	0.040	0.025	0.215	0.001	0.567
neutral	0.190	0.000	0.037	0.017	0.213	0.001	0.542
neutral	0.147	0.000	0.026	0.037	0.220	0.001	0.570
neutral	0.254	0.000	0.040	0.024	0.259	0.001	0.421
angry	0.366	0.000	0.065	0.014	0.243	0.001	0.312
neutral	0.238	0.000	0.042	0.016	0.223	0.001	0.480
neutral	0.258	0.000	0.045	0.021	0.228	0.001	0.446
neutral	0.157	0.000	0.040	0.021	0.228	0.001	0.553
neutral	0.226	0.000	0.045	0.011	0.273	0.001	0.444
neutral	0.286	0.000	0.031	0.032	0.256	0.002	0.394
neutral	0.243	0.000	0.054	0.032	0.209	0.003	0.459
neutral	0.257	0.000	0.053	0.023	0.242	0.002	0.423
neutral	0.230	0.000	0.052	0.017	0.242	0.002	0.457
neutral	0.220	0.000	0.052	0.019	0.229	0.001	0.478
neutral	0.227	0.000	0.038	0.022	0.226	0.000	0.487
neutral	0.179	0.000	0.042	0.028	0.206	0.001	0.544
neutral	0.195	0.000	0.037	0.025	0.224	0.001	0.517
neutral	0.260	0.000	0.057	0.023	0.208	0.002	0.449
neutral	0.195	0.000	0.042	0.032	0.144	0.003	0.584
angry	0.348	0.000	0.068	0.017	0.244	0.003	0.319
neutral	0.272	0.000	0.056	0.008	0.247	0.002	0.414
neutral	0.281	0.000	0.050	0.013	0.239	0.002	0.415
neutral	0.267	0.000	0.047	0.015	0.214	0.002	0.455
neutral	0.303	0.000	0.047	0.011	0.255	0.001	0.383
neutral	0.195	0.000	0.029	0.014	0.206	0.001	0.555
angry	0.398	0.000	0.044	0.024	0.190	0.002	0.341
angry	0.415	0.000	0.039	0.021	0.157	0.002	0.366
neutral	0.390	0.000	0.037	0.029	0.144	0.002	0.397
neutral	0.180	0.000	0.046	0.025	0.140	0.002	0.607
neutral	0.146	0.000	0.027	0.024	0.140	0.001	0.662
neutral	0.370	0.000	0.037	0.031	0.162	0.002	0.398
neutral	0.269	0.000	0.052	0.008	0.238	0.001	0.432
neutral	0.263	0.000	0.070	0.013	0.238	0.002	0.415
neutral	0.182	0.000	0.030	0.018	0.184	0.001	0.585
neutral	0.169	0.000	0.044	0.018	0.235	0.001	0.533
neutral	0.164	0.000	0.023	0.017	0.217	0.000	0.579
neutral	0.190	0.000	0.030	0.013	0.219	0.001	0.547
neutral	0.151	0.000	0.020	0.025	0.232	0.000	0.572
neutral	0.145	0.000	0.021	0.023	0.212	0.000	0.598
neutral	0.221	0.000	0.027	0.018	0.219	0.001	0.514
neutral	0.244	0.000	0.040	0.023	0.201	0.001	0.490
neutral	0.271	0.000	0.030	0.015	0.232	0.001	0.451
neutral	0.203	0.000	0.032	0.021	0.179	0.001	0.565
neutral	0.286	0.000	0.039	0.029	0.186	0.002	0.458
neutral	0.214	0.000	0.037	0.019	0.174	0.001	0.555
neutral	0.157	0.000	0.030	0.020	0.225	0.001	0.567
neutral	0.245	0.000	0.043	0.011	0.290	0.001	0.410
neutral	0.235	0.000	0.046	0.009	0.311	0.001	0.397
neutral	0.258	0.000	0.062	0.010	0.272	0.001	0.397
neutral	0.167	0.000	0.040	0.015	0.260	0.001	0.517
neutral	0.218	0.000	0.039	0.009	0.362	0.000	0.370
neutral	0.278	0.000	0.045	0.010	0.314	0.001	0.351
neutral	0.247	0.000	0.043	0.012	0.288	0.001	0.408
neutral	0.158	0.000	0.037	0.009	0.232	0.000	0.564
neutral	0.159	0.000	0.037	0.008	0.233	0.000	0.562
neutral	0.187	0.000	0.028	0.015	0.267	0.001	0.503
neutral	0.225	0.000	0.037	0.011	0.305	0.001	0.421
neutral	0.307	0.000	0.041	0.008	0.228	0.001	0.414
neutral	0.125	0.000	0.028	0.015	0.272	0.000	0.558
neutral	0.176	0.000	0.033	0.010	0.302	0.000	0.479
neutral	0.272	0.000	0.039	0.006	0.303	0.001	0.379
neutral	0.190	0.000	0.050	0.016	0.362	0.001	0.380
neutral	0.282	0.000	0.047	0.008	0.330	0.001	0.332
neutral	0.186	0.000	0.034	0.015	0.311	0.001	0.454
neutral	0.207	0.000	0.041	0.013	0.289	0.001	0.448
neutral	0.203	0.000	0.033	0.012	0.336	0.000	0.415
neutral	0.260	0.000	0.029	0.006	0.231	0.001	0.473
neutral	0.258	0.000	0.047	0.009	0.314	0.001	0.373
neutral	0.309	0.000	0.074	0.009	0.295	0.001	0.313
neutral	0.192	0.000	0.039	0.009	0.281	0.001	0.478
neutral	0.289	0.000	0.040	0.007	0.240	0.001	0.423
neutral	0.278	0.000	0.041	0.008	0.304	0.001	0.368
neutral	0.234	0.000	0.034	0.012	0.298	0.001	0.421
neutral	0.210	0.000	0.034	0.014	0.255	0.001	0.488
neutral	0.188	0.000	0.031	0.011	0.289	0.001	0.480
neutral	0.164	0.000	0.029	0.017	0.305	0.001	0.484
neutral	0.301	0.000	0.037	0.010	0.252	0.001	0.399
neutral	0.210	0.000	0.029	0.017	0.247	0.001	0.498
neutral	0.240	0.001	0.037	0.008	0.284	0.001	0.430
neutral	0.244	0.000	0.044	0.007	0.310	0.001	0.395
neutral	0.153	0.000	0.021	0.023	0.243	0.001	0.559
neutral	0.186	0.000	0.034	0.013	0.196	0.000	0.570
neutral	0.203	0.000	0.024	0.015	0.204	0.001	0.553
neutral	0.221	0.000	0.027	0.013	0.218	0.001	0.519
neutral	0.140	0.000	0.023	0.026	0.250	0.000	0.561
neutral	0.187	0.000	0.032	0.015	0.271	0.001	0.494
neutral	0.165	0.000	0.026	0.021	0.270	0.001	0.518
neutral	0.209	0.000	0.027	0.023	0.261	0.001	0.480
neutral	0.162	0.000	0.029	0.020	0.267	0.001	0.521
neutral	0.278	0.000	0.055	0.013	0.176	0.002	0.476
neutral	0.206	0.000	0.033	0.015	0.264	0.001	0.482
neutral	0.225	0.000	0.031	0.018	0.235	0.001	0.490
neutral	0.242	0.000	0.031	0.009	0.222	0.001	0.495
neutral	0.176	0.000	0.026	0.019	0.292	0.001	0.487
neutral	0.188	0.000	0.033	0.017	0.272	0.001	0.490
neutral	0.177	0.000	0.025	0.026	0.263	0.001	0.508
neutral	0.183	0.000	0.024	0.023	0.263	0.001	0.507
neutral	0.156	0.000	0.019	0.028	0.227	0.001	0.568
neutral	0.217	0.000	0.027	0.018	0.242	0.000	0.496
neutral	0.219	0.000	0.032	0.016	0.285	0.000	0.446
neutral	0.143	0.000	0.020	0.023	0.227	0.001	0.586
neutral	0.152	0.000	0.020	0.033	0.241	0.001	0.554
neutral	0.193	0.000	0.030	0.039	0.211	0.001	0.527
neutral	0.277	0.000	0.033	0.017	0.231	0.001	0.441
neutral	0.108	0.000	0.020	0.032	0.202	0.000	0.638
neutral	0.173	0.000	0.029	0.021	0.247	0.001	0.529
neutral	0.156	0.000	0.025	0.016	0.208	0.001	0.595
neutral	0.186	0.000	0.027	0.018	0.244	0.001	0.524
neutral	0.187	0.000	0.061	0.015	0.357	0.001	0.380
neutral	0.151	0.000	0.024	0.023	0.244	0.000	0.558
neutral	0.269	0.000	0.044	0.009	0.178	0.002	0.499
neutral	0.197	0.000	0.028	0.010	0.325	0.000	0.438
neutral	0.220	0.000	0.030	0.011	0.256	0.001	0.481
neutral	0.131	0.000	0.025	0.021	0.235	0.000	0.588
neutral	0.155	0.000	0.037	0.007	0.263	0.001	0.537
neutral	0.147	0.000	0.029	0.009	0.334	0.000	0.481
neutral	0.160	0.000	0.040	0.008	0.245	0.001	0.548
neutral	0.150	0.000	0.032	0.011	0.258	0.000	0.549
sad	0.215	0.000	0.073	0.009	0.373	0.001	0.329
neutral	0.234	0.000	0.057	0.018	0.322	0.001	0.368
sad	0.219	0.000	0.060	0.005	0.362	0.001	0.353
sad	0.209	0.000	0.062	0.012	0.468	0.000	0.248
sad	0.199	0.000	0.055	0.014	0.449	0.000	0.283
neutral	0.170	0.000	0.051	0.012	0.322	0.001	0.444
neutral	0.179	0.000	0.052	0.007	0.279	0.001	0.483
neutral	0.160	0.000	0.045	0.012	0.326	0.001	0.456
neutral	0.216	0.000	0.065	0.008	0.219	0.002	0.492
neutral	0.160	0.000	0.069	0.006	0.274	0.001	0.490
neutral	0.186	0.000	0.054	0.016	0.292	0.001	0.451
neutral	0.162	0.000	0.063	0.015	0.325	0.001	0.434
neutral	0.143	0.000	0.046	0.022	0.270	0.001	0.517
neutral	0.277	0.000	0.057	0.020	0.168	0.003	0.476
neutral	0.193	0.000	0.073	0.018	0.356	0.001	0.358
neutral	0.170	0.001	0.060	0.015	0.364	0.001	0.390
sad	0.199	0.000	0.070	0.015	0.363	0.001	0.352
neutral	0.183	0.000	0.054	0.006	0.271	0.001	0.484
neutral	0.156	0.000	0.052	0.009	0.283	0.001	0.499
sad	0.159	0.000	0.050	0.008	0.410	0.001	0.373
neutral	0.160	0.000	0.046	0.008	0.255	0.001	0.531
neutral	0.165	0.000	0.041	0.009	0.290	0.001	0.495
sad	0.176	0.000	0.048	0.009	0.418	0.001	0.349
neutral	0.218	0.000	0.076	0.006	0.292	0.002	0.406
sad	0.211	0.000	0.061	0.010	0.442	0.001	0.275
neutral	0.191	0.000	0.062	0.007	0.296	0.001	0.443
angry	0.408	0.000	0.114	0.015	0.215	0.002	0.245
neutral	0.336	0.000	0.088	0.014	0.176	0.003	0.383
neutral	0.222	0.000	0.070	0.008	0.217	0.002	0.481
neutral	0.112	0.000	0.052	0.010	0.284	0.001	0.542
neutral	0.343	0.000	0.051	0.013	0.142	0.002	0.448
neutral	0.260	0.000	0.066	0.006	0.148	0.002	0.518
neutral	0.265	0.000	0.077	0.024	0.216	0.004	0.414
neutral	0.303	0.000	0.080	0.005	0.124	0.002	0.485
neutral	0.325	0.000	0.099	0.007	0.140	0.003	0.426
neutral	0.337	0.000	0.070	0.014	0.195	0.003	0.383
neutral	0.341	0.000	0.057	0.010	0.128	0.002	0.461
neutral	0.303	0.000	0.077	0.008	0.131	0.003	0.478
neutral	0.341	0.000	0.095	0.007	0.143	0.004	0.410
neutral	0.325	0.000	0.087	0.012	0.217	0.003	0.356
neutral	0.281	0.000	0.045	0.016	0.128	0.001	0.529
neutral	0.278	0.000	0.045	0.017	0.204	0.001	0.454
angry	0.421	0.000	0.066	0.017	0.161	0.003	0.332
angry	0.479	0.000	0.063	0.023	0.149	0.003	0.283
neutral	0.346	0.000	0.037	0.023	0.164	0.001	0.428
neutral	0.256	0.000	0.056	0.007	0.207	0.001	0.472
neutral	0.280	0.000	0.055	0.016	0.159	0.003	0.487
neutral	0.326	0.000	0.066	0.024	0.145	0.004	0.435
angry	0.448	0.000	0.110	0.035	0.226	0.003	0.180
angry	0.475	0.000	0.157	0.026	0.209	0.003	0.130
neutral	0.218	0.000	0.044	0.008	0.168	0.001	0.561
neutral	0.164	0.000	0.045	0.007	0.160	0.001	0.623
neutral	0.242	0.000	0.079	0.005	0.132	0.002	0.539
angry	0.362	0.000	0.075	0.014	0.214	0.002	0.334
neutral	0.153	0.000	0.060	0.007	0.197	0.001	0.581
neutral	0.343	0.000	0.055	0.019	0.125	0.003	0.455
neutral	0.180	0.000	0.036	0.007	0.138	0.002	0.636
neutral	0.165	0.000	0.050	0.016	0.162	0.002	0.606
neutral	0.247	0.000	0.050	0.013	0.169	0.003	0.519
neutral	0.281	0.000	0.070	0.008	0.198	0.003	0.440
neutral	0.160	0.000	0.027	0.020	0.303	0.001	0.489
neutral	0.198	0.000	0.024	0.020	0.252	0.001	0.505
angry	0.372	0.000	0.039	0.017	0.238	0.002	0.333
angry	0.394	0.000	0.040	0.010	0.314	0.001	0.241
sad	0.325	0.000	0.037	0.021	0.374	0.000	0.242
angry	0.441	0.000	0.038	0.009	0.326	0.000	0.185
angry	0.440	0.000	0.040	0.010	0.234	0.001	0.276
angry	0.448	0.000	0.042	0.013	0.234	0.001	0.261
angry	0.357	0.000	0.049	0.012	0.322	0.000	0.260
angry	0.405	0.000	0.047	0.007	0.316	0.000	0.225
angry	0.380	0.000	0.080	0.007	0.197	0.001	0.334
angry	0.377	0.000	0.074	0.011	0.266	0.002	0.270
neutral	0.355	0.000	0.064	0.011	0.167	0.001	0.402
angry	0.408	0.000	0.036	0.007	0.257	0.001	0.290
neutral	0.349	0.000	0.039	0.009	0.246	0.001	0.356
neutral	0.368	0.000	0.039	0.010	0.153	0.001	0.428
neutral	0.312	0.000	0.064	0.007	0.287	0.001	0.330
sad	0.271	0.000	0.052	0.010	0.387	0.000	0.279
neutral	0.300	0.000	0.042	0.010	0.280	0.001	0.367
sad	0.339	0.000	0.050	0.013	0.370	0.001	0.228
neutral	0.294	0.000	0.033	0.034	0.226	0.002	0.412
neutral	0.277	0.000	0.041	0.012	0.268	0.001	0.401
sad	0.315	0.000	0.049	0.009	0.344	0.001	0.282
sad	0.290	0.000	0.039	0.009	0.350	0.000	0.313
neutral	0.288	0.000	0.037	0.010	0.231	0.001	0.433
neutral	0.292	0.000	0.041	0.011	0.288	0.002	0.367
angry	0.347	0.000	0.039	0.009	0.303	0.002	0.300
angry	0.440	0.000	0.036	0.007	0.311	0.001	0.205
angry	0.365	0.000	0.043	0.009	0.334	0.001	0.249
angry	0.373	0.000	0.062	0.010	0.303	0.001	0.252
angry	0.395	0.000	0.042	0.008	0.262	0.001	0.293
angry	0.415	0.000	0.035	0.015	0.242	0.001	0.291
neutral	0.321	0.000	0.038	0.018	0.246	0.001	0.376
angry	0.390	0.000	0.037	0.009	0.291	0.001	0.273
angry	0.455	0.000	0.039	0.010	0.297	0.000	0.199
angry	0.373	0.000	0.032	0.014	0.257	0.002	0.322
neutral	0.314	0.000	0.041	0.013	0.292	0.001	0.338
sad	0.309	0.000	0.044	0.010	0.336	0.001	0.300
neutral	0.214	0.000	0.036	0.015	0.312	0.001	0.422
neutral	0.299	0.000	0.037	0.023	0.269	0.002	0.369
neutral	0.233	0.000	0.030	0.016	0.269	0.001	0.452
neutral	0.193	0.000	0.032	0.022	0.225	0.002	0.525
neutral	0.228	0.000	0.038	0.016	0.233	0.001	0.485
neutral	0.287	0.000	0.037	0.022	0.223	0.002	0.429
neutral	0.195	0.000	0.031	0.011	0.304	0.001	0.458
neutral	0.247	0.000	0.034	0.019	0.267	0.002	0.431
neutral	0.233	0.000	0.041	0.018	0.251	0.002	0.454
neutral	0.266	0.000	0.035	0.021	0.204	0.002	0.471
neutral	0.183	0.000	0.030	0.013	0.177	0.002	0.595
neutral	0.187	0.000	0.031	0.015	0.200	0.001	0.567
neutral	0.247	0.000	0.036	0.009	0.218	0.001	0.489
neutral	0.237	0.000	0.035	0.018	0.245	0.002	0.463
neutral	0.261	0.000	0.036	0.019	0.219	0.002	0.462
neutral	0.196	0.000	0.037	0.017	0.270	0.001	0.479
neutral	0.258	0.000	0.029	0.019	0.264	0.001	0.429
neutral	0.277	0.000	0.031	0.018	0.183	0.002	0.490
neutral	0.278	0.000	0.032	0.017	0.247	0.001	0.425
sad	0.311	0.000	0.029	0.012	0.349	0.000	0.299
angry	0.358	0.000	0.033	0.014	0.321	0.000	0.274
neutral	0.320	0.000	0.040	0.010	0.250	0.001	0.379
neutral	0.256	0.000	0.038	0.017	0.274	0.001	0.414
neutral	0.245	0.000	0.036	0.016	0.258	0.001	0.442
neutral	0.239	0.000	0.033	0.012	0.291	0.000	0.424
neutral	0.265	0.000	0.034	0.010	0.263	0.001	0.427
neutral	0.275	0.000	0.039	0.010	0.319	0.000	0.357
neutral	0.275	0.000	0.047	0.008	0.313	0.001	0.356
neutral	0.311	0.000	0.049	0.009	0.284	0.001	0.346
angry	0.377	0.000	0.030	0.008	0.252	0.001	0.330
neutral	0.253	0.000	0.031	0.014	0.295	0.001	0.406
neutral	0.321	0.000	0.031	0.018	0.242	0.001	0.387
neutral	0.288	0.000	0.038	0.016	0.231	0.002	0.425
angry	0.364	0.000	0.035	0.015	0.231	0.001	0.355
neutral	0.342	0.000	0.034	0.027	0.216	0.002	0.379
neutral	0.303	0.000	0.032	0.013	0.226	0.001	0.425
sad	0.320	0.000	0.030	0.010	0.378	0.000	0.262
neutral	0.238	0.000	0.027	0.017	0.291	0.001	0.426
neutral	0.324	0.000	0.028	0.010	0.257	0.001	0.379
neutral	0.367	0.000	0.034	0.011	0.200	0.002	0.386
neutral	0.273	0.000	0.040	0.017	0.236	0.003	0.432
neutral	0.246	0.000	0.041	0.020	0.232	0.002	0.459
neutral	0.201	0.000	0.030	0.013	0.241	0.001	0.513
neutral	0.204	0.000	0.028	0.016	0.234	0.001	0.517
neutral	0.214	0.000	0.037	0.012	0.220	0.001	0.515
neutral	0.196	0.000	0.027	0.015	0.168	0.002	0.592
neutral	0.314	0.000	0.025	0.010	0.320	0.000	0.329
neutral	0.259	0.000	0.025	0.021	0.225	0.000	0.469
neutral	0.172	0.000	0.043	0.015	0.180	0.002	0.587
neutral	0.206	0.000	0.035	0.017	0.218	0.001	0.522
neutral	0.212	0.000	0.036	0.017	0.243	0.001	0.491
neutral	0.227	0.000	0.040	0.016	0.232	0.001	0.484
neutral	0.216	0.000	0.028	0.010	0.262	0.000	0.484
neutral	0.232	0.000	0.040	0.011	0.256	0.001	0.460
neutral	0.242	0.000	0.045	0.010	0.294	0.001	0.408
neutral	0.324	0.000	0.035	0.009	0.263	0.001	0.368
neutral	0.271	0.000	0.037	0.019	0.223	0.002	0.447
neutral	0.254	0.000	0.033	0.015	0.261	0.002	0.435
neutral	0.248	0.000	0.032	0.022	0.276	0.001	0.421
neutral	0.204	0.000	0.031	0.018	0.219	0.001	0.527
neutral	0.125	0.000	0.024	0.024	0.181	0.001	0.645
neutral	0.126	0.000	0.048	0.021	0.144	0.001	0.660
neutral	0.159	0.000	0.035	0.015	0.103	0.001	0.686
neutral	0.103	0.000	0.015	0.017	0.063	0.001	0.801
neutral	0.133	0.000	0.018	0.018	0.106	0.001	0.724
neutral	0.110	0.000	0.014	0.023	0.096	0.001	0.756
neutral	0.167	0.000	0.026	0.019	0.099	0.002	0.687
neutral	0.182	0.000	0.023	0.016	0.133	0.001	0.645
neutral	0.226	0.000	0.027	0.012	0.231	0.001	0.504
neutral	0.244	0.000	0.025	0.013	0.200	0.001	0.517
neutral	0.315	0.000	0.030	0.012	0.242	0.001	0.401
neutral	0.200	0.000	0.041	0.015	0.194	0.001	0.549
neutral	0.160	0.000	0.029	0.021	0.172	0.001	0.616
angry	0.343	0.000	0.037	0.010	0.294	0.001	0.316
neutral	0.314	0.000	0.027	0.020	0.264	0.001	0.374
angry	0.348	0.000	0.027	0.010	0.295	0.001	0.318
neutral	0.354	0.000	0.031	0.011	0.239	0.001	0.364
neutral	0.341	0.000	0.031	0.012	0.179	0.001	0.438
neutral	0.228	0.000	0.026	0.019	0.170	0.001	0.555
neutral	0.352	0.000	0.021	0.009	0.180	0.001	0.437
neutral	0.200	0.000	0.034	0.013	0.152	0.002	0.600
neutral	0.204	0.000	0.025	0.014	0.195	0.001	0.561
neutral	0.264	0.000	0.033	0.017	0.300	0.001	0.384
neutral	0.253	0.000	0.031	0.017	0.172	0.002	0.524
neutral	0.204	0.000	0.034	0.013	0.213	0.002	0.534
neutral	0.177	0.000	0.024	0.035	0.141	0.003	0.620
neutral	0.204	0.000	0.018	0.023	0.190	0.001	0.565
neutral	0.152	0.000	0.017	0.020	0.151	0.001	0.658
neutral	0.125	0.000	0.023	0.016	0.122	0.001	0.712
neutral	0.190	0.000	0.023	0.010	0.202	0.001	0.575
neutral	0.205	0.000	0.024	0.012	0.264	0.001	0.495
neutral	0.210	0.000	0.029	0.014	0.205	0.001	0.540
neutral	0.225	0.000	0.024	0.014	0.231	0.001	0.506
neutral	0.146	0.000	0.018	0.018	0.154	0.001	0.664
neutral	0.256	0.000	0.030	0.008	0.223	0.001	0.482
neutral	0.233	0.000	0.025	0.012	0.263	0.001	0.465
neutral	0.271	0.000	0.025	0.010	0.236	0.001	0.457
neutral	0.252	0.000	0.027	0.006	0.277	0.001	0.438
neutral	0.259	0.000	0.024	0.009	0.277	0.001	0.431
neutral	0.241	0.000	0.029	0.009	0.241	0.001	0.479
neutral	0.240	0.000	0.026	0.022	0.156	0.002	0.554
neutral	0.272	0.000	0.031	0.008	0.265	0.001	0.423
neutral	0.275	0.000	0.029	0.009	0.197	0.001	0.489
angry	0.341	0.000	0.037	0.009	0.275	0.001	0.338
neutral	0.261	0.000	0.029	0.014	0.191	0.001	0.504
neutral	0.226	0.000	0.024	0.009	0.181	0.001	0.559
neutral	0.194	0.000	0.030	0.008	0.226	0.001	0.540
neutral	0.285	0.000	0.037	0.010	0.241	0.002	0.426
neutral	0.204	0.000	0.029	0.020	0.191	0.002	0.553
neutral	0.243	0.000	0.034	0.012	0.170	0.002	0.539
neutral	0.257	0.000	0.034	0.009	0.210	0.002	0.488
neutral	0.299	0.000	0.036	0.007	0.287	0.001	0.370
neutral	0.312	0.000	0.030	0.013	0.295	0.000	0.349
neutral	0.151	0.000	0.020	0.014	0.146	0.001	0.668
neutral	0.106	0.000	0.039	0.010	0.164	0.001	0.681
sad	0.201	0.000	0.096	0.006	0.568	0.002	0.126
neutral	0.208	0.000	0.088	0.015	0.319	0.003	0.366
neutral	0.163	0.000	0.064	0.023	0.359	0.001	0.390
sad	0.186	0.000	0.069	0.002	0.554	0.000	0.188
sad	0.157	0.000	0.076	0.007	0.648	0.000	0.112
sad	0.237	0.000	0.067	0.006	0.617	0.000	0.073
sad	0.250	0.001	0.052	0.008	0.546	0.000	0.144
sad	0.266	0.000	0.050	0.017	0.425	0.001	0.240
sad	0.233	0.000	0.058	0.008	0.455	0.001	0.246
sad	0.347	0.000	0.061	0.006	0.428	0.000	0.158
sad	0.265	0.000	0.049	0.005	0.528	0.000	0.153
sad	0.246	0.000	0.054	0.009	0.418	0.000	0.272
sad	0.254	0.000	0.031	0.008	0.412	0.000	0.295
sad	0.101	0.000	0.055	0.016	0.641	0.000	0.186
sad	0.200	0.000	0.053	0.008	0.522	0.001	0.215
sad	0.211	0.024	0.222	0.048	0.306	0.039	0.150
sad	0.199	0.000	0.060	0.006	0.469	0.001	0.265
sad	0.336	0.000	0.061	0.004	0.413	0.000	0.186
angry	0.343	0.000	0.100	0.014	0.311	0.001	0.230
angry	0.394	0.000	0.077	0.006	0.213	0.001	0.309
sad	0.205	0.000	0.085	0.007	0.409	0.002	0.292
sad	0.265	0.000	0.087	0.008	0.338	0.002	0.300
sad	0.209	0.000	0.061	0.019	0.378	0.002	0.332
neutral	0.096	0.000	0.040	0.030	0.343	0.002	0.489
sad	0.159	0.000	0.074	0.005	0.490	0.000	0.272
neutral	0.096	0.000	0.069	0.007	0.258	0.001	0.568
neutral	0.134	0.000	0.077	0.009	0.350	0.001	0.430
sad	0.243	0.000	0.108	0.009	0.393	0.001	0.246
neutral	0.217	0.000	0.088	0.010	0.250	0.001	0.435
sad	0.309	0.000	0.103	0.008	0.350	0.001	0.228
sad	0.204	0.000	0.086	0.005	0.431	0.001	0.273
sad	0.257	0.000	0.098	0.005	0.331	0.001	0.308
sad	0.287	0.000	0.120	0.007	0.400	0.001	0.185
sad	0.213	0.000	0.094	0.006	0.420	0.001	0.266
sad	0.213	0.000	0.090	0.006	0.433	0.001	0.258
sad	0.298	0.000	0.104	0.005	0.378	0.001	0.214
sad	0.325	0.000	0.107	0.003	0.334	0.001	0.230
angry	0.364	0.000	0.117	0.002	0.317	0.001	0.198
neutral	0.232	0.000	0.064	0.006	0.253	0.001	0.444
angry	0.384	0.000	0.071	0.003	0.235	0.001	0.306
angry	0.326	0.000	0.107	0.003	0.289	0.001	0.273
neutral	0.248	0.000	0.075	0.004	0.301	0.001	0.371
angry	0.364	0.000	0.105	0.004	0.327	0.002	0.199
angry	0.411	0.000	0.079	0.003	0.264	0.001	0.242
angry	0.389	0.000	0.093	0.004	0.234	0.001	0.279
angry	0.328	0.000	0.098	0.003	0.316	0.001	0.254
