prediction	angry	disgust	fear	happy	sad	surprise	neutral
neutral	0.077	0.000	0.025	0.001	0.168	0.000	0.728
neutral	0.056	0.000	0.058	0.000	0.324	0.000	0.562
neutral	0.076	0.001	0.038	0.000	0.316	0.000	0.569
neutral	0.078	0.000	0.057	0.000	0.371	0.001	0.493
neutral	0.052	0.000	0.024	0.000	0.290	0.000	0.633
neutral	0.080	0.000	0.041	0.000	0.383	0.000	0.495
neutral	0.158	0.000	0.047	0.000	0.394	0.001	0.401
neutral	0.159	0.000	0.063	0.000	0.286	0.002	0.490
neutral	0.105	0.000	0.046	0.000	0.315	0.002	0.532
neutral	0.115	0.000	0.047	0.000	0.271	0.002	0.565
sad	0.145	0.000	0.081	0.000	0.526	0.002	0.246
sad	0.139	0.000	0.053	0.000	0.434	0.001	0.373
sad	0.087	0.000	0.056	0.000	0.432	0.001	0.425
sad	0.072	0.000	0.037	0.000	0.539	0.000	0.352
neutral	0.156	0.000	0.079	0.000	0.201	0.003	0.560
neutral	0.140	0.000	0.025	0.000	0.095	0.003	0.736
neutral	0.070	0.000	0.026	0.000	0.074	0.010	0.821
neutral	0.104	0.000	0.051	0.000	0.100	0.017	0.728
neutral	0.069	0.000	0.037	0.000	0.089	0.021	0.784
neutral	0.029	0.000	0.021	0.001	0.036	0.049	0.863
neutral	0.075	0.000	0.015	0.001	0.051	0.033	0.826
neutral	0.096	0.000	0.018	0.001	0.087	0.014	0.784
neutral	0.099	0.000	0.010	0.003	0.117	0.005	0.766
neutral	0.164	0.001	0.007	0.005	0.127	0.005	0.691
neutral	0.062	0.000	0.004	0.009	0.066	0.002	0.856
neutral	0.076	0.002	0.004	0.007	0.091	0.003	0.818
neutral	0.061	0.002	0.005	0.011	0.222	0.001	0.697
neutral	0.066	0.005	0.002	0.008	0.121	0.001	0.797
neutral	0.057	0.001	0.003	0.013	0.076	0.005	0.845
neutral	0.083	0.000	0.004	0.013	0.075	0.006	0.817
neutral	0.050	0.001	0.004	0.016	0.053	0.006	0.870
neutral	0.053	0.001	0.007	0.008	0.098	0.005	0.830
neutral	0.077	0.001	0.006	0.017	0.060	0.010	0.828
neutral	0.085	0.001	0.005	0.019	0.068	0.011	0.810
neutral	0.127	0.001	0.009	0.022	0.072	0.032	0.736
neutral	0.222	0.001	0.010	0.017	0.082	0.017	0.651
neutral	0.170	0.002	0.006	0.015	0.062	0.005	0.740
neutral	0.172	0.001	0.007	0.014	0.066	0.010	0.730
neutral	0.133	0.002	0.006	0.014	0.045	0.018	0.783
neutral	0.101	0.003	0.006	0.018	0.033	0.022	0.817
neutral	0.132	0.002	0.005	0.009	0.050	0.020	0.782
neutral	0.171	0.000	0.004	0.011	0.064	0.007	0.741
neutral	0.277	0.000	0.004	0.014	0.068	0.006	0.631
neutral	0.140	0.001	0.005	0.045	0.036	0.007	0.766
neutral	0.155	0.001	0.010	0.055	0.040	0.011	0.729
neutral	0.194	0.003	0.023	0.065	0.054	0.038	0.623
neutral	0.175	0.009	0.017	0.063	0.052	0.058	0.625
neutral	0.199	0.024	0.039	0.051	0.121	0.063	0.503
neutral	0.167	0.012	0.040	0.016	0.172	0.036	0.556
neutral	0.246	0.011	0.044	0.005	0.207	0.024	0.463
neutral	0.169	0.010	0.025	0.005	0.150	0.017	0.623
neutral	0.238	0.012	0.037	0.006	0.185	0.025	0.497
neutral	0.155	0.012	0.033	0.007	0.123	0.018	0.652
neutral	0.184	0.024	0.038	0.016	0.104	0.050	0.584
neutral	0.133	0.018	0.037	0.014	0.058	0.143	0.597
neutral	0.155	0.016	0.029	0.016	0.053	0.037	0.694
neutral	0.154	0.012	0.040	0.012	0.064	0.058	0.660
neutral	0.119	0.033	0.037	0.016	0.094	0.024	0.677
neutral	0.183	0.044	0.044	0.010	0.108	0.010	0.601
neutral	0.121	0.006	0.019	0.024	0.056	0.020	0.754
neutral	0.055	0.004	0.008	0.023	0.042	0.002	0.865
neutral	0.041	0.001	0.005	0.028	0.019	0.003	0.902
neutral	0.034	0.000	0.006	0.033	0.019	0.002	0.905
neutral	0.048	0.001	0.005	0.119	0.032	0.011	0.784
neutral	0.074	0.002	0.005	0.035	0.074	0.003	0.807
neutral	0.064	0.002	0.006	0.018	0.117	0.002	0.791
neutral	0.119	0.002	0.004	0.033	0.113	0.002	0.726
neutral	0.040	0.003	0.006	0.080	0.080	0.005	0.786
neutral	0.047	0.001	0.006	0.100	0.077	0.003	0.766
neutral	0.045	0.000	0.003	0.067	0.057	0.003	0.825
neutral	0.063	0.000	0.010	0.042	0.084	0.003	0.799
neutral	0.095	0.000	0.020	0.065	0.109	0.003	0.708
neutral	0.075	0.000	0.015	0.079	0.118	0.006	0.707
neutral	0.101	0.000	0.021	0.167	0.137	0.010	0.564
neutral	0.078	0.000	0.007	0.056	0.163	0.001	0.695
neutral	0.048	0.000	0.010	0.184	0.143	0.007	0.609
neutral	0.040	0.000	0.009	0.060	0.274	0.003	0.614
neutral	0.056	0.000	0.009	0.107	0.180	0.003	0.646
neutral	0.052	0.000	0.007	0.358	0.090	0.003	0.491
happy	0.005	0.000	0.002	0.805	0.017	0.003	0.168
happy	0.008	0.000	0.001	0.646	0.021	0.003	0.322
happy	0.016	0.000	0.001	0.652	0.049	0.003	0.279
neutral	0.038	0.000	0.002	0.271	0.098	0.001	0.589
neutral	0.017	0.000	0.004	0.133	0.082	0.001	0.763
neutral	0.096	0.000	0.011	0.019	0.217	0.001	0.656
neutral	0.110	0.001	0.012	0.008	0.212	0.001	0.657
sad	0.158	0.000	0.031	0.002	0.474	0.008	0.328
neutral	0.333	0.000	0.037	0.005	0.233	0.006	0.385
neutral	0.191	0.000	0.027	0.002	0.363	0.001	0.416
neutral	0.130	0.001	0.049	0.001	0.370	0.000	0.449
sad	0.336	0.001	0.107	0.000	0.386	0.001	0.168
angry	0.413	0.001	0.087	0.000	0.283	0.002	0.214
sad	0.173	0.001	0.213	0.001	0.465	0.005	0.143
sad	0.163	0.000	0.235	0.001	0.473	0.006	0.122
sad	0.235	0.000	0.116	0.003	0.386	0.003	0.257
sad	0.144	0.000	0.146	0.005	0.483	0.003	0.219
sad	0.293	0.000	0.086	0.013	0.340	0.003	0.264
neutral	0.236	0.000	0.164	0.044	0.214	0.010	0.332
sad	0.086	0.001	0.157	0.018	0.520	0.003	0.215
sad	0.056	0.001	0.228	0.003	0.569	0.003	0.140
sad	0.099	0.000	0.147	0.008	0.593	0.003	0.149
sad	0.125	0.001	0.154	0.008	0.599	0.001	0.111
sad	0.070	0.000	0.190	0.008	0.531	0.002	0.199
sad	0.076	0.001	0.179	0.033	0.459	0.003	0.249
sad	0.092	0.001	0.100	0.028	0.521	0.004	0.254
sad	0.136	0.001	0.116	0.076	0.451	0.003	0.218
sad	0.132	0.000	0.042	0.055	0.458	0.006	0.307
sad	0.124	0.000	0.109	0.031	0.452	0.005	0.280
sad	0.162	0.000	0.073	0.024	0.470	0.004	0.267
sad	0.146	0.000	0.067	0.023	0.476	0.003	0.284
sad	0.144	0.000	0.057	0.028	0.401	0.004	0.365
sad	0.151	0.000	0.155	0.034	0.404	0.010	0.247
sad	0.242	0.000	0.108	0.080	0.347	0.017	0.206
sad	0.243	0.000	0.062	0.107	0.334	0.012	0.241
sad	0.128	0.000	0.063	0.017	0.467	0.004	0.321
sad	0.151	0.000	0.081	0.011	0.389	0.003	0.364
sad	0.200	0.000	0.088	0.040	0.385	0.008	0.279
sad	0.145	0.000	0.052	0.088	0.425	0.010	0.280
sad	0.167	0.001	0.086	0.067	0.411	0.011	0.259
sad	0.208	0.000	0.044	0.131	0.351	0.013	0.253
sad	0.134	0.001	0.098	0.063	0.395	0.008	0.302
neutral	0.190	0.000	0.119	0.082	0.280	0.027	0.302
sad	0.144	0.001	0.103	0.047	0.395	0.009	0.301
sad	0.158	0.001	0.103	0.039	0.447	0.011	0.241
sad	0.148	0.002	0.053	0.029	0.603	0.005	0.162
sad	0.137	0.002	0.045	0.026	0.634	0.006	0.151
sad	0.137	0.001	0.071	0.031	0.562	0.008	0.190
sad	0.117	0.001	0.032	0.014	0.695	0.003	0.138
sad	0.190	0.001	0.046	0.014	0.555	0.004	0.190
sad	0.131	0.003	0.025	0.004	0.713	0.002	0.123
sad	0.157	0.001	0.051	0.031	0.583	0.006	0.171
sad	0.100	0.001	0.034	0.009	0.557	0.002	0.296
sad	0.081	0.001	0.034	0.019	0.548	0.003	0.315
sad	0.111	0.001	0.030	0.012	0.494	0.002	0.349
neutral	0.101	0.000	0.036	0.009	0.420	0.002	0.433
neutral	0.118	0.001	0.044	0.016	0.345	0.007	0.470
neutral	0.057	0.001	0.052	0.009	0.256	0.003	0.623
neutral	0.160	0.004	0.045	0.005	0.291	0.008	0.487
sad	0.072	0.006	0.085	0.002	0.497	0.004	0.334
sad	0.171	0.003	0.070	0.001	0.476	0.003	0.277
sad	0.168	0.003	0.075	0.001	0.499	0.002	0.251
sad	0.127	0.010	0.102	0.000	0.665	0.001	0.095
sad	0.076	0.009	0.120	0.000	0.588	0.001	0.206
sad	0.073	0.002	0.110	0.000	0.650	0.001	0.164
sad	0.159	0.002	0.150	0.000	0.631	0.001	0.057
sad	0.200	0.019	0.255	0.000	0.509	0.002	0.014
sad	0.148	0.019	0.193	0.000	0.622	0.001	0.016
sad	0.228	0.052	0.184	0.000	0.524	0.002	0.010
sad	0.194	0.115	0.221	0.000	0.457	0.002	0.012
sad	0.203	0.099	0.266	0.000	0.412	0.002	0.019
fear	0.103	0.174	0.391	0.000	0.320	0.004	0.009
angry	0.289	0.233	0.181	0.000	0.283	0.002	0.012
disgust	0.122	0.425	0.192	0.000	0.253	0.001	0.007
sad	0.111	0.211	0.329	0.000	0.332	0.003	0.013
disgust	0.189	0.346	0.159	0.000	0.276	0.002	0.027
disgust	0.301	0.345	0.116	0.000	0.206	0.003	0.030
angry	0.416	0.214	0.124	0.000	0.220	0.001	0.025
angry	0.352	0.250	0.101	0.000	0.275	0.001	0.021
angry	0.492	0.079	0.134	0.000	0.270	0.001	0.025
angry	0.491	0.094	0.131	0.000	0.267	0.001	0.017
angry	0.465	0.010	0.125	0.000	0.362	0.001	0.036
angry	0.465	0.028	0.079	0.000	0.401	0.000	0.028
sad	0.404	0.010	0.081	0.000	0.491	0.000	0.014
angry	0.465	0.007	0.068	0.000	0.440	0.000	0.019
sad	0.312	0.008	0.125	0.000	0.540	0.000	0.015
sad	0.333	0.006	0.108	0.000	0.534	0.001	0.019
sad	0.061	0.002	0.166	0.000	0.766	0.000	0.005
sad	0.396	0.002	0.073	0.000	0.512	0.000	0.017
sad	0.353	0.003	0.091	0.000	0.539	0.000	0.013
angry	0.465	0.002	0.055	0.000	0.453	0.000	0.024
angry	0.500	0.002	0.063	0.000	0.408	0.001	0.027
angry	0.728	0.001	0.048	0.000	0.208	0.000	0.014
sad	0.222	0.004	0.069	0.000	0.681	0.000	0.024
sad	0.030	0.010	0.186	0.000	0.719	0.000	0.055
sad	0.034	0.010	0.278	0.000	0.634	0.000	0.043
sad	0.051	0.003	0.116	0.000	0.767	0.001	0.061
sad	0.174	0.006	0.080	0.000	0.666	0.000	0.074
sad	0.168	0.002	0.112	0.002	0.532	0.001	0.182
sad	0.110	0.002	0.068	0.001	0.683	0.001	0.137
sad	0.091	0.001	0.052	0.001	0.711	0.001	0.143
sad	0.079	0.000	0.095	0.001	0.697	0.001	0.126
sad	0.135	0.003	0.061	0.002	0.579	0.002	0.218
sad	0.141	0.001	0.123	0.002	0.477	0.005	0.251
sad	0.186	0.002	0.088	0.001	0.493	0.003	0.228
sad	0.143	0.003	0.068	0.001	0.510	0.002	0.274
sad	0.232	0.002	0.076	0.001	0.387	0.004	0.299
sad	0.289	0.002	0.061	0.000	0.389	0.002	0.256
sad	0.114	0.003	0.100	0.000	0.609	0.002	0.171
sad	0.067	0.003	0.055	0.001	0.671	0.000	0.202
sad	0.091	0.004	0.052	0.002	0.542	0.001	0.308
sad	0.104	0.008	0.092	0.002	0.547	0.003	0.244
sad	0.098	0.007	0.101	0.001	0.608	0.003	0.181
sad	0.109	0.004	0.064	0.001	0.513	0.003	0.306
sad	0.134	0.003	0.069	0.000	0.546	0.001	0.247
sad	0.148	0.002	0.051	0.001	0.439	0.003	0.356
sad	0.250	0.001	0.038	0.001	0.365	0.002	0.343
neutral	0.202	0.001	0.041	0.001	0.297	0.003	0.455
neutral	0.117	0.001	0.032	0.001	0.226	0.006	0.618
neutral	0.168	0.001	0.047	0.002	0.217	0.006	0.559
neutral	0.163	0.000	0.043	0.003	0.231	0.004	0.556
neutral	0.132	0.001	0.054	0.001	0.246	0.008	0.559
sad	0.052	0.002	0.039	0.001	0.553	0.000	0.353
sad	0.071	0.001	0.036	0.001	0.484	0.000	0.406
neutral	0.069	0.002	0.042	0.001	0.377	0.001	0.506
neutral	0.048	0.002	0.041	0.002	0.417	0.002	0.489
neutral	0.064	0.002	0.052	0.001	0.393	0.002	0.486
sad	0.083	0.003	0.077	0.001	0.416	0.005	0.414
neutral	0.075	0.001	0.065	0.001	0.407	0.001	0.449
sad	0.086	0.002	0.098	0.002	0.457	0.004	0.351
neutral	0.056	0.001	0.059	0.004	0.387	0.004	0.489
neutral	0.053	0.001	0.073	0.004	0.317	0.004	0.549
neutral	0.069	0.002	0.080	0.004	0.387	0.004	0.454
sad	0.073	0.001	0.093	0.004	0.424	0.004	0.402
neutral	0.072	0.001	0.076	0.003	0.410	0.002	0.437
sad	0.065	0.001	0.078	0.002	0.432	0.004	0.417
neutral	0.076	0.002	0.069	0.003	0.333	0.006	0.511
neutral	0.090	0.001	0.086	0.003	0.334	0.006	0.481
neutral	0.093	0.001	0.049	0.002	0.356	0.004	0.494
neutral	0.099	0.001	0.062	0.002	0.410	0.003	0.421
neutral	0.127	0.001	0.083	0.003	0.390	0.004	0.392
neutral	0.112	0.001	0.079	0.002	0.396	0.005	0.405
neutral	0.119	0.001	0.064	0.003	0.311	0.007	0.494
sad	0.101	0.003	0.111	0.002	0.512	0.004	0.268
sad	0.064	0.001	0.066	0.001	0.520	0.002	0.346
sad	0.082	0.002	0.119	0.001	0.580	0.002	0.216
sad	0.084	0.002	0.056	0.002	0.473	0.002	0.381
neutral	0.104	0.002	0.054	0.001	0.409	0.003	0.427
neutral	0.110	0.002	0.055	0.002	0.364	0.003	0.464
neutral	0.070	0.001	0.047	0.002	0.320	0.004	0.556
neutral	0.088	0.001	0.033	0.002	0.229	0.005	0.642
neutral	0.097	0.002	0.028	0.003	0.176	0.005	0.689
neutral	0.131	0.002	0.045	0.002	0.124	0.018	0.678
neutral	0.047	0.001	0.019	0.002	0.220	0.000	0.711
neutral	0.037	0.001	0.024	0.001	0.168	0.000	0.768
neutral	0.017	0.000	0.010	0.001	0.070	0.001	0.901
neutral	0.043	0.003	0.015	0.001	0.062	0.011	0.866
neutral	0.041	0.001	0.018	0.000	0.067	0.013	0.859
neutral	0.037	0.001	0.019	0.001	0.062	0.028	0.853
neutral	0.019	0.000	0.006	0.001	0.027	0.011	0.934
neutral	0.029	0.000	0.011	0.001	0.034	0.030	0.894
neutral	0.034	0.001	0.010	0.001	0.055	0.021	0.879
neutral	0.046	0.002	0.009	0.001	0.054	0.021	0.868
neutral	0.056	0.001	0.009	0.001	0.045	0.016	0.872
neutral	0.080	0.002	0.025	0.001	0.073	0.013	0.806
sad	0.068	0.001	0.075	0.000	0.498	0.001	0.357
sad	0.033	0.004	0.077	0.000	0.613	0.001	0.273
sad	0.055	0.002	0.068	0.001	0.457	0.001	0.416
neutral	0.049	0.002	0.055	0.001	0.324	0.002	0.568
neutral	0.239	0.008	0.045	0.001	0.171	0.033	0.505
neutral	0.305	0.003	0.063	0.000	0.169	0.027	0.432
angry	0.318	0.003	0.127	0.000	0.224	0.028	0.299
angry	0.361	0.002	0.099	0.000	0.348	0.016	0.173
angry	0.394	0.008	0.172	0.000	0.293	0.025	0.108
angry	0.375	0.005	0.223	0.000	0.293	0.029	0.074
angry	0.444	0.006	0.131	0.000	0.254	0.013	0.152
sad	0.209	0.010	0.113	0.000	0.546	0.008	0.114
sad	0.162	0.016	0.132	0.000	0.603	0.009	0.077
sad	0.216	0.020	0.103	0.000	0.547	0.009	0.105
sad	0.132	0.019	0.163	0.000	0.642	0.003	0.041
sad	0.116	0.020	0.118	0.000	0.642	0.002	0.102
sad	0.170	0.018	0.097	0.000	0.552	0.004	0.159
sad	0.198	0.015	0.122	0.000	0.507	0.011	0.148
sad	0.163	0.007	0.107	0.000	0.517	0.009	0.197
neutral	0.185	0.018	0.062	0.001	0.194	0.014	0.526
neutral	0.142	0.006	0.048	0.001	0.132	0.012	0.659
neutral	0.173	0.003	0.023	0.000	0.100	0.019	0.682
neutral	0.116	0.002	0.027	0.000	0.085	0.017	0.752
neutral	0.192	0.004	0.050	0.000	0.140	0.018	0.595
neutral	0.069	0.001	0.031	0.000	0.102	0.020	0.776
neutral	0.107	0.001	0.037	0.001	0.118	0.018	0.719
neutral	0.068	0.002	0.033	0.001	0.125	0.019	0.752
neutral	0.085	0.003	0.021	0.001	0.128	0.010	0.751
neutral	0.056	0.002	0.021	0.001	0.164	0.005	0.751
neutral	0.103	0.007	0.036	0.001	0.238	0.004	0.612
neutral	0.109	0.010	0.065	0.000	0.275	0.007	0.534
neutral	0.132	0.004	0.088	0.000	0.321	0.008	0.446
sad	0.222	0.015	0.144	0.000	0.444	0.009	0.167
sad	0.213	0.020	0.113	0.000	0.369	0.011	0.274
neutral	0.225	0.028	0.111	0.000	0.306	0.013	0.317
neutral	0.289	0.010	0.100	0.000	0.282	0.018	0.301
neutral	0.239	0.005	0.085	0.000	0.196	0.027	0.448
neutral	0.191	0.004	0.053	0.001	0.157	0.012	0.584
neutral	0.210	0.019	0.057	0.001	0.209	0.011	0.494
angry	0.299	0.022	0.078	0.000	0.297	0.009	0.295
sad	0.260	0.020	0.088	0.000	0.427	0.008	0.197
sad	0.211	0.029	0.118	0.000	0.352	0.009	0.280
sad	0.084	0.008	0.142	0.000	0.477	0.003	0.287
sad	0.056	0.005	0.127	0.000	0.592	0.002	0.218
sad	0.053	0.010	0.086	0.000	0.668	0.002	0.179
sad	0.082	0.023	0.093	0.000	0.561	0.003	0.238
sad	0.108	0.017	0.092	0.000	0.480	0.007	0.295
sad	0.146	0.050	0.079	0.000	0.490	0.007	0.228
neutral	0.106	0.015	0.055	0.000	0.386	0.009	0.429
neutral	0.086	0.013	0.040	0.000	0.213	0.006	0.642
neutral	0.071	0.013	0.042	0.001	0.178	0.005	0.690
neutral	0.100	0.013	0.037	0.001	0.159	0.011	0.680
neutral	0.112	0.048	0.066	0.000	0.246	0.005	0.522
neutral	0.101	0.032	0.047	0.000	0.265	0.009	0.545
neutral	0.138	0.027	0.080	0.000	0.315	0.009	0.432
sad	0.143	0.035	0.069	0.000	0.431	0.004	0.317
neutral	0.133	0.010	0.081	0.000	0.330	0.006	0.440
neutral	0.131	0.023	0.062	0.001	0.255	0.004	0.525
neutral	0.123	0.024	0.067	0.001	0.255	0.013	0.517
neutral	0.084	0.010	0.076	0.000	0.254	0.006	0.570
neutral	0.141	0.010	0.060	0.000	0.276	0.004	0.509
neutral	0.100	0.006	0.067	0.001	0.176	0.009	0.641
neutral	0.050	0.004	0.030	0.000	0.165	0.004	0.746
neutral	0.017	0.001	0.016	0.001	0.160	0.000	0.806
neutral	0.017	0.003	0.006	0.002	0.073	0.000	0.899
neutral	0.056	0.003	0.011	0.002	0.180	0.001	0.747
neutral	0.078	0.001	0.005	0.003	0.139	0.001	0.773
neutral	0.107	0.003	0.007	0.008	0.232	0.002	0.641
neutral	0.111	0.001	0.010	0.013	0.114	0.025	0.725
neutral	0.123	0.004	0.023	0.008	0.222	0.013	0.607
neutral	0.117	0.004	0.024	0.010	0.299	0.013	0.533
neutral	0.094	0.000	0.036	0.008	0.314	0.018	0.528
neutral	0.139	0.001	0.082	0.018	0.253	0.017	0.490
neutral	0.157	0.002	0.086	0.038	0.251	0.024	0.441
sad	0.109	0.004	0.059	0.011	0.499	0.010	0.308
sad	0.047	0.000	0.033	0.037	0.471	0.007	0.405
sad	0.089	0.001	0.052	0.011	0.638	0.005	0.206
sad	0.090	0.000	0.041	0.013	0.541	0.011	0.303
sad	0.163	0.001	0.093	0.011	0.549	0.011	0.173
sad	0.158	0.000	0.062	0.006	0.476	0.007	0.291
sad	0.242	0.000	0.097	0.014	0.518	0.012	0.117
sad	0.225	0.000	0.057	0.003	0.549	0.003	0.162
sad	0.213	0.000	0.054	0.003	0.455	0.003	0.271
sad	0.257	0.000	0.040	0.009	0.359	0.004	0.331
neutral	0.151	0.000	0.035	0.024	0.322	0.004	0.464
sad	0.314	0.000	0.032	0.003	0.371	0.002	0.277
angry	0.434	0.000	0.021	0.002	0.350	0.001	0.191
sad	0.118	0.000	0.033	0.002	0.539	0.000	0.307
sad	0.068	0.000	0.037	0.002	0.612	0.000	0.281
sad	0.102	0.000	0.040	0.000	0.778	0.000	0.079
sad	0.053	0.000	0.024	0.000	0.820	0.000	0.103
sad	0.181	0.000	0.060	0.000	0.617	0.000	0.142
sad	0.306	0.000	0.060	0.002	0.437	0.000	0.194
sad	0.306	0.000	0.067	0.001	0.386	0.001	0.240
sad	0.309	0.001	0.092	0.000	0.529	0.000	0.069
sad	0.339	0.002	0.047	0.000	0.471	0.001	0.141
sad	0.199	0.002	0.069	0.000	0.605	0.001	0.124
sad	0.302	0.002	0.022	0.001	0.413	0.001	0.260
sad	0.195	0.004	0.027	0.001	0.405	0.000	0.368
sad	0.171	0.004	0.047	0.001	0.417	0.001	0.359
sad	0.111	0.002	0.050	0.000	0.721	0.001	0.116
sad	0.263	0.007	0.043	0.001	0.518	0.001	0.167
sad	0.288	0.015	0.045	0.000	0.565	0.001	0.085
sad	0.296	0.015	0.057	0.000	0.554	0.001	0.078
angry	0.461	0.012	0.052	0.000	0.390	0.001	0.084
angry	0.452	0.014	0.074	0.000	0.369	0.001	0.090
sad	0.204	0.005	0.098	0.000	0.627	0.001	0.064
sad	0.135	0.005	0.108	0.000	0.660	0.000	0.091
sad	0.216	0.014	0.076	0.000	0.548	0.001	0.146
sad	0.207	0.003	0.083	0.000	0.563	0.001	0.143
sad	0.206	0.002	0.084	0.000	0.494	0.001	0.212
sad	0.264	0.008	0.070	0.001	0.384	0.001	0.273
sad	0.277	0.011	0.061	0.000	0.423	0.001	0.227
sad	0.239	0.003	0.076	0.000	0.427	0.001	0.252
sad	0.298	0.005	0.053	0.001	0.330	0.001	0.312
neutral	0.275	0.005	0.047	0.001	0.259	0.002	0.412
sad	0.296	0.006	0.068	0.001	0.315	0.002	0.312
neutral	0.287	0.008	0.073	0.001	0.295	0.002	0.334
sad	0.260	0.004	0.062	0.001	0.336	0.002	0.335
sad	0.210	0.004	0.071	0.001	0.359	0.001	0.354
sad	0.209	0.003	0.060	0.001	0.424	0.001	0.303
neutral	0.342	0.010	0.041	0.001	0.227	0.002	0.378
neutral	0.317	0.013	0.036	0.001	0.223	0.003	0.408
angry	0.317	0.014	0.044	0.001	0.309	0.003	0.313
sad	0.264	0.012	0.106	0.000	0.465	0.005	0.148
angry	0.371	0.021	0.041	0.001	0.262	0.005	0.300
sad	0.288	0.012	0.063	0.000	0.346	0.006	0.284
sad	0.065	0.003	0.054	0.000	0.647	0.000	0.230
sad	0.111	0.006	0.057	0.000	0.560	0.000	0.266
sad	0.141	0.010	0.053	0.002	0.445	0.001	0.349
neutral	0.168	0.011	0.038	0.001	0.247	0.002	0.532
neutral	0.194	0.009	0.030	0.002	0.218	0.002	0.545
neutral	0.146	0.004	0.030	0.001	0.368	0.001	0.449
neutral	0.202	0.007	0.021	0.002	0.158	0.002	0.608
neutral	0.201	0.010	0.035	0.002	0.333	0.002	0.417
neutral	0.063	0.002	0.017	0.002	0.242	0.000	0.673
neutral	0.076	0.007	0.016	0.002	0.260	0.000	0.639
neutral	0.076	0.021	0.058	0.003	0.305	0.002	0.536
neutral	0.080	0.020	0.051	0.018	0.305	0.002	0.525
sad	0.135	0.007	0.078	0.031	0.433	0.006	0.310
sad	0.087	0.006	0.069	0.020	0.633	0.002	0.184
sad	0.057	0.006	0.142	0.010	0.725	0.002	0.059
sad	0.094	0.004	0.099	0.006	0.733	0.001	0.063
sad	0.118	0.001	0.075	0.008	0.627	0.001	0.170
sad	0.082	0.002	0.119	0.019	0.482	0.002	0.294
neutral	0.069	0.001	0.118	0.027	0.376	0.004	0.404
sad	0.128	0.002	0.071	0.016	0.521	0.002	0.259
sad	0.105	0.001	0.067	0.070	0.458	0.008	0.290
sad	0.040	0.003	0.064	0.072	0.645	0.007	0.170
sad	0.041	0.002	0.081	0.191	0.490	0.015	0.180
happy	0.052	0.001	0.035	0.467	0.194	0.013	0.238
happy	0.044	0.001	0.033	0.344	0.340	0.004	0.232
happy	0.056	0.002	0.025	0.402	0.283	0.004	0.229
sad	0.058	0.001	0.031	0.216	0.397	0.003	0.293
happy	0.057	0.001	0.008	0.506	0.142	0.002	0.285
happy	0.073	0.001	0.012	0.439	0.199	0.002	0.274
happy	0.033	0.001	0.010	0.455	0.153	0.002	0.345
happy	0.092	0.001	0.022	0.356	0.287	0.002	0.240
happy	0.078	0.003	0.018	0.408	0.210	0.003	0.280
sad	0.108	0.002	0.028	0.195	0.355	0.003	0.310
sad	0.098	0.001	0.027	0.111	0.470	0.003	0.290
sad	0.113	0.001	0.045	0.079	0.554	0.003	0.205
sad	0.154	0.001	0.042	0.106	0.394	0.003	0.301
sad	0.248	0.001	0.032	0.051	0.392	0.001	0.275
sad	0.140	0.002	0.058	0.049	0.403	0.003	0.345
sad	0.213	0.001	0.054	0.043	0.452	0.003	0.234
sad	0.232	0.001	0.049	0.034	0.424	0.002	0.258
angry	0.353	0.002	0.024	0.017	0.341	0.001	0.263
angry	0.341	0.001	0.021	0.009	0.332	0.001	0.295
angry	0.359	0.003	0.036	0.009	0.321	0.001	0.271
sad	0.303	0.004	0.036	0.013	0.434	0.001	0.209
sad	0.196	0.003	0.020	0.007	0.478	0.000	0.295
neutral	0.193	0.002	0.020	0.029	0.271	0.001	0.484
sad	0.039	0.004	0.032	0.002	0.836	0.000	0.087
sad	0.082	0.005	0.028	0.004	0.697	0.000	0.185
sad	0.046	0.002	0.024	0.019	0.552	0.001	0.356
neutral	0.072	0.014	0.030	0.066	0.364	0.003	0.452
sad	0.052	0.006	0.028	0.013	0.465	0.001	0.434
neutral	0.049	0.002	0.005	0.074	0.189	0.000	0.681
sad	0.050	0.001	0.029	0.027	0.547	0.001	0.344
sad	0.041	0.001	0.034	0.014	0.714	0.001	0.194
sad	0.035	0.001	0.021	0.027	0.587	0.001	0.328
neutral	0.041	0.002	0.021	0.078	0.403	0.002	0.454
neutral	0.024	0.002	0.007	0.162	0.180	0.002	0.623
neutral	0.034	0.004	0.007	0.174	0.270	0.002	0.509
neutral	0.031	0.003	0.007	0.094	0.330	0.001	0.534
neutral	0.044	0.005	0.012	0.099	0.324	0.003	0.513
sad	0.035	0.003	0.028	0.046	0.526	0.003	0.360
neutral	0.045	0.004	0.017	0.078	0.423	0.002	0.431
neutral	0.041	0.007	0.013	0.156	0.332	0.002	0.448
sad	0.045	0.006	0.025	0.052	0.575	0.002	0.295
sad	0.047	0.002	0.018	0.072	0.436	0.003	0.422
sad	0.051	0.004	0.024	0.048	0.488	0.004	0.381
neutral	0.019	0.003	0.003	0.204	0.131	0.002	0.638
sad	0.019	0.004	0.013	0.012	0.786	0.000	0.166
sad	0.024	0.008	0.011	0.024	0.760	0.000	0.173
neutral	0.026	0.012	0.010	0.096	0.283	0.002	0.571
neutral	0.037	0.008	0.015	0.097	0.393	0.003	0.447
neutral	0.035	0.005	0.005	0.084	0.213	0.001	0.657
neutral	0.033	0.005	0.009	0.081	0.254	0.003	0.616
neutral	0.042	0.012	0.010	0.078	0.221	0.004	0.633
neutral	0.059	0.013	0.009	0.094	0.206	0.002	0.616
neutral	0.076	0.011	0.014	0.042	0.310	0.002	0.545
neutral	0.059	0.005	0.009	0.035	0.246	0.001	0.644
neutral	0.097	0.020	0.013	0.032	0.273	0.002	0.563
neutral	0.072	0.010	0.012	0.041	0.221	0.002	0.641
neutral	0.065	0.004	0.004	0.065	0.137	0.002	0.723
neutral	0.070	0.026	0.010	0.034	0.276	0.001	0.583
neutral	0.053	0.014	0.010	0.046	0.190	0.003	0.685
neutral	0.084	0.007	0.016	0.033	0.208	0.004	0.648
neutral	0.039	0.002	0.008	0.043	0.110	0.003	0.795
neutral	0.073	0.006	0.014	0.028	0.206	0.003	0.670
neutral	0.112	0.004	0.018	0.019	0.231	0.004	0.613
sad	0.063	0.006	0.027	0.004	0.516	0.001	0.383
sad	0.024	0.001	0.023	0.001	0.678	0.000	0.273
sad	0.041	0.001	0.030	0.002	0.666	0.000	0.260
sad	0.068	0.004	0.043	0.002	0.659	0.000	0.225
neutral	0.096	0.004	0.026	0.006	0.368	0.002	0.498
neutral	0.130	0.006	0.030	0.003	0.347	0.002	0.482
neutral	0.160	0.003	0.026	0.003	0.249	0.001	0.558
neutral	0.132	0.006	0.026	0.002	0.369	0.001	0.464
sad	0.225	0.007	0.059	0.001	0.460	0.001	0.247
sad	0.179	0.004	0.054	0.000	0.574	0.001	0.188
sad	0.240	0.017	0.058	0.001	0.533	0.001	0.149
sad	0.299	0.033	0.055	0.001	0.431	0.001	0.181
angry	0.414	0.006	0.082	0.000	0.398	0.001	0.098
sad	0.286	0.008	0.070	0.000	0.545	0.001	0.089
sad	0.260	0.012	0.089	0.000	0.531	0.001	0.108
sad	0.290	0.012	0.083	0.000	0.487	0.001	0.126
sad	0.342	0.004	0.082	0.000	0.444	0.002	0.127
sad	0.302	0.025	0.069	0.001	0.450	0.001	0.152
sad	0.250	0.016	0.067	0.000	0.545	0.001	0.121
sad	0.031	0.015	0.104	0.000	0.796	0.000	0.054
sad	0.049	0.009	0.089	0.000	0.785	0.000	0.069
sad	0.103	0.043	0.094	0.000	0.713	0.000	0.047
sad	0.167	0.034	0.051	0.003	0.463	0.001	0.282
sad	0.150	0.019	0.117	0.001	0.564	0.002	0.148
neutral	0.121	0.037	0.031	0.008	0.219	0.001	0.582
neutral	0.081	0.004	0.010	0.018	0.066	0.001	0.820
neutral	0.050	0.002	0.003	0.017	0.035	0.001	0.893
neutral	0.044	0.001	0.005	0.018	0.055	0.001	0.876
neutral	0.103	0.004	0.006	0.009	0.211	0.000	0.668
neutral	0.161	0.006	0.008	0.015	0.337	0.000	0.472
neutral	0.135	0.002	0.019	0.047	0.220	0.003	0.575
neutral	0.129	0.000	0.022	0.056	0.231	0.001	0.560
neutral	0.226	0.000	0.021	0.055	0.185	0.006	0.507
neutral	0.150	0.001	0.011	0.077	0.152	0.001	0.609
neutral	0.223	0.000	0.011	0.026	0.163	0.000	0.575
neutral	0.251	0.001	0.026	0.023	0.234	0.001	0.465
sad	0.284	0.001	0.051	0.063	0.342	0.003	0.256
sad	0.309	0.001	0.035	0.017	0.350	0.002	0.288
neutral	0.208	0.001	0.025	0.042	0.281	0.005	0.438
neutral	0.251	0.001	0.027	0.051	0.305	0.005	0.360
neutral	0.237	0.001	0.024	0.021	0.215	0.005	0.497
neutral	0.171	0.000	0.017	0.019	0.261	0.003	0.529
neutral	0.262	0.001	0.021	0.029	0.262	0.003	0.423
neutral	0.218	0.001	0.017	0.016	0.240	0.002	0.506
neutral	0.105	0.000	0.005	0.004	0.150	0.000	0.735
neutral	0.065	0.000	0.005	0.006	0.155	0.001	0.767
neutral	0.071	0.001	0.005	0.029	0.145	0.002	0.748
neutral	0.066	0.001	0.007	0.026	0.165	0.003	0.733
neutral	0.085	0.001	0.006	0.016	0.199	0.002	0.693
neutral	0.096	0.000	0.004	0.007	0.150	0.001	0.742
neutral	0.102	0.001	0.008	0.011	0.220	0.002	0.655
neutral	0.094	0.002	0.013	0.015	0.202	0.004	0.670
neutral	0.038	0.000	0.011	0.006	0.383	0.001	0.561
neutral	0.073	0.001	0.017	0.011	0.420	0.001	0.477
neutral	0.101	0.001	0.012	0.008	0.342	0.001	0.535
neutral	0.132	0.002	0.018	0.013	0.262	0.003	0.570
neutral	0.116	0.002	0.015	0.023	0.185	0.005	0.655
neutral	0.154	0.002	0.015	0.019	0.167	0.004	0.639
neutral	0.135	0.002	0.012	0.015	0.138	0.003	0.696
neutral	0.112	0.002	0.019	0.007	0.175	0.003	0.681
neutral	0.151	0.003	0.016	0.014	0.175	0.005	0.635
neutral	0.148	0.002	0.008	0.016	0.125	0.003	0.698
neutral	0.178	0.003	0.011	0.012	0.155	0.002	0.639
neutral	0.117	0.002	0.005	0.016	0.088	0.001	0.770
neutral	0.134	0.002	0.006	0.011	0.129	0.001	0.716
neutral	0.133	0.002	0.010	0.006	0.159	0.002	0.688
neutral	0.117	0.004	0.008	0.012	0.121	0.003	0.734
neutral	0.106	0.002	0.004	0.009	0.073	0.002	0.804
neutral	0.199	0.004	0.008	0.012	0.156	0.002	0.619
neutral	0.156	0.002	0.006	0.008	0.097	0.002	0.729
neutral	0.141	0.002	0.005	0.009	0.103	0.002	0.738
neutral	0.158	0.002	0.005	0.007	0.098	0.001	0.729
neutral	0.123	0.004	0.005	0.003	0.093	0.001	0.771
neutral	0.171	0.005	0.005	0.003	0.104	0.001	0.713
neutral	0.137	0.002	0.005	0.005	0.071	0.001	0.779
neutral	0.219	0.006	0.010	0.001	0.146	0.001	0.616
neutral	0.047	0.000	0.008	0.002	0.269	0.000	0.674
neutral	0.092	0.001	0.016	0.001	0.271	0.001	0.617
neutral	0.073	0.002	0.005	0.001	0.148	0.000	0.771
neutral	0.190	0.002	0.010	0.002	0.197	0.001	0.598
neutral	0.164	0.002	0.006	0.002	0.122	0.001	0.703
sad	0.220	0.004	0.016	0.000	0.423	0.000	0.335
neutral	0.204	0.003	0.015	0.000	0.341	0.001	0.436
sad	0.254	0.002	0.027	0.000	0.460	0.001	0.257
neutral	0.210	0.003	0.018	0.000	0.324	0.001	0.444
neutral	0.367	0.005	0.013	0.001	0.223	0.001	0.391
neutral	0.342	0.004	0.008	0.001	0.167	0.000	0.477
neutral	0.262	0.003	0.009	0.001	0.179	0.000	0.545
neutral	0.407	0.006	0.011	0.000	0.145	0.001	0.430
neutral	0.346	0.003	0.008	0.001	0.170	0.000	0.472
angry	0.418	0.004	0.008	0.000	0.165	0.000	0.404
neutral	0.256	0.009	0.013	0.003	0.174	0.001	0.545
neutral	0.310	0.009	0.011	0.002	0.165	0.000	0.503
neutral	0.235	0.007	0.005	0.002	0.144	0.000	0.607
angry	0.428	0.004	0.012	0.001	0.154	0.000	0.399
neutral	0.167	0.003	0.010	0.004	0.103	0.001	0.712
neutral	0.317	0.006	0.008	0.001	0.143	0.000	0.525
neutral	0.201	0.006	0.010	0.002	0.165	0.000	0.615
angry	0.445	0.003	0.006	0.001	0.134	0.000	0.410
neutral	0.352	0.009	0.008	0.002	0.149	0.000	0.479
neutral	0.268	0.002	0.006	0.002	0.095	0.000	0.626
neutral	0.387	0.005	0.012	0.003	0.109	0.000	0.484
neutral	0.214	0.004	0.011	0.006	0.086	0.001	0.679
neutral	0.216	0.004	0.013	0.003	0.107	0.001	0.657
neutral	0.362	0.006	0.025	0.002	0.128	0.001	0.477
neutral	0.199	0.004	0.018	0.005	0.086	0.003	0.685
neutral	0.197	0.015	0.015	0.006	0.072	0.004	0.691
neutral	0.267	0.030	0.020	0.004	0.093	0.003	0.583
neutral	0.266	0.022	0.032	0.006	0.112	0.005	0.556
neutral	0.197	0.015	0.045	0.007	0.139	0.009	0.588
neutral	0.100	0.030	0.042	0.006	0.334	0.002	0.486
sad	0.060	0.011	0.073	0.001	0.529	0.001	0.324
sad	0.102	0.010	0.046	0.001	0.485	0.001	0.354
neutral	0.189	0.023	0.060	0.002	0.274	0.005	0.446
neutral	0.254	0.047	0.060	0.003	0.242	0.004	0.390
neutral	0.215	0.008	0.049	0.004	0.177	0.007	0.541
neutral	0.239	0.036	0.019	0.007	0.096	0.004	0.599
neutral	0.304	0.047	0.036	0.003	0.170	0.003	0.437
neutral	0.237	0.051	0.023	0.005	0.111	0.003	0.569
neutral	0.248	0.045	0.032	0.003	0.152	0.003	0.516
neutral	0.283	0.038	0.025	0.002	0.123	0.003	0.525
neutral	0.260	0.026	0.038	0.003	0.219	0.002	0.452
neutral	0.130	0.020	0.012	0.004	0.076	0.003	0.755
neutral	0.126	0.005	0.012	0.004	0.075	0.002	0.775
neutral	0.195	0.006	0.021	0.003	0.138	0.002	0.635
neutral	0.197	0.012	0.023	0.002	0.111	0.003	0.652
neutral	0.166	0.005	0.019	0.002	0.125	0.003	0.680
neutral	0.171	0.011	0.018	0.003	0.102	0.002	0.693
neutral	0.107	0.015	0.008	0.003	0.067	0.002	0.798
neutral	0.205	0.006	0.016	0.003	0.111	0.002	0.657
neutral	0.158	0.012	0.013	0.003	0.092	0.001	0.721
neutral	0.121	0.011	0.007	0.003	0.067	0.001	0.790
neutral	0.119	0.010	0.008	0.003	0.053	0.002	0.805
neutral	0.105	0.007	0.009	0.004	0.071	0.002	0.802
neutral	0.187	0.010	0.010	0.003	0.050	0.002	0.738
neutral	0.167	0.005	0.011	0.004	0.060	0.001	0.751
neutral	0.196	0.007	0.012	0.003	0.073	0.001	0.707
neutral	0.087	0.003	0.008	0.002	0.050	0.002	0.847
neutral	0.201	0.007	0.007	0.003	0.036	0.001	0.745
neutral	0.087	0.002	0.004	0.003	0.031	0.001	0.873
neutral	0.147	0.004	0.005	0.003	0.032	0.001	0.808
neutral	0.165	0.003	0.011	0.002	0.048	0.002	0.769
neutral	0.147	0.007	0.017	0.004	0.098	0.003	0.724
neutral	0.187	0.008	0.025	0.007	0.105	0.005	0.663
neutral	0.325	0.003	0.018	0.002	0.098	0.003	0.550
neutral	0.270	0.029	0.026	0.006	0.112	0.011	0.547
neutral	0.278	0.013	0.063	0.003	0.309	0.005	0.328
sad	0.260	0.026	0.125	0.002	0.421	0.007	0.160
sad	0.308	0.008	0.124	0.003	0.373	0.004	0.179
sad	0.308	0.006	0.205	0.001	0.390	0.008	0.081
sad	0.266	0.002	0.179	0.003	0.456	0.005	0.088
sad	0.356	0.002	0.167	0.003	0.395	0.007	0.070
angry	0.343	0.007	0.218	0.003	0.339	0.014	0.077
sad	0.319	0.005	0.144	0.002	0.482	0.005	0.043
sad	0.336	0.005	0.138	0.002	0.468	0.003	0.048
sad	0.272	0.003	0.142	0.002	0.511	0.003	0.066
sad	0.315	0.002	0.192	0.001	0.437	0.004	0.048
sad	0.299	0.004	0.213	0.001	0.446	0.005	0.032
sad	0.336	0.003	0.142	0.003	0.444	0.004	0.069
sad	0.385	0.003	0.099	0.001	0.443	0.002	0.069
sad	0.335	0.004	0.114	0.001	0.465	0.002	0.079
angry	0.403	0.004	0.127	0.001	0.366	0.004	0.095
angry	0.428	0.008	0.130	0.001	0.347	0.002	0.083
sad	0.352	0.005	0.157	0.001	0.382	0.002	0.101
sad	0.363	0.011	0.130	0.001	0.400	0.003	0.092
sad	0.367	0.011	0.109	0.001	0.393	0.005	0.113
angry	0.403	0.006	0.100	0.002	0.342	0.004	0.143
sad	0.363	0.007	0.086	0.002	0.432	0.003	0.108
angry	0.389	0.007	0.119	0.002	0.356	0.006	0.121
sad	0.362	0.006	0.136	0.001	0.408	0.006	0.081
sad	0.364	0.009	0.123	0.002	0.367	0.006	0.129
sad	0.313	0.010	0.143	0.004	0.339	0.012	0.179
sad	0.326	0.005	0.118	0.001	0.419	0.002	0.128
sad	0.294	0.006	0.148	0.002	0.392	0.008	0.149
sad	0.308	0.010	0.101	0.001	0.446	0.002	0.132
angry	0.424	0.009	0.063	0.002	0.318	0.004	0.179
sad	0.373	0.008	0.073	0.001	0.418	0.003	0.124
angry	0.378	0.007	0.083	0.001	0.358	0.004	0.168
sad	0.366	0.008	0.084	0.002	0.371	0.003	0.166
sad	0.347	0.006	0.114	0.001	0.371	0.004	0.157
sad	0.298	0.003	0.094	0.001	0.409	0.003	0.191
angry	0.383	0.005	0.104	0.001	0.369	0.005	0.134
angry	0.375	0.006	0.091	0.002	0.368	0.004	0.154
angry	0.390	0.011	0.121	0.003	0.312	0.009	0.154
angry	0.374	0.011	0.110	0.002	0.330	0.009	0.165
angry	0.347	0.012	0.113	0.004	0.312	0.017	0.196
angry	0.323	0.010	0.121	0.003	0.296	0.012	0.234
sad	0.266	0.005	0.074	0.003	0.340	0.005	0.306
sad	0.259	0.009	0.111	0.006	0.298	0.021	0.295
angry	0.352	0.006	0.109	0.003	0.303	0.009	0.218
sad	0.268	0.010	0.113	0.009	0.303	0.017	0.281
angry	0.368	0.007	0.124	0.004	0.245	0.010	0.242
angry	0.338	0.010	0.092	0.008	0.239	0.026	0.287
angry	0.322	0.008	0.138	0.006	0.216	0.018	0.293
neutral	0.223	0.008	0.094	0.010	0.202	0.015	0.448
neutral	0.282	0.006	0.078	0.006	0.223	0.015	0.390
neutral	0.230	0.006	0.064	0.006	0.210	0.009	0.475
neutral	0.271	0.005	0.081	0.005	0.237	0.014	0.387
neutral	0.300	0.008	0.097	0.006	0.225	0.029	0.335
neutral	0.254	0.015	0.074	0.012	0.182	0.031	0.432
sad	0.095	0.005	0.065	0.008	0.422	0.004	0.400
neutral	0.079	0.004	0.058	0.019	0.378	0.004	0.459
neutral	0.127	0.003	0.061	0.009	0.297	0.005	0.496
neutral	0.135	0.005	0.064	0.016	0.163	0.015	0.601
neutral	0.163	0.006	0.072	0.023	0.141	0.021	0.574
neutral	0.093	0.003	0.089	0.004	0.280	0.008	0.522
neutral	0.088	0.003	0.052	0.005	0.246	0.003	0.603
neutral	0.070	0.002	0.054	0.002	0.354	0.002	0.517
sad	0.041	0.011	0.025	0.003	0.488	0.001	0.432
sad	0.042	0.004	0.054	0.001	0.623	0.001	0.274
sad	0.040	0.004	0.038	0.003	0.732	0.001	0.181
sad	0.136	0.002	0.019	0.016	0.603	0.000	0.224
sad	0.121	0.000	0.018	0.006	0.445	0.000	0.410
neutral	0.105	0.002	0.016	0.015	0.427	0.000	0.435
sad	0.136	0.001	0.018	0.003	0.490	0.000	0.352
neutral	0.176	0.001	0.013	0.004	0.161	0.000	0.645
neutral	0.287	0.002	0.030	0.000	0.262	0.000	0.418
neutral	0.169	0.001	0.017	0.001	0.215	0.000	0.597
neutral	0.103	0.001	0.011	0.000	0.152	0.000	0.733
neutral	0.103	0.001	0.009	0.001	0.169	0.000	0.716
neutral	0.158	0.001	0.019	0.000	0.224	0.000	0.597
neutral	0.215	0.001	0.017	0.000	0.324	0.000	0.442
sad	0.195	0.001	0.042	0.000	0.395	0.000	0.366
neutral	0.182	0.003	0.015	0.001	0.285	0.000	0.514
neutral	0.221	0.001	0.031	0.000	0.355	0.000	0.392
neutral	0.301	0.001	0.015	0.001	0.182	0.000	0.499
neutral	0.321	0.002	0.011	0.001	0.252	0.000	0.413
neutral	0.252	0.001	0.013	0.001	0.228	0.000	0.505
neutral	0.132	0.001	0.009	0.002	0.254	0.000	0.602
neutral	0.105	0.001	0.009	0.001	0.279	0.000	0.605
sad	0.133	0.000	0.017	0.001	0.505	0.000	0.344
sad	0.185	0.001	0.015	0.001	0.400	0.000	0.398
sad	0.287	0.001	0.011	0.001	0.389	0.000	0.310
sad	0.166	0.000	0.016	0.001	0.451	0.000	0.365
sad	0.206	0.001	0.022	0.001	0.550	0.000	0.220
sad	0.167	0.002	0.011	0.003	0.488	0.000	0.328
sad	0.287	0.004	0.026	0.000	0.570	0.000	0.112
sad	0.296	0.004	0.022	0.001	0.520	0.000	0.158
sad	0.210	0.001	0.032	0.000	0.655	0.000	0.101
sad	0.186	0.001	0.033	0.000	0.702	0.000	0.078
sad	0.282	0.003	0.033	0.000	0.618	0.000	0.064
sad	0.321	0.005	0.022	0.000	0.604	0.000	0.047
sad	0.335	0.002	0.050	0.000	0.572	0.000	0.041
sad	0.196	0.001	0.042	0.000	0.683	0.000	0.078
sad	0.211	0.001	0.027	0.000	0.653	0.000	0.107
sad	0.179	0.000	0.026	0.000	0.677	0.000	0.118
sad	0.375	0.003	0.036	0.000	0.495	0.000	0.090
sad	0.393	0.001	0.031	0.000	0.514	0.000	0.060
sad	0.342	0.001	0.023	0.000	0.493	0.000	0.140
sad	0.372	0.001	0.031	0.000	0.520	0.000	0.077
sad	0.328	0.001	0.039	0.000	0.591	0.000	0.040
sad	0.396	0.003	0.017	0.001	0.457	0.000	0.126
sad	0.291	0.001	0.020	0.001	0.519	0.000	0.168
sad	0.405	0.001	0.017	0.000	0.444	0.000	0.133
neutral	0.218	0.000	0.013	0.001	0.383	0.000	0.384
sad	0.268	0.001	0.016	0.001	0.478	0.000	0.236
sad	0.298	0.001	0.023	0.001	0.492	0.000	0.186
sad	0.191	0.000	0.021	0.000	0.588	0.000	0.199
sad	0.320	0.001	0.032	0.000	0.527	0.000	0.120
sad	0.260	0.001	0.033	0.000	0.612	0.000	0.094
sad	0.190	0.001	0.024	0.000	0.667	0.000	0.119
sad	0.073	0.001	0.021	0.000	0.853	0.000	0.052
sad	0.101	0.001	0.036	0.000	0.835	0.000	0.027
sad	0.195	0.004	0.028	0.000	0.742	0.000	0.032
sad	0.223	0.004	0.018	0.000	0.638	0.000	0.116
sad	0.186	0.004	0.025	0.000	0.710	0.000	0.075
sad	0.184	0.005	0.022	0.001	0.664	0.000	0.123
sad	0.158	0.001	0.020	0.001	0.645	0.000	0.175
sad	0.175	0.000	0.042	0.001	0.568	0.000	0.214
angry	0.551	0.012	0.022	0.000	0.244	0.000	0.171
angry	0.495	0.108	0.022	0.001	0.187	0.000	0.186
neutral	0.231	0.004	0.007	0.010	0.083	0.001	0.664
neutral	0.350	0.005	0.015	0.007	0.167	0.002	0.454
angry	0.569	0.001	0.012	0.002	0.252	0.001	0.163
angry	0.442	0.002	0.019	0.015	0.310	0.003	0.209
sad	0.157	0.008	0.038	0.024	0.448	0.003	0.323
neutral	0.180	0.006	0.033	0.029	0.328	0.001	0.423
neutral	0.117	0.004	0.015	0.013	0.250	0.002	0.599
neutral	0.055	0.001	0.012	0.007	0.378	0.000	0.547
neutral	0.104	0.000	0.009	0.004	0.190	0.001	0.692
neutral	0.109	0.000	0.007	0.011	0.218	0.001	0.653
neutral	0.208	0.000	0.008	0.012	0.145	0.002	0.625
neutral	0.206	0.000	0.010	0.010	0.087	0.004	0.683
neutral	0.165	0.000	0.011	0.015	0.131	0.001	0.677
neutral	0.223	0.000	0.014	0.030	0.152	0.003	0.578
neutral	0.217	0.000	0.012	0.029	0.116	0.003	0.623
neutral	0.166	0.000	0.015	0.028	0.146	0.003	0.642
neutral	0.228	0.000	0.013	0.043	0.113	0.005	0.598
neutral	0.268	0.000	0.008	0.017	0.163	0.001	0.542
neutral	0.136	0.002	0.006	0.011	0.148	0.001	0.696
neutral	0.290	0.003	0.009	0.006	0.159	0.001	0.532
neutral	0.321	0.001	0.009	0.015	0.146	0.001	0.507
neutral	0.300	0.003	0.013	0.009	0.145	0.002	0.529
neutral	0.384	0.004	0.016	0.011	0.097	0.002	0.487
angry	0.443	0.011	0.010	0.007	0.084	0.002	0.443
neutral	0.394	0.006	0.025	0.011	0.110	0.002	0.452
neutral	0.363	0.003	0.023	0.016	0.103	0.007	0.485
angry	0.447	0.007	0.034	0.016	0.155	0.002	0.339
angry	0.479	0.015	0.024	0.014	0.158	0.004	0.306
angry	0.605	0.003	0.015	0.005	0.122	0.015	0.235
angry	0.411	0.004	0.024	0.019	0.174	0.004	0.363
angry	0.530	0.001	0.025	0.016	0.156	0.014	0.257
angry	0.564	0.001	0.011	0.018	0.094	0.013	0.298
angry	0.663	0.002	0.063	0.007	0.162	0.005	0.098
angry	0.549	0.001	0.013	0.010	0.168	0.017	0.241
angry	0.669	0.004	0.024	0.005	0.182	0.004	0.113
angry	0.675	0.007	0.031	0.003	0.186	0.009	0.090
angry	0.686	0.005	0.025	0.005	0.179	0.006	0.094
angry	0.790	0.002	0.011	0.008	0.084	0.006	0.098
angry	0.526	0.002	0.028	0.022	0.242	0.003	0.177
angry	0.715	0.001	0.015	0.007	0.116	0.010	0.136
angry	0.774	0.002	0.011	0.006	0.093	0.008	0.106
angry	0.674	0.002	0.026	0.008	0.155	0.012	0.124
angry	0.659	0.003	0.031	0.009	0.132	0.016	0.149
angry	0.731	0.007	0.026	0.007	0.138	0.003	0.088
angry	0.657	0.005	0.033	0.006	0.173	0.003	0.124
angry	0.726	0.002	0.035	0.005	0.127	0.003	0.102
angry	0.536	0.008	0.036	0.007	0.277	0.005	0.131
angry	0.642	0.002	0.035	0.006	0.185	0.011	0.119
angry	0.729	0.003	0.024	0.008	0.117	0.010	0.109
angry	0.621	0.005	0.030	0.024	0.131	0.007	0.181
angry	0.663	0.007	0.041	0.011	0.190	0.007	0.080
angry	0.719	0.003	0.030	0.008	0.132	0.005	0.103
angry	0.683	0.011	0.036	0.005	0.169	0.004	0.093
angry	0.638	0.006	0.042	0.006	0.218	0.005	0.085
angry	0.605	0.006	0.040	0.006	0.233	0.005	0.105
angry	0.601	0.004	0.043	0.004	0.265	0.010	0.074
angry	0.744	0.003	0.031	0.007	0.122	0.004	0.091
angry	0.672	0.008	0.039	0.005	0.191	0.004	0.080
angry	0.623	0.009	0.037	0.008	0.206	0.003	0.114
angry	0.635	0.004	0.035	0.005	0.238	0.005	0.078
angry	0.608	0.004	0.061	0.007	0.238	0.002	0.079
angry	0.680	0.006	0.046	0.004	0.184	0.003	0.076
angry	0.678	0.004	0.046	0.004	0.208	0.002	0.058
angry	0.609	0.008	0.053	0.004	0.271	0.002	0.052
angry	0.747	0.004	0.034	0.004	0.166	0.001	0.044
angry	0.643	0.013	0.067	0.005	0.217	0.002	0.054
angry	0.688	0.008	0.047	0.007	0.183	0.002	0.066
angry	0.520	0.007	0.069	0.007	0.268	0.006	0.124
angry	0.705	0.008	0.043	0.005	0.173	0.002	0.064
angry	0.648	0.011	0.045	0.006	0.214	0.003	0.072
angry	0.615	0.007	0.053	0.004	0.264	0.001	0.056
angry	0.654	0.012	0.036	0.007	0.213	0.004	0.074
angry	0.613	0.003	0.035	0.006	0.249	0.003	0.089
angry	0.589	0.005	0.035	0.007	0.219	0.005	0.139
angry	0.674	0.010	0.027	0.006	0.216	0.002	0.065
angry	0.709	0.006	0.034	0.008	0.168	0.002	0.072
angry	0.613	0.005	0.020	0.019	0.150	0.006	0.186
angry	0.520	0.007	0.038	0.008	0.284	0.005	0.138
angry	0.668	0.011	0.040	0.006	0.207	0.002	0.065
angry	0.620	0.010	0.048	0.005	0.256	0.003	0.056
angry	0.735	0.009	0.031	0.004	0.145	0.003	0.073
angry	0.628	0.016	0.039	0.003	0.244	0.001	0.069
angry	0.544	0.019	0.050	0.009	0.248	0.003	0.128
angry	0.571	0.017	0.048	0.006	0.271	0.003	0.084
angry	0.544	0.025	0.049	0.004	0.301	0.002	0.074
angry	0.584	0.013	0.058	0.007	0.241	0.003	0.094
angry	0.584	0.016	0.042	0.010	0.229	0.002	0.116
angry	0.639	0.020	0.032	0.009	0.214	0.002	0.084
angry	0.684	0.017	0.045	0.007	0.188	0.002	0.057
angry	0.592	0.019	0.040	0.008	0.245	0.002	0.094
angry	0.625	0.029	0.047	0.008	0.236	0.002	0.053
angry	0.783	0.023	0.021	0.006	0.114	0.001	0.051
angry	0.793	0.017	0.024	0.008	0.122	0.001	0.036
angry	0.709	0.012	0.023	0.007	0.153	0.002	0.093
angry	0.740	0.009	0.021	0.005	0.149	0.001	0.075
angry	0.727	0.013	0.027	0.007	0.163	0.001	0.061
angry	0.743	0.015	0.020	0.010	0.133	0.001	0.077
angry	0.809	0.018	0.022	0.005	0.112	0.001	0.032
angry	0.803	0.024	0.024	0.006	0.096	0.001	0.046
angry	0.641	0.021	0.026	0.018	0.170	0.003	0.121
