prediction	angry	disgust	fear	happy	sad	surprise	neutral
neutral	0.092	0.000	0.015	0.224	0.235	0.001	0.433
neutral	0.030	0.000	0.002	0.401	0.147	0.000	0.420
neutral	0.073	0.000	0.003	0.355	0.128	0.001	0.440
happy	0.025	0.000	0.005	0.406	0.176	0.001	0.387
neutral	0.018	0.000	0.002	0.310	0.098	0.000	0.573
neutral	0.015	0.000	0.002	0.249	0.141	0.000	0.593
happy	0.014	0.000	0.003	0.517	0.070	0.001	0.396
sad	0.113	0.000	0.268	0.214	0.363	0.010	0.033
neutral	0.015	0.000	0.004	0.416	0.093	0.000	0.472
happy	0.049	0.000	0.004	0.480	0.144	0.001	0.323
happy	0.028	0.000	0.005	0.479	0.081	0.002	0.406
neutral	0.042	0.000	0.003	0.279	0.091	0.001	0.584
sad	0.120	0.000	0.205	0.185	0.441	0.009	0.040
neutral	0.091	0.000	0.002	0.148	0.153	0.000	0.605
sad	0.026	0.000	0.010	0.223	0.391	0.000	0.350
neutral	0.039	0.000	0.017	0.197	0.182	0.002	0.562
neutral	0.043	0.000	0.011	0.192	0.223	0.001	0.530
neutral	0.053	0.000	0.011	0.323	0.196	0.001	0.416
neutral	0.033	0.000	0.007	0.268	0.093	0.001	0.598
fear	0.080	0.000	0.349	0.175	0.274	0.046	0.076
neutral	0.086	0.000	0.013	0.232	0.229	0.001	0.440
sad	0.078	0.000	0.367	0.081	0.424	0.012	0.038
neutral	0.031	0.000	0.009	0.192	0.278	0.000	0.489
sad	0.108	0.000	0.183	0.123	0.492	0.033	0.061
neutral	0.051	0.000	0.004	0.224	0.129	0.001	0.590
sad	0.108	0.000	0.217	0.112	0.480	0.030	0.052
neutral	0.044	0.000	0.005	0.151	0.249	0.001	0.549
neutral	0.062	0.000	0.010	0.198	0.226	0.001	0.504
sad	0.105	0.000	0.283	0.117	0.423	0.015	0.058
neutral	0.067	0.000	0.005	0.231	0.210	0.001	0.487
neutral	0.050	0.000	0.006	0.227	0.210	0.000	0.507
neutral	0.065	0.000	0.008	0.282	0.179	0.001	0.464
sad	0.100	0.000	0.251	0.125	0.440	0.017	0.068
neutral	0.041	0.000	0.006	0.214	0.211	0.001	0.528
sad	0.112	0.000	0.289	0.083	0.439	0.022	0.055
neutral	0.055	0.000	0.006	0.232	0.208	0.001	0.498
fear	0.104	0.000	0.341	0.161	0.318	0.019	0.056
neutral	0.042	0.000	0.004	0.343	0.170	0.001	0.440
sad	0.099	0.000	0.245	0.091	0.489	0.044	0.032
happy	0.031	0.000	0.003	0.433	0.125	0.001	0.406
happy	0.024	0.000	0.002	0.492	0.113	0.001	0.367
neutral	0.032	0.000	0.004	0.216	0.207	0.001	0.540
sad	0.060	0.000	0.240	0.194	0.426	0.044	0.036
neutral	0.039	0.000	0.006	0.216	0.240	0.001	0.498
neutral	0.030	0.000	0.003	0.315	0.201	0.001	0.450
neutral	0.035	0.000	0.002	0.238	0.232	0.000	0.493
neutral	0.010	0.000	0.002	0.302	0.093	0.000	0.594
neutral	0.027	0.000	0.001	0.168	0.158	0.000	0.646
neutral	0.011	0.000	0.001	0.271	0.107	0.000	0.609
neutral	0.008	0.000	0.000	0.216	0.077	0.000	0.699
neutral	0.014	0.000	0.001	0.199	0.087	0.000	0.700
neutral	0.119	0.000	0.061	0.322	0.132	0.034	0.332
neutral	0.040	0.000	0.004	0.216	0.271	0.000	0.468
happy	0.013	0.000	0.001	0.460	0.119	0.000	0.407
neutral	0.027	0.000	0.002	0.323	0.177	0.000	0.471
happy	0.011	0.000	0.001	0.440	0.135	0.000	0.412
neutral	0.054	0.000	0.002	0.238	0.208	0.001	0.497
neutral	0.042	0.000	0.082	0.272	0.268	0.013	0.323
neutral	0.018	0.000	0.002	0.285	0.138	0.000	0.556
neutral	0.044	0.000	0.081	0.264	0.175	0.015	0.422
neutral	0.051	0.000	0.003	0.143	0.230	0.000	0.572
neutral	0.062	0.000	0.098	0.259	0.242	0.022	0.317
sad	0.092	0.000	0.196	0.325	0.333	0.019	0.035
neutral	0.050	0.000	0.002	0.132	0.284	0.000	0.532
neutral	0.046	0.000	0.002	0.195	0.139	0.001	0.617
neutral	0.038	0.000	0.003	0.223	0.142	0.001	0.592
neutral	0.047	0.000	0.003	0.276	0.234	0.001	0.440
sad	0.105	0.000	0.135	0.277	0.411	0.017	0.056
neutral	0.042	0.000	0.003	0.166	0.225	0.001	0.564
neutral	0.047	0.000	0.003	0.154	0.223	0.000	0.572
happy	0.077	0.000	0.140	0.415	0.290	0.033	0.045
neutral	0.019	0.000	0.003	0.403	0.105	0.001	0.470
neutral	0.015	0.000	0.004	0.407	0.103	0.001	0.471
neutral	0.027	0.000	0.004	0.339	0.180	0.001	0.450
sad	0.107	0.000	0.153	0.303	0.348	0.035	0.054
neutral	0.045	0.000	0.010	0.115	0.310	0.001	0.519
neutral	0.084	0.000	0.005	0.033	0.367	0.001	0.509
sad	0.105	0.000	0.202	0.298	0.327	0.026	0.042
neutral	0.037	0.000	0.004	0.089	0.281	0.001	0.589
sad	0.072	0.000	0.286	0.153	0.444	0.010	0.036
neutral	0.109	0.000	0.007	0.062	0.220	0.002	0.600
happy	0.072	0.000	0.218	0.346	0.295	0.035	0.034
neutral	0.036	0.000	0.006	0.055	0.374	0.000	0.529
neutral	0.028	0.000	0.004	0.122	0.312	0.000	0.535
neutral	0.026	0.000	0.005	0.218	0.202	0.000	0.550
sad	0.092	0.000	0.248	0.217	0.394	0.019	0.031
neutral	0.026	0.000	0.004	0.089	0.179	0.000	0.702
neutral	0.037	0.000	0.004	0.081	0.192	0.001	0.685
neutral	0.053	0.000	0.005	0.060	0.153	0.002	0.728
sad	0.111	0.000	0.230	0.251	0.305	0.053	0.050
neutral	0.011	0.000	0.003	0.152	0.204	0.000	0.630
neutral	0.061	0.000	0.003	0.200	0.150	0.000	0.587
happy	0.074	0.000	0.220	0.333	0.308	0.030	0.035
neutral	0.061	0.000	0.004	0.086	0.186	0.000	0.663
neutral	0.093	0.000	0.006	0.054	0.260	0.000	0.587
neutral	0.035	0.000	0.004	0.121	0.152	0.001	0.688
neutral	0.019	0.000	0.002	0.247	0.091	0.000	0.641
sad	0.084	0.000	0.226	0.305	0.337	0.017	0.029
neutral	0.030	0.000	0.003	0.148	0.122	0.000	0.697
sad	0.065	0.000	0.156	0.318	0.365	0.042	0.055
neutral	0.017	0.000	0.006	0.307	0.143	0.001	0.527
neutral	0.027	0.000	0.005	0.190	0.192	0.001	0.585
happy	0.073	0.000	0.175	0.445	0.227	0.037	0.044
neutral	0.012	0.000	0.002	0.259	0.123	0.000	0.604
happy	0.118	0.000	0.070	0.317	0.195	0.014	0.285
neutral	0.016	0.000	0.002	0.242	0.123	0.000	0.617
happy	0.058	0.000	0.171	0.349	0.345	0.032	0.045
neutral	0.013	0.000	0.003	0.166	0.147	0.000	0.671
neutral	0.015	0.000	0.002	0.296	0.119	0.000	0.567
neutral	0.014	0.000	0.003	0.148	0.161	0.000	0.674
happy	0.050	0.000	0.041	0.658	0.068	0.020	0.164
neutral	0.022	0.000	0.002	0.166	0.105	0.000	0.705
neutral	0.019	0.000	0.003	0.234	0.119	0.000	0.625
neutral	0.017	0.000	0.001	0.232	0.112	0.000	0.637
neutral	0.016	0.000	0.001	0.290	0.073	0.000	0.620
neutral	0.010	0.000	0.001	0.206	0.108	0.000	0.676
neutral	0.017	0.000	0.001	0.183	0.141	0.000	0.657
neutral	0.020	0.000	0.003	0.194	0.153	0.000	0.630
neutral	0.016	0.000	0.002	0.113	0.175	0.000	0.694
neutral	0.026	0.000	0.003	0.221	0.149	0.000	0.601
neutral	0.020	0.000	0.003	0.145	0.101	0.000	0.731
neutral	0.008	0.000	0.001	0.368	0.059	0.000	0.565
neutral	0.008	0.000	0.002	0.308	0.082	0.000	0.600
neutral	0.014	0.000	0.001	0.434	0.091	0.000	0.459
neutral	0.008	0.000	0.001	0.403	0.092	0.000	0.496
neutral	0.014	0.000	0.001	0.366	0.100	0.000	0.519
neutral	0.011	0.000	0.001	0.279	0.167	0.000	0.542
neutral	0.052	0.000	0.005	0.219	0.264	0.001	0.459
neutral	0.040	0.000	0.005	0.326	0.187	0.001	0.441
neutral	0.016	0.000	0.004	0.204	0.216	0.000	0.560
neutral	0.012	0.000	0.001	0.293	0.145	0.000	0.548
neutral	0.020	0.000	0.001	0.312	0.137	0.000	0.530
happy	0.083	0.000	0.055	0.455	0.107	0.025	0.274
neutral	0.016	0.000	0.003	0.270	0.090	0.000	0.621
neutral	0.012	0.000	0.002	0.323	0.133	0.000	0.530
neutral	0.016	0.000	0.003	0.268	0.122	0.000	0.590
neutral	0.011	0.000	0.001	0.353	0.063	0.000	0.571
happy	0.073	0.000	0.068	0.416	0.185	0.025	0.234
neutral	0.014	0.000	0.001	0.177	0.074	0.000	0.733
happy	0.070	0.000	0.052	0.436	0.141	0.013	0.288
neutral	0.013	0.000	0.002	0.202	0.121	0.000	0.661
neutral	0.022	0.000	0.001	0.334	0.071	0.000	0.571
neutral	0.027	0.000	0.003	0.275	0.155	0.000	0.540
happy	0.129	0.000	0.241	0.354	0.175	0.049	0.052
neutral	0.023	0.000	0.003	0.218	0.142	0.001	0.614
happy	0.150	0.000	0.214	0.270	0.241	0.048	0.076
neutral	0.022	0.000	0.002	0.256	0.090	0.001	0.629
happy	0.082	0.000	0.033	0.393	0.121	0.015	0.356
neutral	0.026	0.000	0.002	0.192	0.127	0.000	0.652
neutral	0.017	0.000	0.003	0.158	0.168	0.000	0.654
neutral	0.028	0.000	0.004	0.243	0.248	0.000	0.477
happy	0.119	0.000	0.167	0.365	0.240	0.044	0.065
happy	0.031	0.000	0.002	0.436	0.164	0.000	0.367
happy	0.092	0.000	0.036	0.497	0.090	0.009	0.276
happy	0.027	0.000	0.002	0.479	0.095	0.000	0.397
happy	0.013	0.000	0.000	0.620	0.035	0.000	0.332
happy	0.110	0.000	0.138	0.320	0.172	0.015	0.245
happy	0.002	0.000	0.000	0.878	0.010	0.000	0.109
happy	0.089	0.000	0.064	0.532	0.125	0.011	0.180
happy	0.009	0.000	0.001	0.645	0.023	0.000	0.322
happy	0.020	0.000	0.001	0.744	0.036	0.000	0.199
happy	0.055	0.000	0.047	0.617	0.087	0.012	0.182
happy	0.022	0.000	0.002	0.692	0.051	0.000	0.233
happy	0.005	0.000	0.000	0.782	0.014	0.000	0.199
happy	0.004	0.000	0.000	0.677	0.022	0.000	0.297
happy	0.005	0.000	0.001	0.724	0.042	0.000	0.229
happy	0.009	0.000	0.003	0.568	0.094	0.000	0.325
happy	0.003	0.000	0.001	0.814	0.024	0.000	0.159
happy	0.002	0.000	0.002	0.890	0.018	0.000	0.088
happy	0.005	0.000	0.000	0.607	0.037	0.000	0.350
happy	0.004	0.000	0.001	0.465	0.083	0.000	0.447
neutral	0.012	0.000	0.003	0.379	0.115	0.001	0.489
neutral	0.013	0.000	0.003	0.391	0.127	0.000	0.466
sad	0.199	0.000	0.162	0.208	0.305	0.052	0.074
happy	0.011	0.000	0.002	0.533	0.115	0.000	0.339
happy	0.017	0.000	0.002	0.487	0.107	0.001	0.387
happy	0.020	0.000	0.002	0.490	0.086	0.000	0.402
happy	0.009	0.000	0.001	0.535	0.085	0.000	0.369
happy	0.022	0.000	0.004	0.593	0.122	0.001	0.258
sad	0.181	0.000	0.251	0.157	0.262	0.089	0.060
happy	0.021	0.000	0.010	0.563	0.173	0.001	0.232
happy	0.020	0.000	0.007	0.524	0.155	0.001	0.294
happy	0.019	0.000	0.006	0.588	0.172	0.000	0.215
happy	0.037	0.000	0.013	0.448	0.201	0.002	0.299
happy	0.014	0.000	0.006	0.450	0.193	0.000	0.336
happy	0.014	0.000	0.003	0.570	0.088	0.001	0.323
neutral	0.026	0.000	0.004	0.356	0.225	0.000	0.390
neutral	0.015	0.000	0.004	0.206	0.232	0.001	0.542
sad	0.109	0.000	0.283	0.158	0.335	0.073	0.042
happy	0.015	0.000	0.003	0.415	0.155	0.001	0.412
neutral	0.008	0.000	0.002	0.417	0.128	0.000	0.444
sad	0.119	0.000	0.268	0.146	0.373	0.056	0.038
happy	0.012	0.000	0.001	0.452	0.106	0.000	0.428
sad	0.135	0.000	0.270	0.157	0.354	0.051	0.033
happy	0.009	0.000	0.004	0.513	0.185	0.000	0.289
neutral	0.036	0.000	0.014	0.120	0.402	0.000	0.428
neutral	0.019	0.000	0.005	0.128	0.325	0.000	0.523
neutral	0.027	0.000	0.002	0.170	0.112	0.001	0.690
neutral	0.026	0.000	0.002	0.108	0.213	0.000	0.651
neutral	0.030	0.000	0.002	0.144	0.236	0.000	0.587
neutral	0.160	0.000	0.129	0.190	0.211	0.034	0.276
neutral	0.014	0.000	0.001	0.432	0.077	0.000	0.475
neutral	0.023	0.000	0.001	0.161	0.090	0.000	0.725
neutral	0.010	0.000	0.001	0.171	0.152	0.000	0.665
neutral	0.016	0.000	0.002	0.203	0.209	0.000	0.570
neutral	0.053	0.000	0.001	0.104	0.134	0.000	0.707
neutral	0.017	0.000	0.002	0.174	0.161	0.001	0.645
neutral	0.017	0.000	0.001	0.187	0.152	0.000	0.643
neutral	0.013	0.000	0.002	0.144	0.122	0.000	0.719
neutral	0.025	0.000	0.002	0.241	0.162	0.000	0.570
neutral	0.016	0.000	0.001	0.105	0.117	0.000	0.761
neutral	0.020	0.000	0.001	0.260	0.065	0.000	0.654
neutral	0.030	0.000	0.005	0.167	0.203	0.001	0.595
neutral	0.014	0.000	0.002	0.301	0.123	0.000	0.560
happy	0.155	0.000	0.103	0.297	0.216	0.017	0.211
neutral	0.023	0.000	0.001	0.360	0.073	0.000	0.543
neutral	0.016	0.000	0.002	0.366	0.136	0.000	0.480
neutral	0.028	0.000	0.001	0.108	0.206	0.000	0.657
neutral	0.037	0.000	0.001	0.203	0.120	0.000	0.640
happy	0.196	0.000	0.043	0.464	0.150	0.017	0.132
neutral	0.017	0.000	0.001	0.288	0.071	0.000	0.622
neutral	0.011	0.000	0.001	0.310	0.059	0.000	0.619
neutral	0.038	0.000	0.001	0.144	0.072	0.000	0.744
neutral	0.047	0.000	0.001	0.298	0.101	0.000	0.552
neutral	0.056	0.000	0.001	0.165	0.092	0.000	0.687
neutral	0.022	0.000	0.002	0.140	0.119	0.000	0.716
neutral	0.022	0.000	0.001	0.253	0.096	0.000	0.627
happy	0.104	0.000	0.041	0.594	0.115	0.023	0.123
neutral	0.008	0.000	0.001	0.352	0.072	0.000	0.567
neutral	0.013	0.000	0.000	0.159	0.051	0.000	0.776
neutral	0.010	0.000	0.000	0.168	0.072	0.000	0.750
neutral	0.015	0.000	0.002	0.169	0.100	0.000	0.713
neutral	0.025	0.000	0.003	0.258	0.120	0.000	0.594
neutral	0.038	0.000	0.000	0.204	0.049	0.000	0.709
neutral	0.025	0.000	0.000	0.135	0.067	0.000	0.773
neutral	0.027	0.000	0.001	0.216	0.047	0.000	0.710
happy	0.190	0.000	0.027	0.516	0.133	0.016	0.119
neutral	0.026	0.000	0.001	0.145	0.060	0.000	0.768
happy	0.123	0.000	0.035	0.472	0.217	0.025	0.126
neutral	0.046	0.000	0.003	0.300	0.088	0.002	0.560
neutral	0.031	0.000	0.003	0.195	0.105	0.001	0.665
neutral	0.020	0.000	0.002	0.279	0.088	0.000	0.610
happy	0.009	0.000	0.000	0.761	0.025	0.000	0.205
happy	0.018	0.000	0.001	0.490	0.041	0.000	0.450
neutral	0.009	0.000	0.003	0.358	0.119	0.000	0.511
neutral	0.015	0.000	0.002	0.301	0.105	0.000	0.576
neutral	0.023	0.000	0.003	0.260	0.110	0.000	0.603
neutral	0.008	0.000	0.001	0.359	0.078	0.000	0.554
neutral	0.023	0.000	0.001	0.225	0.104	0.001	0.646
happy	0.130	0.000	0.031	0.568	0.125	0.009	0.138
neutral	0.016	0.000	0.001	0.348	0.052	0.001	0.583
neutral	0.018	0.000	0.001	0.311	0.067	0.000	0.603
neutral	0.013	0.000	0.001	0.200	0.102	0.000	0.683
neutral	0.012	0.000	0.001	0.416	0.066	0.000	0.506
happy	0.065	0.000	0.036	0.508	0.206	0.030	0.155
neutral	0.017	0.000	0.002	0.252	0.107	0.000	0.622
neutral	0.016	0.000	0.001	0.292	0.091	0.001	0.599
happy	0.110	0.000	0.051	0.660	0.072	0.013	0.095
neutral	0.010	0.000	0.002	0.210	0.086	0.000	0.691
happy	0.223	0.000	0.027	0.480	0.126	0.005	0.139
neutral	0.020	0.000	0.002	0.270	0.141	0.000	0.567
happy	0.072	0.000	0.046	0.617	0.112	0.016	0.136
neutral	0.039	0.000	0.002	0.218	0.100	0.000	0.640
neutral	0.026	0.000	0.001	0.305	0.050	0.001	0.616
happy	0.092	0.000	0.023	0.743	0.073	0.009	0.061
neutral	0.020	0.000	0.001	0.324	0.089	0.000	0.566
neutral	0.035	0.000	0.001	0.292	0.067	0.001	0.604
neutral	0.026	0.000	0.001	0.093	0.087	0.000	0.793
neutral	0.033	0.000	0.002	0.351	0.089	0.001	0.524
neutral	0.014	0.000	0.001	0.423	0.062	0.000	0.501
neutral	0.014	0.000	0.001	0.320	0.120	0.000	0.544
neutral	0.046	0.000	0.003	0.116	0.155	0.001	0.680
neutral	0.015	0.000	0.002	0.289	0.118	0.000	0.576
neutral	0.010	0.000	0.001	0.094	0.131	0.000	0.764
neutral	0.010	0.000	0.001	0.456	0.060	0.001	0.472
neutral	0.013	0.000	0.001	0.340	0.075	0.000	0.571
neutral	0.027	0.000	0.001	0.210	0.103	0.001	0.657
neutral	0.006	0.000	0.001	0.448	0.068	0.001	0.477
happy	0.006	0.000	0.001	0.760	0.020	0.000	0.214
happy	0.021	0.000	0.001	0.497	0.054	0.001	0.426
happy	0.008	0.000	0.001	0.601	0.044	0.000	0.346
happy	0.015	0.000	0.001	0.502	0.081	0.001	0.399
happy	0.014	0.000	0.001	0.498	0.078	0.000	0.408
happy	0.014	0.000	0.002	0.464	0.107	0.000	0.412
happy	0.015	0.000	0.001	0.481	0.055	0.000	0.447
happy	0.011	0.000	0.001	0.595	0.072	0.000	0.320
neutral	0.022	0.000	0.001	0.307	0.088	0.000	0.581
neutral	0.015	0.000	0.001	0.229	0.080	0.000	0.676
neutral	0.017	0.000	0.001	0.360	0.063	0.000	0.559
neutral	0.014	0.000	0.002	0.330	0.115	0.000	0.539
neutral	0.015	0.000	0.001	0.421	0.069	0.000	0.494
neutral	0.016	0.000	0.002	0.190	0.139	0.000	0.653
neutral	0.023	0.000	0.004	0.123	0.192	0.000	0.658
neutral	0.018	0.000	0.002	0.207	0.123	0.000	0.650
neutral	0.019	0.000	0.002	0.198	0.127	0.000	0.653
neutral	0.024	0.000	0.001	0.251	0.130	0.000	0.594
neutral	0.017	0.000	0.005	0.260	0.197	0.001	0.520
happy	0.021	0.000	0.002	0.477	0.111	0.000	0.389
neutral	0.029	0.000	0.001	0.275	0.068	0.000	0.625
neutral	0.018	0.000	0.002	0.234	0.144	0.000	0.602
happy	0.019	0.000	0.001	0.484	0.089	0.000	0.407
neutral	0.028	0.000	0.001	0.291	0.122	0.000	0.558
neutral	0.022	0.000	0.001	0.372	0.118	0.000	0.488
neutral	0.019	0.000	0.002	0.279	0.108	0.000	0.592
neutral	0.012	0.000	0.001	0.184	0.085	0.000	0.718
happy	0.018	0.000	0.002	0.447	0.115	0.000	0.417
neutral	0.019	0.000	0.001	0.408	0.105	0.000	0.467
neutral	0.010	0.000	0.001	0.261	0.088	0.000	0.640
neutral	0.014	0.000	0.001	0.163	0.179	0.000	0.643
neutral	0.014	0.000	0.001	0.295	0.117	0.000	0.571
neutral	0.014	0.000	0.003	0.278	0.139	0.000	0.565
neutral	0.015	0.000	0.003	0.363	0.134	0.001	0.484
neutral	0.016	0.000	0.002	0.311	0.167	0.000	0.504
neutral	0.022	0.000	0.003	0.309	0.174	0.000	0.491
happy	0.088	0.000	0.022	0.676	0.070	0.006	0.139
neutral	0.016	0.000	0.001	0.317	0.114	0.000	0.550
happy	0.048	0.000	0.018	0.721	0.062	0.006	0.145
neutral	0.040	0.000	0.003	0.212	0.271	0.000	0.473
happy	0.135	0.000	0.028	0.543	0.116	0.007	0.171
neutral	0.018	0.000	0.001	0.270	0.106	0.000	0.605
happy	0.128	0.000	0.038	0.460	0.138	0.008	0.228
neutral	0.032	0.000	0.002	0.243	0.201	0.000	0.523
neutral	0.015	0.000	0.004	0.243	0.208	0.001	0.527
neutral	0.025	0.000	0.004	0.166	0.176	0.001	0.629
neutral	0.013	0.000	0.002	0.234	0.121	0.000	0.629
happy	0.089	0.000	0.023	0.726	0.071	0.005	0.085
neutral	0.022	0.000	0.002	0.239	0.110	0.001	0.627
happy	0.120	0.000	0.026	0.627	0.105	0.010	0.112
neutral	0.030	0.000	0.003	0.214	0.172	0.001	0.580
happy	0.098	0.000	0.032	0.691	0.076	0.008	0.096
neutral	0.019	0.000	0.004	0.134	0.113	0.001	0.730
neutral	0.024	0.000	0.002	0.155	0.149	0.000	0.670
neutral	0.020	0.000	0.001	0.237	0.079	0.000	0.664
neutral	0.013	0.000	0.001	0.279	0.066	0.000	0.641
neutral	0.021	0.000	0.001	0.196	0.123	0.000	0.659
neutral	0.017	0.000	0.001	0.237	0.058	0.000	0.686
happy	0.120	0.000	0.033	0.599	0.140	0.013	0.095
neutral	0.056	0.000	0.002	0.246	0.077	0.001	0.618
happy	0.127	0.000	0.043	0.545	0.123	0.014	0.147
neutral	0.053	0.000	0.002	0.136	0.131	0.000	0.678
neutral	0.046	0.000	0.001	0.388	0.035	0.001	0.530
happy	0.092	0.000	0.002	0.445	0.050	0.001	0.410
neutral	0.135	0.000	0.003	0.366	0.083	0.001	0.412
neutral	0.048	0.000	0.003	0.290	0.069	0.001	0.589
neutral	0.177	0.000	0.005	0.220	0.114	0.002	0.483
neutral	0.047	0.000	0.005	0.260	0.105	0.001	0.582
neutral	0.073	0.000	0.002	0.279	0.121	0.001	0.524
neutral	0.045	0.000	0.002	0.281	0.093	0.000	0.579
happy	0.047	0.000	0.002	0.469	0.060	0.001	0.420
neutral	0.089	0.000	0.004	0.192	0.102	0.001	0.613
neutral	0.021	0.000	0.002	0.191	0.100	0.000	0.686
neutral	0.039	0.000	0.002	0.305	0.106	0.000	0.548
happy	0.051	0.000	0.002	0.592	0.091	0.001	0.264
happy	0.069	0.000	0.003	0.416	0.163	0.002	0.347
happy	0.122	0.000	0.122	0.355	0.289	0.015	0.099
neutral	0.109	0.000	0.004	0.289	0.122	0.001	0.475
neutral	0.095	0.000	0.003	0.282	0.121	0.000	0.498
happy	0.066	0.000	0.003	0.470	0.138	0.002	0.322
happy	0.055	0.000	0.002	0.545	0.112	0.001	0.285
neutral	0.020	0.000	0.001	0.435	0.070	0.000	0.473
happy	0.017	0.000	0.001	0.552	0.058	0.000	0.371
happy	0.016	0.000	0.001	0.524	0.096	0.000	0.362
happy	0.013	0.000	0.001	0.489	0.079	0.000	0.417
neutral	0.014	0.000	0.001	0.389	0.055	0.000	0.541
neutral	0.032	0.000	0.001	0.348	0.072	0.000	0.547
happy	0.161	0.000	0.060	0.645	0.068	0.005	0.061
happy	0.013	0.000	0.001	0.495	0.069	0.000	0.423
neutral	0.020	0.000	0.001	0.350	0.105	0.001	0.522
happy	0.012	0.000	0.001	0.480	0.073	0.000	0.435
happy	0.157	0.000	0.036	0.505	0.094	0.008	0.200
neutral	0.015	0.000	0.001	0.364	0.104	0.000	0.515
neutral	0.009	0.000	0.002	0.411	0.092	0.000	0.486
neutral	0.009	0.000	0.001	0.327	0.086	0.000	0.576
happy	0.168	0.000	0.041	0.645	0.055	0.011	0.080
neutral	0.018	0.000	0.003	0.338	0.103	0.001	0.537
neutral	0.011	0.000	0.002	0.306	0.065	0.000	0.616
happy	0.120	0.000	0.016	0.669	0.096	0.008	0.090
neutral	0.027	0.000	0.001	0.189	0.052	0.000	0.731
happy	0.074	0.000	0.018	0.624	0.120	0.007	0.157
neutral	0.032	0.000	0.002	0.426	0.101	0.000	0.439
neutral	0.013	0.000	0.001	0.359	0.067	0.000	0.561
happy	0.118	0.000	0.047	0.717	0.052	0.009	0.057
neutral	0.022	0.000	0.001	0.342	0.067	0.001	0.567
happy	0.010	0.000	0.002	0.462	0.085	0.000	0.441
happy	0.008	0.000	0.002	0.491	0.057	0.000	0.441
happy	0.264	0.000	0.027	0.519	0.098	0.013	0.079
neutral	0.012	0.000	0.001	0.439	0.052	0.000	0.497
happy	0.009	0.000	0.001	0.572	0.073	0.000	0.345
happy	0.121	0.000	0.037	0.666	0.061	0.008	0.107
happy	0.003	0.000	0.000	0.562	0.031	0.000	0.403
neutral	0.012	0.000	0.001	0.450	0.062	0.000	0.475
neutral	0.010	0.000	0.001	0.391	0.070	0.000	0.528
neutral	0.023	0.000	0.001	0.432	0.074	0.000	0.469
neutral	0.010	0.000	0.000	0.312	0.055	0.000	0.622
happy	0.019	0.000	0.001	0.479	0.081	0.001	0.420
neutral	0.007	0.000	0.001	0.391	0.057	0.000	0.545
happy	0.019	0.000	0.001	0.511	0.060	0.001	0.408
happy	0.107	0.000	0.042	0.612	0.092	0.010	0.137
happy	0.008	0.000	0.000	0.645	0.029	0.000	0.318
happy	0.006	0.000	0.000	0.517	0.026	0.000	0.450
happy	0.005	0.000	0.000	0.651	0.026	0.000	0.318
happy	0.006	0.000	0.000	0.720	0.028	0.000	0.246
happy	0.006	0.000	0.001	0.479	0.045	0.000	0.469
happy	0.010	0.000	0.001	0.504	0.049	0.000	0.436
happy	0.008	0.000	0.001	0.588	0.069	0.000	0.334
happy	0.106	0.000	0.044	0.423	0.168	0.016	0.242
happy	0.009	0.000	0.001	0.747	0.025	0.000	0.218
happy	0.007	0.000	0.001	0.698	0.027	0.000	0.268
happy	0.009	0.000	0.001	0.627	0.038	0.000	0.324
happy	0.013	0.000	0.002	0.570	0.066	0.000	0.348
happy	0.008	0.000	0.000	0.577	0.042	0.000	0.373
happy	0.005	0.000	0.000	0.713	0.021	0.000	0.260
happy	0.005	0.000	0.001	0.801	0.020	0.000	0.173
happy	0.013	0.000	0.001	0.742	0.039	0.000	0.203
happy	0.015	0.000	0.001	0.794	0.024	0.000	0.167
happy	0.016	0.000	0.001	0.708	0.019	0.000	0.256
happy	0.023	0.000	0.001	0.713	0.029	0.001	0.233
neutral	0.029	0.000	0.001	0.442	0.069	0.001	0.457
happy	0.023	0.000	0.001	0.727	0.040	0.001	0.208
happy	0.004	0.000	0.001	0.724	0.032	0.000	0.239
happy	0.009	0.000	0.001	0.815	0.039	0.001	0.136
happy	0.038	0.000	0.001	0.635	0.044	0.002	0.281
happy	0.009	0.000	0.001	0.791	0.029	0.000	0.170
happy	0.005	0.000	0.001	0.753	0.046	0.000	0.194
happy	0.002	0.000	0.001	0.762	0.035	0.000	0.199
happy	0.005	0.000	0.001	0.706	0.053	0.000	0.235
happy	0.006	0.000	0.001	0.703	0.055	0.000	0.235
happy	0.012	0.000	0.001	0.597	0.037	0.000	0.354
happy	0.005	0.000	0.000	0.858	0.018	0.000	0.119
happy	0.013	0.000	0.001	0.598	0.037	0.000	0.352
happy	0.008	0.000	0.001	0.798	0.014	0.001	0.178
happy	0.006	0.000	0.001	0.805	0.009	0.000	0.179
happy	0.009	0.000	0.000	0.783	0.018	0.000	0.189
happy	0.013	0.000	0.001	0.652	0.034	0.001	0.300
happy	0.002	0.000	0.000	0.709	0.017	0.000	0.272
happy	0.008	0.000	0.000	0.594	0.024	0.000	0.374
happy	0.003	0.000	0.001	0.786	0.029	0.000	0.182
happy	0.005	0.000	0.001	0.618	0.046	0.000	0.331
happy	0.006	0.000	0.001	0.841	0.032	0.000	0.120
happy	0.009	0.000	0.001	0.754	0.040	0.000	0.196
happy	0.009	0.000	0.001	0.703	0.031	0.000	0.255
happy	0.002	0.000	0.000	0.939	0.005	0.000	0.054
happy	0.012	0.000	0.002	0.697	0.065	0.000	0.224
happy	0.014	0.000	0.002	0.780	0.042	0.001	0.160
happy	0.009	0.000	0.001	0.875	0.009	0.001	0.105
happy	0.015	0.000	0.002	0.790	0.030	0.001	0.163
happy	0.011	0.000	0.002	0.809	0.030	0.001	0.147
happy	0.009	0.000	0.002	0.826	0.031	0.002	0.130
happy	0.016	0.000	0.004	0.703	0.059	0.002	0.216
happy	0.015	0.000	0.001	0.558	0.043	0.001	0.381
happy	0.021	0.000	0.001	0.614	0.049	0.001	0.313
happy	0.026	0.000	0.002	0.447	0.082	0.001	0.441
happy	0.060	0.000	0.003	0.427	0.087	0.001	0.422
happy	0.052	0.000	0.003	0.459	0.058	0.003	0.425
neutral	0.044	0.000	0.005	0.302	0.081	0.002	0.568
neutral	0.040	0.000	0.002	0.404	0.064	0.001	0.488
happy	0.064	0.000	0.005	0.575	0.043	0.005	0.309
happy	0.026	0.000	0.006	0.730	0.029	0.001	0.207
happy	0.134	0.000	0.003	0.596	0.031	0.001	0.235
happy	0.009	0.000	0.002	0.907	0.007	0.001	0.074
happy	0.004	0.000	0.001	0.933	0.009	0.000	0.054
happy	0.036	0.000	0.040	0.465	0.326	0.008	0.127
happy	0.072	0.000	0.033	0.388	0.388	0.005	0.113
happy	0.015	0.000	0.002	0.914	0.006	0.001	0.063
happy	0.019	0.000	0.009	0.850	0.039	0.009	0.074
happy	0.009	0.000	0.001	0.943	0.005	0.003	0.039
happy	0.020	0.000	0.005	0.800	0.036	0.005	0.133
happy	0.042	0.000	0.007	0.680	0.024	0.016	0.231
happy	0.035	0.000	0.004	0.770	0.030	0.015	0.146
happy	0.031	0.000	0.003	0.864	0.015	0.009	0.078
happy	0.037	0.000	0.004	0.759	0.035	0.007	0.158
happy	0.026	0.000	0.003	0.696	0.049	0.006	0.220
happy	0.080	0.000	0.004	0.460	0.116	0.003	0.337
happy	0.034	0.000	0.007	0.601	0.128	0.002	0.228
happy	0.003	0.000	0.001	0.795	0.034	0.001	0.167
happy	0.010	0.000	0.001	0.782	0.037	0.000	0.169
happy	0.025	0.000	0.002	0.594	0.063	0.002	0.314
happy	0.012	0.000	0.001	0.656	0.052	0.001	0.278
happy	0.022	0.000	0.001	0.564	0.068	0.002	0.342
happy	0.098	0.000	0.217	0.337	0.192	0.020	0.136
happy	0.019	0.000	0.002	0.638	0.063	0.002	0.277
happy	0.015	0.000	0.002	0.550	0.082	0.001	0.351
happy	0.011	0.000	0.001	0.712	0.044	0.000	0.232
happy	0.009	0.000	0.001	0.554	0.083	0.000	0.353
happy	0.005	0.000	0.002	0.639	0.062	0.000	0.292
happy	0.015	0.000	0.002	0.455	0.100	0.001	0.427
neutral	0.015	0.000	0.002	0.372	0.166	0.000	0.445
happy	0.005	0.000	0.001	0.563	0.045	0.000	0.385
neutral	0.010	0.000	0.001	0.374	0.047	0.001	0.568
happy	0.009	0.000	0.001	0.483	0.059	0.001	0.448
happy	0.025	0.000	0.002	0.473	0.059	0.003	0.439
happy	0.011	0.000	0.001	0.473	0.136	0.000	0.379
happy	0.009	0.000	0.001	0.611	0.049	0.001	0.329
happy	0.015	0.000	0.001	0.675	0.035	0.002	0.272
neutral	0.017	0.000	0.000	0.391	0.043	0.001	0.549
happy	0.016	0.000	0.001	0.602	0.058	0.000	0.322
neutral	0.018	0.000	0.001	0.309	0.078	0.000	0.594
neutral	0.010	0.000	0.001	0.344	0.069	0.000	0.576
neutral	0.020	0.000	0.001	0.335	0.111	0.000	0.533
happy	0.015	0.000	0.001	0.488	0.085	0.000	0.411
neutral	0.021	0.000	0.002	0.322	0.103	0.000	0.552
neutral	0.015	0.000	0.001	0.281	0.113	0.000	0.590
neutral	0.019	0.000	0.001	0.235	0.113	0.000	0.632
neutral	0.018	0.000	0.000	0.342	0.070	0.000	0.569
neutral	0.025	0.000	0.001	0.220	0.076	0.000	0.677
happy	0.020	0.000	0.001	0.467	0.091	0.000	0.421
neutral	0.023	0.000	0.001	0.275	0.064	0.000	0.638
neutral	0.019	0.000	0.001	0.329	0.075	0.000	0.576
neutral	0.025	0.000	0.002	0.356	0.084	0.001	0.533
happy	0.013	0.000	0.001	0.476	0.055	0.001	0.454
happy	0.014	0.000	0.000	0.501	0.039	0.000	0.446
neutral	0.025	0.000	0.000	0.393	0.050	0.000	0.530
neutral	0.014	0.000	0.000	0.423	0.041	0.000	0.522
neutral	0.019	0.000	0.001	0.273	0.090	0.000	0.615
happy	0.018	0.000	0.002	0.541	0.089	0.001	0.351
neutral	0.039	0.000	0.003	0.388	0.133	0.000	0.437
happy	0.012	0.000	0.001	0.705	0.036	0.001	0.246
happy	0.017	0.000	0.002	0.609	0.042	0.001	0.329
happy	0.010	0.000	0.001	0.601	0.052	0.001	0.334
happy	0.014	0.000	0.001	0.481	0.085	0.000	0.419
happy	0.011	0.000	0.001	0.601	0.056	0.001	0.330
happy	0.017	0.000	0.002	0.595	0.074	0.001	0.312
happy	0.022	0.000	0.001	0.439	0.101	0.000	0.437
happy	0.013	0.000	0.000	0.722	0.029	0.000	0.235
happy	0.012	0.000	0.001	0.513	0.081	0.000	0.392
happy	0.012	0.000	0.002	0.680	0.047	0.000	0.258
happy	0.014	0.000	0.000	0.705	0.033	0.000	0.247
happy	0.019	0.000	0.001	0.577	0.042	0.000	0.362
happy	0.006	0.000	0.000	0.728	0.018	0.000	0.247
happy	0.012	0.000	0.000	0.729	0.027	0.000	0.232
happy	0.010	0.000	0.001	0.698	0.030	0.000	0.261
happy	0.010	0.000	0.001	0.686	0.046	0.000	0.257
happy	0.017	0.000	0.001	0.519	0.062	0.000	0.401
happy	0.008	0.000	0.001	0.644	0.068	0.000	0.278
happy	0.014	0.000	0.002	0.660	0.048	0.000	0.276
happy	0.020	0.000	0.001	0.649	0.057	0.000	0.272
neutral	0.011	0.000	0.000	0.442	0.047	0.000	0.500
happy	0.015	0.000	0.001	0.621	0.038	0.000	0.325
happy	0.010	0.000	0.000	0.531	0.033	0.000	0.426
happy	0.011	0.000	0.001	0.678	0.028	0.000	0.282
neutral	0.024	0.000	0.001	0.351	0.047	0.000	0.578
neutral	0.018	0.000	0.001	0.355	0.062	0.000	0.564
happy	0.013	0.000	0.000	0.478	0.047	0.000	0.461
happy	0.029	0.000	0.001	0.490	0.050	0.001	0.428
happy	0.010	0.000	0.001	0.722	0.034	0.000	0.232
happy	0.010	0.000	0.000	0.495	0.028	0.000	0.466
happy	0.005	0.000	0.000	0.651	0.019	0.000	0.324
happy	0.009	0.000	0.001	0.741	0.030	0.001	0.218
happy	0.014	0.000	0.001	0.631	0.040	0.000	0.314
happy	0.003	0.000	0.000	0.698	0.019	0.000	0.279
happy	0.009	0.000	0.001	0.674	0.022	0.000	0.293
happy	0.007	0.000	0.000	0.768	0.013	0.001	0.211
happy	0.004	0.000	0.000	0.838	0.010	0.000	0.147
happy	0.004	0.000	0.000	0.680	0.015	0.000	0.299
happy	0.013	0.000	0.000	0.617	0.023	0.000	0.346
happy	0.006	0.000	0.000	0.746	0.018	0.000	0.230
happy	0.007	0.000	0.000	0.636	0.019	0.000	0.337
happy	0.081	0.000	0.025	0.743	0.073	0.012	0.066
happy	0.007	0.000	0.000	0.593	0.024	0.000	0.375
happy	0.012	0.000	0.000	0.641	0.042	0.000	0.305
happy	0.108	0.000	0.029	0.666	0.100	0.011	0.086
happy	0.009	0.000	0.000	0.507	0.031	0.000	0.453
happy	0.070	0.000	0.037	0.712	0.091	0.016	0.074
happy	0.008	0.000	0.000	0.517	0.023	0.000	0.452
happy	0.007	0.000	0.000	0.563	0.026	0.000	0.403
happy	0.020	0.000	0.001	0.543	0.032	0.001	0.404
happy	0.019	0.000	0.001	0.519	0.039	0.001	0.421
happy	0.037	0.000	0.001	0.468	0.057	0.001	0.436
happy	0.014	0.000	0.001	0.666	0.032	0.000	0.287
happy	0.007	0.000	0.001	0.715	0.023	0.000	0.254
happy	0.008	0.000	0.000	0.701	0.021	0.000	0.269
happy	0.007	0.000	0.000	0.619	0.021	0.000	0.353
happy	0.014	0.000	0.000	0.633	0.031	0.000	0.323
happy	0.026	0.000	0.001	0.559	0.060	0.000	0.353
happy	0.033	0.000	0.001	0.485	0.062	0.000	0.420
happy	0.026	0.000	0.001	0.498	0.039	0.000	0.436
happy	0.022	0.000	0.001	0.501	0.058	0.000	0.418
happy	0.014	0.000	0.000	0.630	0.019	0.001	0.336
happy	0.013	0.000	0.001	0.506	0.052	0.000	0.428
neutral	0.022	0.000	0.000	0.469	0.020	0.000	0.488
happy	0.164	0.000	0.068	0.406	0.242	0.015	0.105
happy	0.018	0.000	0.000	0.471	0.049	0.000	0.461
neutral	0.014	0.000	0.000	0.448	0.025	0.000	0.512
happy	0.028	0.000	0.001	0.461	0.051	0.001	0.458
happy	0.009	0.000	0.000	0.586	0.049	0.000	0.355
neutral	0.015	0.000	0.001	0.366	0.067	0.000	0.551
neutral	0.023	0.000	0.001	0.388	0.059	0.000	0.529
neutral	0.056	0.000	0.001	0.274	0.055	0.000	0.614
neutral	0.018	0.000	0.001	0.410	0.051	0.000	0.520
neutral	0.021	0.000	0.001	0.371	0.049	0.001	0.557
neutral	0.018	0.000	0.000	0.381	0.031	0.000	0.569
neutral	0.020	0.000	0.001	0.318	0.051	0.000	0.611
neutral	0.021	0.000	0.001	0.331	0.050	0.001	0.597
neutral	0.023	0.000	0.001	0.421	0.041	0.001	0.513
neutral	0.012	0.000	0.000	0.473	0.037	0.000	0.478
happy	0.008	0.000	0.000	0.612	0.029	0.000	0.351
happy	0.015	0.000	0.000	0.688	0.033	0.000	0.264
happy	0.017	0.000	0.000	0.559	0.029	0.000	0.395
happy	0.030	0.000	0.001	0.549	0.036	0.001	0.384
happy	0.020	0.000	0.001	0.707	0.026	0.000	0.246
happy	0.044	0.000	0.001	0.517	0.037	0.001	0.400
happy	0.022	0.000	0.001	0.538	0.041	0.000	0.397
happy	0.034	0.000	0.001	0.528	0.035	0.000	0.402
happy	0.026	0.000	0.001	0.566	0.031	0.000	0.376
happy	0.051	0.000	0.002	0.496	0.046	0.001	0.404
happy	0.026	0.000	0.001	0.574	0.050	0.000	0.348
happy	0.053	0.000	0.001	0.477	0.038	0.001	0.430
neutral	0.019	0.000	0.001	0.384	0.041	0.000	0.555
happy	0.034	0.000	0.001	0.681	0.033	0.001	0.251
neutral	0.060	0.000	0.001	0.439	0.040	0.001	0.458
neutral	0.042	0.000	0.002	0.435	0.044	0.001	0.477
neutral	0.104	0.000	0.002	0.314	0.062	0.002	0.517
happy	0.053	0.000	0.001	0.525	0.033	0.001	0.386
neutral	0.027	0.000	0.000	0.448	0.041	0.001	0.483
happy	0.031	0.000	0.001	0.604	0.036	0.001	0.329
happy	0.007	0.000	0.000	0.568	0.039	0.000	0.387
neutral	0.018	0.000	0.001	0.308	0.063	0.000	0.610
neutral	0.026	0.000	0.001	0.398	0.052	0.001	0.522
neutral	0.023	0.000	0.000	0.360	0.055	0.001	0.561
neutral	0.008	0.000	0.000	0.402	0.036	0.000	0.554
neutral	0.010	0.000	0.000	0.366	0.039	0.000	0.584
neutral	0.032	0.000	0.001	0.317	0.044	0.001	0.607
neutral	0.009	0.000	0.000	0.401	0.047	0.000	0.541
neutral	0.015	0.000	0.001	0.382	0.053	0.000	0.549
neutral	0.032	0.000	0.001	0.351	0.051	0.000	0.565
happy	0.015	0.000	0.001	0.487	0.037	0.000	0.459
happy	0.007	0.000	0.000	0.787	0.015	0.000	0.189
happy	0.011	0.000	0.000	0.788	0.011	0.000	0.190
happy	0.004	0.000	0.000	0.793	0.009	0.000	0.194
happy	0.003	0.000	0.000	0.771	0.013	0.000	0.212
happy	0.013	0.000	0.001	0.660	0.022	0.000	0.304
happy	0.003	0.000	0.000	0.792	0.009	0.001	0.195
happy	0.004	0.000	0.000	0.743	0.012	0.001	0.241
happy	0.004	0.000	0.000	0.691	0.015	0.000	0.288
happy	0.006	0.000	0.000	0.746	0.017	0.001	0.231
happy	0.006	0.000	0.000	0.604	0.019	0.000	0.370
happy	0.002	0.000	0.000	0.699	0.017	0.000	0.281
happy	0.004	0.000	0.001	0.689	0.031	0.000	0.275
happy	0.006	0.000	0.001	0.711	0.062	0.000	0.219
happy	0.002	0.000	0.000	0.740	0.027	0.000	0.231
happy	0.004	0.000	0.001	0.797	0.027	0.000	0.170
happy	0.103	0.000	0.030	0.702	0.075	0.014	0.077
happy	0.002	0.000	0.000	0.818	0.011	0.000	0.168
happy	0.007	0.000	0.001	0.602	0.049	0.000	0.340
happy	0.003	0.000	0.001	0.580	0.018	0.001	0.397
happy	0.001	0.000	0.000	0.701	0.008	0.001	0.289
happy	0.001	0.000	0.000	0.892	0.007	0.000	0.099
happy	0.007	0.000	0.001	0.730	0.025	0.000	0.237
happy	0.004	0.000	0.001	0.810	0.017	0.000	0.169
happy	0.004	0.000	0.001	0.813	0.023	0.000	0.158
happy	0.005	0.000	0.001	0.710	0.029	0.000	0.255
happy	0.023	0.000	0.001	0.588	0.089	0.000	0.299
happy	0.003	0.000	0.000	0.820	0.009	0.000	0.168
neutral	0.031	0.000	0.002	0.349	0.155	0.000	0.463
happy	0.009	0.000	0.001	0.702	0.031	0.000	0.258
happy	0.016	0.000	0.001	0.604	0.082	0.000	0.297
neutral	0.017	0.000	0.001	0.423	0.087	0.000	0.472
happy	0.009	0.000	0.001	0.537	0.075	0.000	0.378
neutral	0.031	0.000	0.003	0.309	0.148	0.000	0.509
happy	0.016	0.000	0.001	0.585	0.059	0.000	0.340
happy	0.064	0.000	0.039	0.705	0.059	0.041	0.092
happy	0.010	0.000	0.001	0.670	0.049	0.000	0.271
happy	0.062	0.000	0.036	0.693	0.081	0.020	0.108
happy	0.008	0.000	0.001	0.676	0.053	0.000	0.263
happy	0.009	0.000	0.001	0.659	0.057	0.000	0.274
happy	0.091	0.000	0.035	0.596	0.156	0.014	0.106
happy	0.013	0.000	0.001	0.645	0.039	0.000	0.301
happy	0.012	0.000	0.001	0.510	0.055	0.000	0.422
happy	0.006	0.000	0.001	0.660	0.066	0.000	0.267
happy	0.067	0.000	0.031	0.600	0.121	0.013	0.168
happy	0.014	0.000	0.001	0.504	0.080	0.000	0.400
happy	0.012	0.000	0.000	0.624	0.036	0.000	0.327
happy	0.016	0.000	0.001	0.500	0.066	0.001	0.416
happy	0.038	0.000	0.004	0.470	0.124	0.001	0.365
happy	0.070	0.000	0.055	0.451	0.214	0.014	0.194
happy	0.010	0.000	0.001	0.689	0.044	0.000	0.256
happy	0.016	0.000	0.001	0.551	0.045	0.001	0.387
happy	0.012	0.000	0.001	0.748	0.030	0.000	0.210
happy	0.006	0.000	0.000	0.691	0.031	0.000	0.272
happy	0.014	0.000	0.002	0.467	0.127	0.000	0.390
happy	0.106	0.000	0.023	0.646	0.093	0.015	0.117
happy	0.017	0.000	0.002	0.525	0.081	0.000	0.375
neutral	0.021	0.000	0.005	0.255	0.295	0.000	0.425
neutral	0.013	0.000	0.008	0.382	0.206	0.000	0.390
happy	0.006	0.000	0.002	0.650	0.065	0.000	0.277
happy	0.008	0.000	0.001	0.761	0.013	0.000	0.218
happy	0.007	0.000	0.001	0.902	0.010	0.001	0.080
happy	0.002	0.000	0.000	0.823	0.005	0.000	0.170
sad	0.038	0.000	0.300	0.146	0.466	0.025	0.025
happy	0.004	0.000	0.000	0.848	0.004	0.000	0.144
happy	0.002	0.000	0.000	0.905	0.006	0.000	0.087
happy	0.004	0.000	0.001	0.783	0.033	0.000	0.179
happy	0.002	0.000	0.000	0.897	0.007	0.000	0.094
happy	0.003	0.000	0.000	0.866	0.012	0.000	0.118
sad	0.069	0.000	0.233	0.289	0.324	0.026	0.059
happy	0.002	0.000	0.001	0.842	0.011	0.000	0.143
sad	0.120	0.000	0.228	0.197	0.329	0.049	0.078
happy	0.004	0.000	0.001	0.813	0.021	0.000	0.161
happy	0.006	0.000	0.001	0.616	0.068	0.000	0.310
happy	0.006	0.000	0.001	0.685	0.051	0.000	0.257
happy	0.008	0.000	0.001	0.573	0.047	0.000	0.371
happy	0.057	0.000	0.026	0.667	0.065	0.017	0.169
happy	0.042	0.000	0.028	0.677	0.056	0.010	0.186
happy	0.002	0.000	0.000	0.816	0.016	0.000	0.165
happy	0.003	0.000	0.000	0.723	0.017	0.000	0.256
happy	0.056	0.000	0.025	0.655	0.074	0.014	0.176
happy	0.007	0.000	0.001	0.755	0.030	0.000	0.208
happy	0.003	0.000	0.001	0.697	0.033	0.000	0.266
sad	0.063	0.000	0.205	0.302	0.336	0.030	0.065
happy	0.007	0.000	0.000	0.582	0.035	0.000	0.375
happy	0.008	0.000	0.000	0.536	0.030	0.000	0.426
happy	0.005	0.000	0.000	0.635	0.034	0.000	0.325
happy	0.008	0.000	0.001	0.482	0.090	0.000	0.419
happy	0.004	0.000	0.000	0.649	0.029	0.000	0.318
happy	0.007	0.000	0.002	0.448	0.107	0.000	0.435
happy	0.163	0.000	0.025	0.590	0.097	0.009	0.115
happy	0.003	0.000	0.000	0.617	0.017	0.000	0.363
happy	0.060	0.000	0.025	0.683	0.061	0.013	0.158
happy	0.004	0.000	0.000	0.561	0.023	0.000	0.411
happy	0.002	0.000	0.000	0.702	0.016	0.000	0.278
happy	0.002	0.000	0.001	0.847	0.019	0.000	0.130
happy	0.125	0.000	0.024	0.557	0.085	0.010	0.199
happy	0.005	0.000	0.000	0.780	0.010	0.000	0.205
happy	0.005	0.000	0.000	0.599	0.021	0.000	0.374
happy	0.004	0.000	0.001	0.743	0.021	0.000	0.232
happy	0.002	0.000	0.000	0.721	0.011	0.000	0.265
happy	0.003	0.000	0.001	0.607	0.022	0.000	0.368
happy	0.002	0.000	0.000	0.700	0.016	0.000	0.282
happy	0.002	0.000	0.000	0.735	0.019	0.000	0.244
happy	0.002	0.000	0.001	0.785	0.022	0.000	0.190
happy	0.006	0.000	0.001	0.651	0.026	0.001	0.315
happy	0.002	0.000	0.001	0.763	0.018	0.000	0.216
happy	0.004	0.000	0.001	0.797	0.042	0.000	0.156
happy	0.001	0.000	0.000	0.938	0.005	0.000	0.056
happy	0.001	0.000	0.000	0.939	0.008	0.000	0.051
happy	0.001	0.000	0.000	0.937	0.006	0.000	0.056
happy	0.001	0.000	0.000	0.920	0.005	0.000	0.075
happy	0.003	0.000	0.000	0.839	0.012	0.000	0.145
happy	0.003	0.000	0.000	0.796	0.022	0.000	0.178
happy	0.002	0.000	0.001	0.824	0.017	0.000	0.156
happy	0.003	0.000	0.001	0.629	0.037	0.000	0.330
happy	0.006	0.000	0.001	0.703	0.043	0.000	0.247
happy	0.003	0.000	0.000	0.827	0.023	0.000	0.146
happy	0.001	0.000	0.000	0.906	0.005	0.000	0.087
happy	0.005	0.000	0.000	0.882	0.010	0.000	0.103
happy	0.003	0.000	0.000	0.908	0.007	0.000	0.082
happy	0.004	0.000	0.001	0.775	0.031	0.000	0.188
happy	0.014	0.000	0.002	0.760	0.030	0.001	0.194
happy	0.005	0.000	0.001	0.871	0.020	0.000	0.104
happy	0.001	0.000	0.000	0.921	0.004	0.000	0.073
happy	0.001	0.000	0.000	0.931	0.004	0.001	0.063
happy	0.003	0.000	0.001	0.811	0.026	0.001	0.158
happy	0.004	0.000	0.001	0.820	0.032	0.000	0.143
happy	0.010	0.000	0.000	0.749	0.027	0.000	0.213
happy	0.006	0.000	0.001	0.843	0.015	0.000	0.135
happy	0.008	0.000	0.001	0.680	0.058	0.000	0.252
happy	0.004	0.000	0.000	0.869	0.012	0.000	0.115
happy	0.004	0.000	0.001	0.823	0.035	0.000	0.138
happy	0.007	0.000	0.001	0.827	0.024	0.000	0.141
happy	0.007	0.000	0.001	0.644	0.041	0.000	0.308
happy	0.010	0.000	0.001	0.668	0.038	0.000	0.283
happy	0.008	0.000	0.001	0.704	0.038	0.000	0.250
happy	0.007	0.000	0.000	0.793	0.018	0.000	0.181
happy	0.004	0.000	0.001	0.744	0.027	0.001	0.223
happy	0.003	0.000	0.001	0.804	0.020	0.000	0.172
happy	0.004	0.000	0.001	0.808	0.016	0.001	0.170
happy	0.002	0.000	0.001	0.878	0.022	0.000	0.097
happy	0.005	0.000	0.001	0.735	0.038	0.000	0.222
happy	0.003	0.000	0.001	0.778	0.033	0.000	0.186
happy	0.005	0.000	0.000	0.798	0.027	0.000	0.170
happy	0.005	0.000	0.001	0.800	0.024	0.000	0.171
happy	0.003	0.000	0.000	0.750	0.021	0.000	0.225
happy	0.002	0.000	0.001	0.867	0.021	0.000	0.109
happy	0.004	0.000	0.000	0.772	0.023	0.000	0.201
happy	0.008	0.000	0.002	0.722	0.053	0.000	0.215
happy	0.005	0.000	0.001	0.742	0.030	0.000	0.221
happy	0.004	0.000	0.001	0.772	0.058	0.000	0.165
happy	0.012	0.000	0.001	0.605	0.094	0.000	0.288
happy	0.007	0.000	0.001	0.559	0.087	0.000	0.346
happy	0.004	0.000	0.001	0.716	0.072	0.000	0.207
happy	0.009	0.000	0.001	0.628	0.093	0.000	0.268
happy	0.006	0.000	0.001	0.644	0.071	0.000	0.278
happy	0.005	0.000	0.001	0.781	0.035	0.000	0.179
happy	0.071	0.000	0.025	0.651	0.092	0.013	0.149
happy	0.004	0.000	0.000	0.734	0.012	0.000	0.250
happy	0.001	0.000	0.000	0.935	0.006	0.000	0.057
happy	0.001	0.000	0.000	0.950	0.007	0.000	0.041
happy	0.001	0.000	0.001	0.922	0.012	0.000	0.064
happy	0.003	0.000	0.001	0.818	0.022	0.000	0.156
happy	0.001	0.000	0.000	0.921	0.004	0.000	0.074
happy	0.159	0.000	0.043	0.606	0.074	0.015	0.103
happy	0.001	0.000	0.000	0.883	0.007	0.000	0.109
happy	0.129	0.000	0.035	0.552	0.094	0.013	0.177
happy	0.002	0.000	0.000	0.908	0.007	0.000	0.082
happy	0.002	0.000	0.000	0.904	0.010	0.000	0.083
happy	0.003	0.000	0.001	0.817	0.020	0.000	0.160
happy	0.105	0.000	0.067	0.643	0.074	0.014	0.097
happy	0.004	0.000	0.001	0.792	0.013	0.000	0.189
happy	0.011	0.000	0.001	0.750	0.025	0.000	0.213
happy	0.126	0.000	0.031	0.642	0.103	0.010	0.088
happy	0.002	0.000	0.000	0.867	0.010	0.000	0.120
happy	0.003	0.000	0.000	0.723	0.016	0.000	0.257
happy	0.003	0.000	0.001	0.796	0.022	0.000	0.178
happy	0.007	0.000	0.000	0.756	0.014	0.000	0.223
happy	0.004	0.000	0.000	0.765	0.040	0.000	0.191
happy	0.005	0.000	0.000	0.794	0.017	0.000	0.183
happy	0.005	0.000	0.000	0.778	0.021	0.000	0.196
happy	0.006	0.000	0.001	0.814	0.019	0.000	0.161
happy	0.093	0.000	0.029	0.688	0.093	0.008	0.089
happy	0.004	0.000	0.000	0.831	0.015	0.000	0.150
happy	0.169	0.000	0.038	0.521	0.114	0.010	0.148
happy	0.005	0.000	0.000	0.802	0.025	0.000	0.167
happy	0.156	0.000	0.053	0.497	0.207	0.010	0.077
happy	0.003	0.000	0.000	0.792	0.020	0.000	0.184
happy	0.094	0.000	0.049	0.631	0.109	0.009	0.109
happy	0.006	0.000	0.001	0.833	0.028	0.000	0.132
happy	0.164	0.000	0.057	0.541	0.143	0.008	0.086
happy	0.004	0.000	0.000	0.719	0.019	0.000	0.258
happy	0.003	0.000	0.000	0.873	0.011	0.000	0.112
happy	0.008	0.000	0.001	0.753	0.045	0.000	0.194
