prediction	angry	disgust	fear	happy	sad	surprise	neutral
neutral	0.212	0.000	0.056	0.001	0.110	0.001	0.621
neutral	0.115	0.000	0.099	0.002	0.165	0.003	0.615
neutral	0.174	0.000	0.151	0.001	0.259	0.001	0.414
sad	0.085	0.000	0.047	0.042	0.407	0.047	0.372
neutral	0.071	0.000	0.046	0.002	0.106	0.000	0.774
neutral	0.116	0.000	0.061	0.003	0.133	0.001	0.687
neutral	0.145	0.000	0.066	0.001	0.170	0.001	0.616
neutral	0.101	0.001	0.084	0.001	0.202	0.001	0.609
neutral	0.105	0.001	0.077	0.001	0.155	0.001	0.661
neutral	0.046	0.003	0.044	0.002	0.125	0.001	0.778
neutral	0.081	0.004	0.068	0.001	0.142	0.001	0.703
neutral	0.065	0.002	0.066	0.002	0.181	0.002	0.682
neutral	0.048	0.002	0.039	0.001	0.113	0.001	0.795
sad	0.089	0.000	0.044	0.031	0.451	0.084	0.301
neutral	0.099	0.001	0.106	0.001	0.202	0.001	0.591
neutral	0.059	0.004	0.066	0.001	0.159	0.000	0.711
neutral	0.036	0.002	0.042	0.001	0.108	0.001	0.810
neutral	0.102	0.001	0.107	0.000	0.217	0.000	0.573
neutral	0.040	0.005	0.043	0.001	0.105	0.000	0.805
neutral	0.052	0.003	0.062	0.001	0.144	0.001	0.738
neutral	0.043	0.007	0.047	0.001	0.119	0.000	0.784
neutral	0.066	0.006	0.060	0.001	0.182	0.000	0.686
neutral	0.041	0.004	0.041	0.001	0.119	0.001	0.794
neutral	0.072	0.001	0.069	0.001	0.148	0.001	0.709
neutral	0.080	0.001	0.063	0.001	0.161	0.001	0.695
neutral	0.151	0.002	0.132	0.003	0.269	0.000	0.442
neutral	0.156	0.000	0.123	0.002	0.179	0.000	0.539
neutral	0.061	0.000	0.052	0.002	0.236	0.000	0.648
neutral	0.067	0.000	0.053	0.006	0.141	0.000	0.732
neutral	0.047	0.000	0.030	0.002	0.107	0.000	0.814
neutral	0.026	0.001	0.044	0.019	0.229	0.001	0.680
neutral	0.067	0.000	0.030	0.004	0.113	0.000	0.786
neutral	0.087	0.000	0.032	0.001	0.146	0.000	0.734
neutral	0.049	0.000	0.028	0.002	0.190	0.000	0.731
neutral	0.085	0.000	0.032	0.001	0.264	0.000	0.619
neutral	0.066	0.000	0.052	0.001	0.257	0.000	0.624
neutral	0.042	0.001	0.040	0.002	0.181	0.000	0.734
neutral	0.052	0.000	0.026	0.001	0.175	0.000	0.745
neutral	0.052	0.001	0.051	0.001	0.289	0.000	0.607
neutral	0.060	0.001	0.036	0.002	0.259	0.000	0.643
neutral	0.084	0.000	0.055	0.001	0.237	0.000	0.623
neutral	0.074	0.001	0.030	0.002	0.221	0.000	0.672
neutral	0.117	0.000	0.034	0.001	0.188	0.000	0.660
neutral	0.074	0.001	0.049	0.001	0.296	0.000	0.579
neutral	0.078	0.000	0.035	0.003	0.150	0.000	0.734
neutral	0.069	0.000	0.044	0.002	0.188	0.000	0.696
neutral	0.044	0.001	0.051	0.002	0.275	0.000	0.627
neutral	0.050	0.000	0.071	0.003	0.271	0.000	0.604
neutral	0.061	0.001	0.079	0.004	0.296	0.000	0.558
neutral	0.040	0.001	0.079	0.003	0.268	0.000	0.609
neutral	0.044	0.001	0.048	0.002	0.299	0.000	0.606
neutral	0.049	0.000	0.047	0.002	0.228	0.000	0.674
neutral	0.047	0.001	0.042	0.006	0.168	0.000	0.736
neutral	0.080	0.001	0.064	0.005	0.201	0.000	0.649
neutral	0.092	0.000	0.051	0.003	0.193	0.000	0.661
neutral	0.051	0.001	0.039	0.003	0.242	0.000	0.664
neutral	0.130	0.000	0.106	0.001	0.310	0.000	0.453
neutral	0.077	0.000	0.068	0.001	0.271	0.000	0.582
neutral	0.074	0.001	0.065	0.005	0.186	0.000	0.670
neutral	0.052	0.015	0.038	0.024	0.251	0.001	0.621
neutral	0.052	0.010	0.027	0.025	0.207	0.001	0.679
neutral	0.075	0.020	0.059	0.030	0.338	0.001	0.477
neutral	0.047	0.011	0.071	0.010	0.315	0.000	0.546
sad	0.058	0.013	0.132	0.004	0.442	0.000	0.350
neutral	0.105	0.009	0.137	0.005	0.301	0.001	0.441
neutral	0.138	0.022	0.196	0.008	0.262	0.003	0.370
neutral	0.176	0.006	0.206	0.013	0.274	0.014	0.311
neutral	0.180	0.011	0.095	0.020	0.263	0.005	0.427
sad	0.292	0.008	0.145	0.013	0.341	0.015	0.186
neutral	0.080	0.009	0.195	0.021	0.179	0.008	0.507
neutral	0.199	0.003	0.130	0.007	0.305	0.003	0.353
neutral	0.164	0.005	0.122	0.018	0.317	0.003	0.371
neutral	0.135	0.034	0.086	0.029	0.132	0.003	0.580
neutral	0.292	0.005	0.121	0.030	0.169	0.006	0.376
neutral	0.173	0.003	0.178	0.008	0.245	0.004	0.390
neutral	0.171	0.003	0.142	0.006	0.296	0.002	0.380
neutral	0.145	0.002	0.121	0.010	0.293	0.001	0.428
neutral	0.156	0.001	0.175	0.010	0.180	0.001	0.477
neutral	0.071	0.000	0.124	0.002	0.167	0.001	0.636
neutral	0.108	0.002	0.133	0.009	0.289	0.000	0.458
neutral	0.118	0.000	0.258	0.006	0.225	0.001	0.392
neutral	0.089	0.002	0.098	0.005	0.287	0.001	0.518
neutral	0.091	0.001	0.078	0.009	0.194	0.000	0.627
neutral	0.123	0.001	0.189	0.004	0.285	0.001	0.397
sad	0.132	0.002	0.148	0.007	0.413	0.001	0.298
neutral	0.043	0.001	0.051	0.018	0.133	0.000	0.754
neutral	0.054	0.002	0.045	0.026	0.122	0.001	0.750
sad	0.065	0.011	0.128	0.008	0.410	0.000	0.377
neutral	0.080	0.004	0.036	0.006	0.255	0.000	0.618
sad	0.078	0.004	0.074	0.001	0.466	0.000	0.378
sad	0.061	0.012	0.071	0.000	0.457	0.000	0.398
neutral	0.171	0.009	0.046	0.003	0.383	0.000	0.387
neutral	0.212	0.006	0.032	0.002	0.292	0.000	0.455
neutral	0.099	0.003	0.031	0.008	0.192	0.000	0.666
neutral	0.108	0.002	0.059	0.006	0.223	0.000	0.600
neutral	0.061	0.001	0.042	0.003	0.274	0.000	0.619
neutral	0.098	0.000	0.084	0.071	0.345	0.021	0.381
neutral	0.084	0.005	0.054	0.007	0.281	0.001	0.569
neutral	0.071	0.002	0.046	0.003	0.278	0.000	0.601
neutral	0.081	0.001	0.030	0.004	0.171	0.000	0.712
neutral	0.058	0.001	0.030	0.002	0.209	0.000	0.699
neutral	0.118	0.001	0.053	0.002	0.230	0.000	0.596
neutral	0.155	0.001	0.032	0.002	0.268	0.000	0.542
neutral	0.045	0.001	0.014	0.005	0.133	0.000	0.801
neutral	0.029	0.002	0.020	0.007	0.092	0.000	0.849
neutral	0.040	0.001	0.028	0.007	0.120	0.001	0.803
neutral	0.033	0.002	0.022	0.012	0.127	0.001	0.803
neutral	0.021	0.001	0.027	0.013	0.103	0.001	0.834
neutral	0.044	0.002	0.027	0.005	0.198	0.000	0.725
neutral	0.025	0.005	0.024	0.003	0.186	0.001	0.756
neutral	0.027	0.001	0.032	0.007	0.121	0.001	0.811
sad	0.115	0.000	0.121	0.243	0.313	0.041	0.168
neutral	0.062	0.003	0.036	0.001	0.270	0.001	0.627
neutral	0.032	0.005	0.028	0.005	0.135	0.000	0.794
neutral	0.069	0.000	0.095	0.183	0.246	0.065	0.343
neutral	0.046	0.003	0.026	0.008	0.127	0.000	0.789
sad	0.105	0.000	0.089	0.182	0.303	0.036	0.284
neutral	0.019	0.004	0.021	0.007	0.111	0.001	0.837
sad	0.089	0.000	0.090	0.215	0.349	0.047	0.210
neutral	0.022	0.018	0.030	0.003	0.178	0.000	0.748
neutral	0.040	0.003	0.026	0.004	0.143	0.000	0.782
sad	0.099	0.000	0.123	0.193	0.337	0.073	0.175
neutral	0.041	0.002	0.023	0.004	0.118	0.000	0.812
neutral	0.095	0.000	0.047	0.277	0.134	0.104	0.345
neutral	0.069	0.001	0.033	0.003	0.146	0.000	0.746
neutral	0.101	0.000	0.071	0.325	0.114	0.038	0.351
neutral	0.078	0.007	0.035	0.004	0.191	0.000	0.686
happy	0.035	0.000	0.032	0.442	0.127	0.068	0.296
neutral	0.057	0.002	0.037	0.004	0.139	0.000	0.761
neutral	0.129	0.000	0.085	0.182	0.259	0.074	0.271
neutral	0.071	0.003	0.029	0.006	0.163	0.001	0.727
neutral	0.115	0.000	0.065	0.099	0.286	0.034	0.400
neutral	0.077	0.002	0.037	0.003	0.180	0.000	0.701
neutral	0.072	0.000	0.074	0.231	0.239	0.032	0.352
neutral	0.063	0.002	0.031	0.003	0.166	0.001	0.734
neutral	0.113	0.000	0.053	0.154	0.259	0.048	0.373
neutral	0.086	0.001	0.036	0.004	0.154	0.001	0.719
sad	0.102	0.000	0.055	0.202	0.306	0.077	0.258
neutral	0.064	0.002	0.047	0.004	0.179	0.000	0.704
neutral	0.077	0.003	0.045	0.004	0.217	0.001	0.654
neutral	0.097	0.000	0.043	0.233	0.224	0.061	0.341
neutral	0.068	0.011	0.047	0.003	0.278	0.000	0.592
happy	0.137	0.000	0.059	0.321	0.218	0.058	0.207
neutral	0.036	0.003	0.027	0.003	0.143	0.000	0.788
happy	0.061	0.000	0.096	0.307	0.225	0.065	0.246
neutral	0.061	0.008	0.039	0.004	0.233	0.000	0.656
neutral	0.099	0.000	0.073	0.199	0.153	0.068	0.408
neutral	0.047	0.006	0.050	0.002	0.277	0.000	0.618
neutral	0.055	0.000	0.057	0.232	0.214	0.032	0.409
neutral	0.063	0.003	0.047	0.005	0.196	0.000	0.687
neutral	0.072	0.004	0.045	0.004	0.226	0.000	0.649
neutral	0.052	0.002	0.032	0.003	0.189	0.000	0.722
neutral	0.057	0.001	0.041	0.005	0.132	0.000	0.763
neutral	0.049	0.001	0.029	0.005	0.124	0.001	0.791
neutral	0.049	0.004	0.047	0.002	0.211	0.000	0.687
neutral	0.061	0.000	0.156	0.132	0.250	0.075	0.325
neutral	0.045	0.005	0.044	0.003	0.193	0.000	0.710
neutral	0.048	0.000	0.053	0.285	0.183	0.067	0.364
neutral	0.038	0.007	0.053	0.002	0.177	0.000	0.723
neutral	0.054	0.000	0.058	0.306	0.149	0.042	0.391
neutral	0.037	0.001	0.037	0.002	0.132	0.000	0.790
neutral	0.088	0.000	0.090	0.171	0.184	0.072	0.394
neutral	0.034	0.001	0.046	0.003	0.150	0.000	0.766
neutral	0.080	0.000	0.064	0.148	0.148	0.090	0.471
neutral	0.058	0.003	0.077	0.002	0.202	0.000	0.658
neutral	0.058	0.000	0.060	0.163	0.210	0.059	0.451
neutral	0.070	0.003	0.048	0.003	0.194	0.000	0.681
neutral	0.144	0.000	0.041	0.147	0.274	0.057	0.336
neutral	0.061	0.001	0.042	0.002	0.147	0.000	0.747
happy	0.128	0.000	0.078	0.276	0.233	0.104	0.180
neutral	0.040	0.002	0.047	0.002	0.145	0.000	0.764
neutral	0.111	0.000	0.062	0.146	0.278	0.058	0.345
neutral	0.040	0.005	0.050	0.002	0.153	0.000	0.750
neutral	0.104	0.000	0.049	0.176	0.214	0.053	0.405
neutral	0.052	0.003	0.083	0.002	0.162	0.001	0.697
neutral	0.057	0.000	0.058	0.321	0.114	0.066	0.384
neutral	0.058	0.001	0.081	0.001	0.161	0.000	0.697
happy	0.056	0.000	0.092	0.319	0.178	0.040	0.315
neutral	0.054	0.002	0.071	0.002	0.189	0.001	0.680
neutral	0.119	0.000	0.048	0.146	0.155	0.125	0.407
neutral	0.048	0.004	0.091	0.005	0.201	0.001	0.650
neutral	0.032	0.000	0.047	0.171	0.173	0.054	0.523
neutral	0.051	0.004	0.073	0.003	0.173	0.000	0.696
neutral	0.076	0.000	0.069	0.179	0.176	0.073	0.427
neutral	0.055	0.006	0.064	0.003	0.185	0.000	0.687
neutral	0.096	0.000	0.064	0.165	0.177	0.130	0.367
neutral	0.051	0.003	0.081	0.004	0.185	0.001	0.675
neutral	0.067	0.000	0.064	0.199	0.142	0.059	0.469
neutral	0.027	0.003	0.056	0.002	0.198	0.000	0.714
neutral	0.118	0.000	0.098	0.213	0.165	0.094	0.312
neutral	0.057	0.009	0.070	0.003	0.277	0.000	0.584
neutral	0.185	0.000	0.096	0.118	0.232	0.083	0.285
neutral	0.033	0.007	0.064	0.002	0.189	0.000	0.704
neutral	0.146	0.000	0.078	0.136	0.205	0.071	0.364
neutral	0.026	0.008	0.050	0.004	0.134	0.000	0.778
neutral	0.086	0.000	0.055	0.257	0.148	0.082	0.372
sad	0.075	0.020	0.077	0.001	0.467	0.000	0.359
neutral	0.078	0.000	0.040	0.206	0.265	0.063	0.348
neutral	0.058	0.007	0.049	0.002	0.182	0.000	0.700
neutral	0.085	0.000	0.064	0.173	0.139	0.080	0.459
neutral	0.060	0.002	0.072	0.002	0.178	0.001	0.686
sad	0.100	0.000	0.086	0.264	0.265	0.030	0.254
neutral	0.075	0.002	0.055	0.002	0.166	0.000	0.699
neutral	0.084	0.000	0.048	0.292	0.178	0.047	0.351
neutral	0.072	0.001	0.039	0.003	0.167	0.000	0.719
neutral	0.068	0.004	0.040	0.002	0.177	0.001	0.708
neutral	0.063	0.003	0.034	0.005	0.176	0.000	0.719
neutral	0.062	0.005	0.066	0.006	0.156	0.002	0.703
neutral	0.053	0.002	0.043	0.004	0.133	0.001	0.765
neutral	0.089	0.001	0.060	0.004	0.131	0.002	0.714
neutral	0.077	0.000	0.034	0.002	0.095	0.001	0.790
neutral	0.060	0.001	0.033	0.003	0.119	0.002	0.782
neutral	0.163	0.001	0.050	0.003	0.201	0.002	0.581
neutral	0.110	0.002	0.037	0.003	0.290	0.001	0.556
neutral	0.138	0.001	0.030	0.003	0.203	0.001	0.625
neutral	0.214	0.001	0.054	0.002	0.177	0.004	0.548
neutral	0.188	0.000	0.041	0.007	0.219	0.013	0.531
neutral	0.197	0.001	0.061	0.004	0.218	0.003	0.516
neutral	0.122	0.001	0.041	0.002	0.155	0.004	0.676
neutral	0.089	0.002	0.025	0.005	0.089	0.001	0.789
neutral	0.125	0.004	0.053	0.004	0.158	0.001	0.656
neutral	0.074	0.002	0.024	0.006	0.117	0.001	0.776
neutral	0.071	0.002	0.079	0.005	0.152	0.002	0.690
neutral	0.081	0.003	0.053	0.003	0.184	0.002	0.674
neutral	0.113	0.002	0.065	0.001	0.243	0.002	0.574
neutral	0.114	0.001	0.057	0.002	0.179	0.001	0.648
neutral	0.055	0.002	0.018	0.003	0.094	0.000	0.829
neutral	0.080	0.002	0.057	0.005	0.151	0.001	0.705
neutral	0.131	0.001	0.093	0.005	0.170	0.002	0.597
neutral	0.072	0.001	0.041	0.004	0.134	0.001	0.748
neutral	0.125	0.001	0.041	0.004	0.116	0.001	0.712
neutral	0.084	0.002	0.032	0.002	0.126	0.002	0.751
neutral	0.105	0.001	0.080	0.002	0.262	0.001	0.549
neutral	0.097	0.001	0.041	0.002	0.160	0.002	0.697
neutral	0.092	0.003	0.043	0.002	0.195	0.001	0.664
neutral	0.077	0.002	0.045	0.002	0.202	0.001	0.671
neutral	0.089	0.007	0.092	0.002	0.262	0.001	0.547
neutral	0.068	0.002	0.036	0.001	0.162	0.000	0.730
neutral	0.061	0.002	0.018	0.002	0.096	0.000	0.821
neutral	0.090	0.002	0.061	0.001	0.240	0.001	0.605
neutral	0.089	0.012	0.144	0.002	0.254	0.002	0.496
neutral	0.071	0.002	0.040	0.002	0.157	0.001	0.727
neutral	0.058	0.001	0.019	0.002	0.092	0.000	0.826
neutral	0.057	0.001	0.020	0.002	0.099	0.000	0.821
neutral	0.063	0.002	0.023	0.002	0.128	0.000	0.782
neutral	0.056	0.001	0.024	0.002	0.116	0.000	0.801
neutral	0.056	0.001	0.024	0.002	0.108	0.000	0.809
neutral	0.094	0.003	0.062	0.006	0.186	0.001	0.648
neutral	0.144	0.002	0.057	0.002	0.133	0.001	0.663
neutral	0.111	0.003	0.101	0.002	0.282	0.001	0.500
neutral	0.132	0.002	0.068	0.002	0.154	0.001	0.641
neutral	0.108	0.001	0.083	0.001	0.228	0.001	0.579
neutral	0.071	0.001	0.032	0.003	0.146	0.000	0.746
neutral	0.100	0.002	0.068	0.001	0.231	0.001	0.597
neutral	0.064	0.001	0.024	0.002	0.113	0.000	0.795
neutral	0.049	0.001	0.022	0.002	0.100	0.000	0.825
neutral	0.124	0.005	0.119	0.003	0.290	0.001	0.457
neutral	0.114	0.005	0.137	0.001	0.370	0.001	0.372
neutral	0.139	0.002	0.086	0.001	0.259	0.000	0.513
neutral	0.060	0.001	0.027	0.002	0.111	0.000	0.799
neutral	0.094	0.001	0.028	0.001	0.119	0.000	0.758
neutral	0.091	0.002	0.043	0.002	0.175	0.000	0.687
neutral	0.078	0.001	0.029	0.001	0.127	0.000	0.762
neutral	0.164	0.001	0.061	0.003	0.155	0.001	0.616
neutral	0.082	0.001	0.046	0.002	0.164	0.000	0.704
neutral	0.121	0.001	0.068	0.002	0.196	0.001	0.612
neutral	0.074	0.002	0.020	0.002	0.105	0.000	0.796
neutral	0.110	0.003	0.038	0.002	0.158	0.000	0.689
neutral	0.104	0.003	0.053	0.002	0.184	0.000	0.654
neutral	0.127	0.001	0.087	0.001	0.227	0.001	0.556
neutral	0.107	0.006	0.119	0.002	0.294	0.001	0.473
neutral	0.090	0.001	0.036	0.001	0.130	0.000	0.741
neutral	0.112	0.005	0.104	0.001	0.264	0.001	0.513
neutral	0.119	0.002	0.075	0.001	0.241	0.000	0.561
neutral	0.103	0.004	0.110	0.001	0.290	0.000	0.492
neutral	0.085	0.007	0.092	0.001	0.256	0.001	0.558
neutral	0.079	0.002	0.067	0.001	0.200	0.000	0.652
neutral	0.075	0.002	0.058	0.001	0.176	0.000	0.688
neutral	0.131	0.004	0.048	0.001	0.244	0.000	0.572
neutral	0.148	0.005	0.042	0.001	0.221	0.000	0.582
neutral	0.103	0.001	0.114	0.001	0.268	0.000	0.512
sad	0.138	0.005	0.156	0.001	0.355	0.001	0.345
neutral	0.059	0.001	0.021	0.006	0.103	0.001	0.809
neutral	0.072	0.001	0.023	0.001	0.101	0.000	0.803
neutral	0.039	0.001	0.014	0.001	0.082	0.000	0.863
neutral	0.044	0.000	0.038	0.000	0.240	0.001	0.677
neutral	0.086	0.000	0.050	0.001	0.219	0.001	0.644
neutral	0.127	0.000	0.055	0.001	0.212	0.001	0.605
neutral	0.197	0.000	0.077	0.001	0.252	0.001	0.472
neutral	0.148	0.000	0.077	0.000	0.347	0.001	0.427
neutral	0.134	0.000	0.082	0.002	0.240	0.001	0.542
neutral	0.089	0.001	0.048	0.001	0.284	0.001	0.577
neutral	0.138	0.000	0.046	0.001	0.211	0.000	0.603
neutral	0.219	0.001	0.098	0.001	0.282	0.000	0.400
neutral	0.181	0.000	0.079	0.001	0.274	0.000	0.464
neutral	0.155	0.000	0.047	0.001	0.239	0.000	0.558
neutral	0.214	0.000	0.053	0.001	0.190	0.000	0.542
neutral	0.146	0.001	0.046	0.001	0.282	0.000	0.524
neutral	0.075	0.000	0.061	0.003	0.221	0.000	0.639
neutral	0.138	0.002	0.078	0.002	0.350	0.001	0.430
neutral	0.092	0.000	0.031	0.002	0.157	0.000	0.718
neutral	0.133	0.000	0.082	0.002	0.238	0.000	0.545
neutral	0.068	0.001	0.043	0.004	0.202	0.000	0.683
neutral	0.061	0.000	0.045	0.003	0.148	0.000	0.743
neutral	0.105	0.003	0.039	0.002	0.383	0.000	0.468
neutral	0.157	0.001	0.032	0.004	0.182	0.000	0.624
neutral	0.092	0.001	0.023	0.001	0.328	0.000	0.555
neutral	0.161	0.001	0.016	0.004	0.237	0.000	0.581
neutral	0.307	0.001	0.039	0.002	0.241	0.000	0.409
neutral	0.222	0.001	0.029	0.004	0.178	0.000	0.565
neutral	0.205	0.000	0.025	0.002	0.248	0.000	0.520
neutral	0.195	0.000	0.025	0.003	0.182	0.000	0.594
neutral	0.157	0.001	0.026	0.002	0.224	0.000	0.590
neutral	0.194	0.002	0.033	0.004	0.217	0.000	0.550
neutral	0.121	0.001	0.028	0.003	0.272	0.000	0.576
neutral	0.300	0.001	0.059	0.004	0.244	0.000	0.392
neutral	0.235	0.001	0.022	0.003	0.189	0.000	0.550
neutral	0.201	0.001	0.015	0.004	0.203	0.000	0.576
neutral	0.206	0.002	0.035	0.004	0.218	0.000	0.535
neutral	0.193	0.002	0.032	0.004	0.184	0.000	0.586
neutral	0.148	0.002	0.045	0.006	0.210	0.001	0.589
neutral	0.252	0.001	0.020	0.002	0.216	0.000	0.509
neutral	0.154	0.002	0.051	0.002	0.229	0.001	0.563
neutral	0.215	0.003	0.045	0.002	0.243	0.000	0.491
neutral	0.171	0.003	0.036	0.001	0.233	0.000	0.555
neutral	0.248	0.006	0.041	0.001	0.281	0.000	0.422
neutral	0.185	0.002	0.066	0.002	0.214	0.000	0.531
neutral	0.179	0.001	0.054	0.001	0.210	0.000	0.555
neutral	0.158	0.001	0.045	0.001	0.259	0.000	0.536
neutral	0.102	0.003	0.032	0.001	0.247	0.000	0.615
neutral	0.145	0.002	0.056	0.001	0.255	0.000	0.541
neutral	0.133	0.001	0.027	0.002	0.249	0.000	0.587
neutral	0.102	0.002	0.025	0.003	0.243	0.000	0.624
neutral	0.203	0.001	0.043	0.001	0.290	0.000	0.463
neutral	0.152	0.001	0.028	0.002	0.291	0.000	0.527
neutral	0.140	0.000	0.029	0.002	0.217	0.000	0.612
neutral	0.125	0.001	0.027	0.003	0.228	0.000	0.616
neutral	0.099	0.003	0.025	0.004	0.209	0.000	0.660
neutral	0.185	0.001	0.051	0.001	0.295	0.000	0.466
neutral	0.235	0.004	0.036	0.001	0.308	0.000	0.416
sad	0.175	0.001	0.037	0.001	0.396	0.000	0.390
