prediction	angry	disgust	fear	happy	sad	surprise	neutral
neutral	0.050	0.000	0.010	0.304	0.069	0.001	0.567
neutral	0.048	0.000	0.020	0.029	0.101	0.001	0.801
neutral	0.046	0.000	0.021	0.020	0.102	0.000	0.810
neutral	0.066	0.000	0.020	0.026	0.095	0.000	0.793
neutral	0.037	0.000	0.022	0.019	0.116	0.001	0.805
neutral	0.059	0.000	0.022	0.049	0.123	0.001	0.746
neutral	0.055	0.000	0.024	0.056	0.094	0.001	0.770
neutral	0.071	0.000	0.021	0.039	0.110	0.001	0.758
neutral	0.040	0.001	0.014	0.036	0.090	0.001	0.818
neutral	0.061	0.000	0.018	0.092	0.087	0.001	0.740
neutral	0.044	0.003	0.055	0.023	0.229	0.001	0.644
neutral	0.036	0.001	0.053	0.040	0.310	0.001	0.559
neutral	0.066	0.002	0.015	0.313	0.057	0.001	0.546
happy	0.045	0.001	0.006	0.619	0.027	0.001	0.301
neutral	0.085	0.006	0.029	0.174	0.199	0.001	0.507
neutral	0.123	0.011	0.022	0.207	0.105	0.001	0.530
neutral	0.112	0.004	0.017	0.146	0.078	0.001	0.642
neutral	0.036	0.001	0.007	0.374	0.028	0.001	0.554
neutral	0.070	0.001	0.011	0.369	0.043	0.001	0.505
happy	0.033	0.000	0.005	0.627	0.019	0.001	0.315
happy	0.048	0.001	0.008	0.492	0.039	0.001	0.411
neutral	0.040	0.001	0.011	0.402	0.036	0.001	0.509
neutral	0.034	0.001	0.011	0.434	0.029	0.001	0.490
happy	0.041	0.000	0.009	0.503	0.028	0.001	0.417
neutral	0.060	0.001	0.012	0.347	0.042	0.001	0.535
neutral	0.047	0.000	0.012	0.418	0.038	0.001	0.483
neutral	0.048	0.001	0.014	0.279	0.048	0.001	0.609
neutral	0.055	0.002	0.017	0.250	0.058	0.001	0.617
neutral	0.052	0.001	0.017	0.230	0.066	0.002	0.633
neutral	0.065	0.000	0.019	0.212	0.054	0.001	0.649
neutral	0.055	0.000	0.021	0.150	0.068	0.001	0.704
neutral	0.071	0.000	0.018	0.303	0.063	0.001	0.543
neutral	0.048	0.000	0.014	0.147	0.050	0.000	0.740
neutral	0.078	0.000	0.020	0.343	0.069	0.001	0.489
neutral	0.069	0.001	0.021	0.176	0.093	0.001	0.639
neutral	0.077	0.001	0.025	0.094	0.118	0.001	0.684
neutral	0.061	0.001	0.029	0.213	0.129	0.001	0.568
neutral	0.081	0.001	0.019	0.154	0.119	0.002	0.626
neutral	0.089	0.001	0.026	0.210	0.098	0.002	0.574
neutral	0.055	0.000	0.018	0.094	0.084	0.001	0.748
neutral	0.066	0.001	0.021	0.134	0.116	0.001	0.661
neutral	0.049	0.001	0.012	0.199	0.075	0.000	0.663
neutral	0.054	0.003	0.009	0.321	0.057	0.001	0.554
neutral	0.047	0.002	0.013	0.288	0.048	0.002	0.601
neutral	0.082	0.003	0.018	0.283	0.065	0.004	0.545
neutral	0.049	0.011	0.021	0.135	0.070	0.008	0.706
neutral	0.094	0.017	0.019	0.300	0.056	0.007	0.508
happy	0.024	0.003	0.001	0.784	0.014	0.001	0.174
happy	0.009	0.001	0.001	0.910	0.008	0.000	0.071
happy	0.029	0.002	0.006	0.828	0.053	0.011	0.070
happy	0.017	0.000	0.003	0.965	0.008	0.001	0.005
happy	0.004	0.000	0.000	0.995	0.000	0.000	0.001
happy	0.010	0.000	0.000	0.989	0.000	0.000	0.000
happy	0.007	0.000	0.000	0.990	0.001	0.000	0.002
happy	0.005	0.000	0.000	0.992	0.001	0.000	0.002
happy	0.003	0.000	0.000	0.979	0.001	0.000	0.016
happy	0.003	0.000	0.000	0.977	0.002	0.000	0.018
happy	0.007	0.000	0.001	0.984	0.002	0.001	0.005
happy	0.013	0.000	0.002	0.960	0.005	0.001	0.019
happy	0.010	0.000	0.003	0.748	0.016	0.003	0.220
happy	0.011	0.001	0.002	0.756	0.009	0.002	0.219
happy	0.003	0.000	0.000	0.996	0.000	0.000	0.001
happy	0.009	0.000	0.000	0.989	0.000	0.001	0.000
happy	0.004	0.000	0.000	0.992	0.001	0.001	0.002
happy	0.001	0.000	0.000	0.979	0.001	0.000	0.019
happy	0.001	0.000	0.000	0.996	0.000	0.000	0.002
happy	0.015	0.000	0.001	0.983	0.001	0.001	0.000
happy	0.030	0.000	0.001	0.960	0.004	0.003	0.001
happy	0.009	0.002	0.002	0.761	0.011	0.007	0.207
happy	0.007	0.002	0.001	0.804	0.008	0.003	0.176
happy	0.005	0.000	0.001	0.965	0.002	0.001	0.027
happy	0.024	0.004	0.003	0.606	0.025	0.006	0.331
happy	0.034	0.004	0.007	0.508	0.033	0.009	0.405
happy	0.052	0.001	0.005	0.843	0.029	0.006	0.064
happy	0.021	0.001	0.002	0.890	0.007	0.001	0.078
happy	0.092	0.001	0.004	0.868	0.012	0.003	0.021
happy	0.071	0.004	0.016	0.688	0.025	0.004	0.191
happy	0.035	0.003	0.004	0.496	0.015	0.006	0.441
happy	0.012	0.001	0.006	0.580	0.016	0.011	0.373
happy	0.021	0.000	0.001	0.968	0.002	0.004	0.004
happy	0.028	0.001	0.006	0.663	0.022	0.004	0.276
neutral	0.104	0.011	0.042	0.046	0.153	0.001	0.643
neutral	0.076	0.002	0.015	0.256	0.062	0.003	0.585
happy	0.059	0.001	0.008	0.686	0.040	0.006	0.199
happy	0.037	0.001	0.015	0.612	0.040	0.030	0.264
happy	0.026	0.000	0.008	0.652	0.025	0.024	0.265
happy	0.056	0.002	0.017	0.664	0.049	0.019	0.193
happy	0.080	0.002	0.018	0.695	0.049	0.024	0.132
happy	0.052	0.001	0.009	0.840	0.022	0.012	0.066
happy	0.010	0.000	0.001	0.872	0.007	0.003	0.107
happy	0.039	0.000	0.004	0.939	0.008	0.006	0.006
happy	0.126	0.000	0.006	0.847	0.009	0.011	0.001
happy	0.042	0.000	0.004	0.934	0.005	0.006	0.009
happy	0.012	0.000	0.000	0.689	0.008	0.002	0.288
happy	0.020	0.000	0.004	0.799	0.019	0.003	0.154
happy	0.133	0.001	0.021	0.548	0.051	0.007	0.238
happy	0.126	0.002	0.014	0.599	0.040	0.004	0.215
happy	0.110	0.003	0.022	0.528	0.053	0.009	0.274
happy	0.032	0.001	0.017	0.642	0.041	0.006	0.262
happy	0.037	0.005	0.016	0.509	0.049	0.029	0.355
happy	0.034	0.004	0.015	0.455	0.050	0.034	0.407
happy	0.042	0.003	0.008	0.483	0.040	0.004	0.420
happy	0.100	0.001	0.021	0.449	0.050	0.004	0.374
happy	0.096	0.000	0.014	0.840	0.018	0.005	0.027
happy	0.065	0.000	0.005	0.912	0.009	0.004	0.005
happy	0.033	0.000	0.001	0.962	0.002	0.001	0.001
happy	0.077	0.000	0.002	0.915	0.003	0.002	0.001
happy	0.005	0.000	0.000	0.993	0.000	0.000	0.001
happy	0.002	0.000	0.000	0.997	0.000	0.000	0.001
happy	0.005	0.000	0.000	0.993	0.000	0.000	0.001
happy	0.012	0.000	0.001	0.974	0.002	0.000	0.010
happy	0.008	0.001	0.002	0.808	0.009	0.002	0.170
happy	0.024	0.000	0.002	0.954	0.006	0.004	0.010
happy	0.099	0.000	0.005	0.885	0.007	0.002	0.001
happy	0.029	0.000	0.002	0.960	0.003	0.004	0.002
happy	0.019	0.000	0.001	0.975	0.001	0.002	0.001
happy	0.006	0.000	0.001	0.989	0.001	0.001	0.002
happy	0.004	0.000	0.001	0.925	0.002	0.001	0.066
happy	0.003	0.000	0.001	0.913	0.003	0.002	0.078
happy	0.002	0.000	0.001	0.939	0.002	0.002	0.054
happy	0.003	0.000	0.002	0.886	0.010	0.000	0.099
happy	0.001	0.000	0.001	0.941	0.002	0.001	0.054
happy	0.002	0.000	0.000	0.882	0.003	0.001	0.112
happy	0.001	0.000	0.000	0.964	0.002	0.001	0.031
happy	0.001	0.000	0.000	0.965	0.001	0.002	0.031
happy	0.001	0.000	0.000	0.958	0.002	0.002	0.038
happy	0.002	0.000	0.000	0.942	0.002	0.001	0.051
happy	0.003	0.000	0.001	0.938	0.002	0.002	0.054
happy	0.002	0.000	0.000	0.976	0.001	0.000	0.021
happy	0.005	0.000	0.001	0.982	0.002	0.002	0.009
happy	0.019	0.000	0.002	0.952	0.007	0.003	0.016
happy	0.054	0.001	0.008	0.857	0.027	0.007	0.047
happy	0.052	0.001	0.004	0.911	0.010	0.002	0.019
happy	0.054	0.002	0.006	0.856	0.023	0.005	0.053
happy	0.049	0.001	0.003	0.919	0.009	0.002	0.017
happy	0.033	0.001	0.004	0.899	0.013	0.004	0.046
happy	0.035	0.001	0.005	0.891	0.015	0.004	0.049
happy	0.060	0.002	0.008	0.825	0.028	0.005	0.070
happy	0.125	0.005	0.026	0.520	0.104	0.017	0.202
happy	0.039	0.002	0.009	0.741	0.037	0.009	0.163
happy	0.100	0.004	0.015	0.664	0.057	0.008	0.150
happy	0.075	0.002	0.018	0.574	0.069	0.017	0.245
happy	0.054	0.002	0.006	0.882	0.019	0.003	0.035
happy	0.033	0.001	0.007	0.820	0.025	0.010	0.105
happy	0.015	0.000	0.002	0.965	0.005	0.002	0.009
happy	0.005	0.000	0.001	0.976	0.002	0.002	0.015
happy	0.001	0.000	0.000	0.996	0.000	0.000	0.003
happy	0.000	0.000	0.000	0.997	0.000	0.000	0.002
happy	0.000	0.000	0.000	0.997	0.000	0.000	0.002
happy	0.000	0.000	0.000	0.999	0.000	0.000	0.000
happy	0.000	0.000	0.000	0.999	0.000	0.000	0.001
happy	0.000	0.000	0.000	0.999	0.000	0.000	0.001
happy	0.000	0.000	0.000	0.999	0.000	0.000	0.001
happy	0.000	0.000	0.000	1.000	0.000	0.000	0.000
happy	0.000	0.000	0.000	1.000	0.000	0.000	0.000
happy	0.000	0.000	0.000	1.000	0.000	0.000	0.000
happy	0.000	0.000	0.000	1.000	0.000	0.000	0.000
happy	0.000	0.000	0.000	1.000	0.000	0.000	0.000
happy	0.000	0.000	0.000	1.000	0.000	0.000	0.000
happy	0.000	0.000	0.000	1.000	0.000	0.000	0.000
happy	0.000	0.000	0.000	1.000	0.000	0.000	0.000
happy	0.000	0.000	0.000	1.000	0.000	0.000	0.000
happy	0.000	0.000	0.000	1.000	0.000	0.000	0.000
happy	0.000	0.000	0.000	1.000	0.000	0.000	0.000
happy	0.000	0.000	0.000	1.000	0.000	0.000	0.000
happy	0.000	0.000	0.000	1.000	0.000	0.000	0.000
happy	0.000	0.000	0.000	1.000	0.000	0.000	0.000
happy	0.000	0.000	0.000	1.000	0.000	0.000	0.000
happy	0.001	0.000	0.000	0.998	0.000	0.000	0.000
happy	0.007	0.000	0.000	0.991	0.000	0.001	0.001
happy	0.027	0.000	0.001	0.965	0.002	0.002	0.002
happy	0.237	0.000	0.016	0.717	0.021	0.006	0.003
happy	0.263	0.000	0.017	0.689	0.022	0.006	0.003
happy	0.171	0.000	0.013	0.785	0.019	0.007	0.005
happy	0.437	0.001	0.040	0.447	0.060	0.005	0.009
angry	0.458	0.002	0.056	0.359	0.105	0.009	0.012
happy	0.229	0.001	0.020	0.710	0.031	0.004	0.005
happy	0.298	0.001	0.020	0.626	0.035	0.009	0.010
happy	0.253	0.001	0.051	0.582	0.087	0.012	0.014
happy	0.132	0.001	0.044	0.339	0.064	0.107	0.312
neutral	0.079	0.003	0.003	0.232	0.019	0.001	0.664
happy	0.089	0.000	0.068	0.513	0.038	0.216	0.076
happy	0.292	0.000	0.104	0.492	0.069	0.033	0.010
happy	0.218	0.000	0.011	0.752	0.010	0.007	0.003
happy	0.164	0.000	0.009	0.805	0.016	0.003	0.003
angry	0.536	0.001	0.025	0.390	0.035	0.009	0.004
angry	0.736	0.005	0.050	0.019	0.133	0.002	0.053
angry	0.917	0.003	0.025	0.014	0.031	0.002	0.009
neutral	0.116	0.016	0.004	0.295	0.034	0.011	0.523
angry	0.399	0.022	0.056	0.073	0.128	0.001	0.320
neutral	0.360	0.030	0.021	0.117	0.092	0.003	0.377
neutral	0.182	0.010	0.034	0.180	0.097	0.005	0.492
angry	0.735	0.000	0.025	0.133	0.079	0.001	0.026
angry	0.575	0.003	0.061	0.251	0.100	0.006	0.004
happy	0.196	0.008	0.020	0.698	0.040	0.008	0.030
neutral	0.164	0.013	0.031	0.304	0.100	0.003	0.385
angry	0.591	0.006	0.112	0.094	0.181	0.005	0.011
angry	0.615	0.004	0.069	0.189	0.103	0.006	0.013
angry	0.655	0.002	0.097	0.096	0.137	0.004	0.009
angry	0.653	0.001	0.103	0.090	0.141	0.007	0.005
angry	0.705	0.001	0.131	0.027	0.126	0.007	0.004
neutral	0.166	0.002	0.060	0.264	0.093	0.045	0.370
neutral	0.113	0.005	0.005	0.096	0.045	0.001	0.735
angry	0.310	0.015	0.061	0.145	0.200	0.008	0.261
neutral	0.201	0.009	0.134	0.040	0.195	0.007	0.415
neutral	0.260	0.008	0.045	0.044	0.106	0.004	0.532
angry	0.659	0.004	0.162	0.005	0.158	0.001	0.011
angry	0.643	0.004	0.027	0.030	0.100	0.000	0.194
angry	0.886	0.003	0.035	0.005	0.058	0.000	0.012
angry	0.675	0.008	0.043	0.026	0.091	0.001	0.156
angry	0.817	0.004	0.049	0.050	0.072	0.002	0.007
angry	0.707	0.001	0.117	0.036	0.134	0.002	0.003
angry	0.756	0.007	0.051	0.026	0.101	0.000	0.059
angry	0.545	0.004	0.052	0.036	0.154	0.001	0.209
angry	0.635	0.004	0.083	0.051	0.188	0.003	0.035
angry	0.774	0.003	0.063	0.043	0.099	0.004	0.014
angry	0.645	0.026	0.073	0.069	0.167	0.004	0.017
angry	0.668	0.003	0.061	0.076	0.183	0.001	0.008
angry	0.368	0.025	0.030	0.328	0.156	0.002	0.091
angry	0.419	0.030	0.070	0.132	0.260	0.002	0.086
angry	0.690	0.001	0.100	0.034	0.168	0.001	0.005
angry	0.864	0.000	0.077	0.018	0.040	0.001	0.000
neutral	0.134	0.004	0.011	0.182	0.134	0.003	0.532
angry	0.721	0.009	0.032	0.028	0.149	0.001	0.060
angry	0.784	0.002	0.030	0.010	0.130	0.000	0.043
angry	0.729	0.005	0.047	0.016	0.162	0.001	0.040
neutral	0.397	0.008	0.015	0.056	0.109	0.001	0.415
neutral	0.181	0.001	0.013	0.045	0.088	0.002	0.669
neutral	0.153	0.002	0.033	0.037	0.281	0.004	0.490
angry	0.435	0.002	0.162	0.024	0.329	0.003	0.044
angry	0.661	0.001	0.081	0.129	0.110	0.002	0.016
angry	0.666	0.001	0.080	0.089	0.132	0.002	0.029
angry	0.639	0.005	0.053	0.079	0.153	0.001	0.070
angry	0.661	0.003	0.062	0.025	0.224	0.001	0.024
angry	0.680	0.003	0.058	0.006	0.195	0.000	0.058
neutral	0.196	0.025	0.012	0.202	0.112	0.001	0.452
angry	0.596	0.006	0.077	0.116	0.158	0.003	0.043
angry	0.568	0.001	0.051	0.294	0.063	0.011	0.011
angry	0.630	0.003	0.032	0.276	0.042	0.007	0.010
happy	0.193	0.001	0.022	0.652	0.047	0.019	0.067
happy	0.258	0.004	0.028	0.463	0.096	0.010	0.140
neutral	0.122	0.003	0.009	0.207	0.075	0.002	0.581
neutral	0.146	0.005	0.007	0.258	0.060	0.002	0.522
neutral	0.089	0.002	0.009	0.394	0.057	0.004	0.445
neutral	0.113	0.008	0.004	0.411	0.027	0.002	0.435
neutral	0.075	0.003	0.004	0.407	0.035	0.002	0.474
neutral	0.051	0.003	0.004	0.202	0.018	0.003	0.719
happy	0.039	0.001	0.003	0.515	0.021	0.002	0.420
neutral	0.023	0.002	0.002	0.460	0.011	0.002	0.500
neutral	0.038	0.001	0.003	0.258	0.016	0.002	0.682
happy	0.028	0.002	0.002	0.523	0.015	0.001	0.429
neutral	0.032	0.001	0.003	0.354	0.014	0.002	0.593
neutral	0.029	0.001	0.002	0.463	0.013	0.002	0.490
neutral	0.029	0.001	0.003	0.377	0.015	0.002	0.573
neutral	0.025	0.002	0.002	0.467	0.013	0.002	0.489
happy	0.023	0.001	0.002	0.518	0.013	0.002	0.439
neutral	0.043	0.002	0.008	0.227	0.058	0.001	0.661
neutral	0.035	0.002	0.006	0.328	0.029	0.002	0.598
neutral	0.038	0.002	0.002	0.189	0.013	0.003	0.752
neutral	0.042	0.002	0.003	0.323	0.019	0.002	0.609
neutral	0.042	0.002	0.003	0.299	0.013	0.003	0.638
neutral	0.025	0.001	0.003	0.366	0.016	0.003	0.585
neutral	0.027	0.002	0.002	0.362	0.013	0.003	0.591
neutral	0.015	0.001	0.002	0.411	0.009	0.002	0.560
neutral	0.019	0.001	0.003	0.329	0.012	0.005	0.632
happy	0.015	0.001	0.003	0.537	0.016	0.001	0.428
happy	0.024	0.001	0.003	0.507	0.020	0.001	0.442
happy	0.015	0.001	0.002	0.524	0.009	0.001	0.449
neutral	0.016	0.001	0.002	0.418	0.012	0.002	0.549
happy	0.017	0.001	0.003	0.505	0.015	0.000	0.459
neutral	0.015	0.001	0.003	0.455	0.017	0.001	0.509
neutral	0.014	0.001	0.002	0.461	0.015	0.000	0.507
happy	0.027	0.001	0.005	0.469	0.034	0.001	0.463
happy	0.020	0.001	0.003	0.486	0.017	0.001	0.472
neutral	0.017	0.001	0.004	0.442	0.013	0.001	0.522
happy	0.025	0.002	0.005	0.481	0.030	0.000	0.458
neutral	0.039	0.002	0.022	0.147	0.120	0.001	0.670
neutral	0.032	0.002	0.008	0.285	0.028	0.001	0.644
neutral	0.019	0.001	0.005	0.357	0.024	0.001	0.593
neutral	0.015	0.001	0.004	0.420	0.022	0.001	0.537
neutral	0.017	0.001	0.004	0.413	0.027	0.001	0.537
happy	0.009	0.000	0.005	0.605	0.020	0.001	0.360
happy	0.008	0.000	0.004	0.586	0.019	0.001	0.381
happy	0.009	0.001	0.004	0.542	0.018	0.001	0.426
happy	0.009	0.000	0.004	0.617	0.017	0.001	0.352
happy	0.010	0.001	0.003	0.697	0.022	0.001	0.266
neutral	0.029	0.001	0.043	0.339	0.200	0.001	0.387
neutral	0.026	0.001	0.020	0.340	0.088	0.001	0.524
happy	0.017	0.001	0.009	0.668	0.038	0.001	0.268
neutral	0.024	0.002	0.010	0.293	0.063	0.002	0.607
happy	0.015	0.001	0.005	0.699	0.028	0.001	0.251
happy	0.014	0.001	0.008	0.605	0.044	0.001	0.327
happy	0.008	0.000	0.004	0.761	0.023	0.001	0.203
happy	0.020	0.001	0.009	0.700	0.031	0.001	0.240
happy	0.014	0.001	0.005	0.731	0.025	0.000	0.223
happy	0.023	0.002	0.006	0.634	0.029	0.000	0.306
happy	0.020	0.001	0.007	0.653	0.026	0.000	0.293
happy	0.006	0.000	0.004	0.804	0.009	0.001	0.177
happy	0.014	0.000	0.005	0.749	0.016	0.000	0.216
happy	0.034	0.004	0.013	0.498	0.074	0.001	0.377
happy	0.027	0.002	0.024	0.529	0.103	0.002	0.314
happy	0.030	0.001	0.047	0.465	0.248	0.001	0.208
happy	0.023	0.002	0.019	0.560	0.087	0.001	0.308
happy	0.014	0.001	0.011	0.711	0.031	0.001	0.230
happy	0.031	0.003	0.016	0.578	0.043	0.002	0.327
neutral	0.035	0.006	0.091	0.073	0.355	0.001	0.440
neutral	0.059	0.008	0.079	0.086	0.249	0.001	0.517
neutral	0.061	0.015	0.012	0.187	0.057	0.001	0.668
neutral	0.059	0.002	0.007	0.274	0.037	0.001	0.620
neutral	0.039	0.002	0.015	0.210	0.058	0.001	0.674
happy	0.052	0.011	0.011	0.464	0.047	0.000	0.415
neutral	0.049	0.001	0.008	0.315	0.051	0.000	0.577
neutral	0.034	0.004	0.053	0.078	0.376	0.000	0.455
neutral	0.027	0.003	0.078	0.088	0.354	0.001	0.450
neutral	0.056	0.014	0.059	0.124	0.303	0.001	0.443
neutral	0.057	0.012	0.064	0.191	0.305	0.001	0.370
neutral	0.063	0.015	0.063	0.100	0.363	0.001	0.396
neutral	0.090	0.019	0.016	0.235	0.091	0.001	0.549
neutral	0.077	0.004	0.010	0.340	0.060	0.001	0.508
neutral	0.059	0.004	0.007	0.340	0.061	0.001	0.529
neutral	0.043	0.001	0.005	0.349	0.044	0.000	0.557
neutral	0.046	0.001	0.007	0.351	0.053	0.000	0.541
neutral	0.050	0.001	0.005	0.282	0.059	0.001	0.603
neutral	0.037	0.001	0.006	0.442	0.054	0.000	0.460
neutral	0.025	0.001	0.005	0.394	0.044	0.000	0.530
neutral	0.036	0.001	0.009	0.285	0.072	0.001	0.596
neutral	0.031	0.001	0.009	0.289	0.052	0.000	0.618
neutral	0.030	0.001	0.010	0.264	0.080	0.000	0.616
neutral	0.034	0.001	0.009	0.183	0.079	0.000	0.694
neutral	0.044	0.001	0.008	0.316	0.103	0.000	0.528
neutral	0.031	0.001	0.006	0.339	0.057	0.000	0.566
neutral	0.031	0.000	0.005	0.363	0.068	0.000	0.532
neutral	0.023	0.001	0.006	0.268	0.061	0.000	0.640
neutral	0.042	0.003	0.020	0.178	0.209	0.001	0.547
neutral	0.045	0.002	0.021	0.149	0.231	0.001	0.550
neutral	0.031	0.001	0.026	0.195	0.162	0.001	0.585
neutral	0.026	0.000	0.012	0.273	0.072	0.000	0.616
neutral	0.026	0.000	0.008	0.237	0.062	0.000	0.666
neutral	0.030	0.000	0.009	0.438	0.050	0.000	0.472
neutral	0.030	0.000	0.011	0.236	0.063	0.000	0.660
neutral	0.021	0.000	0.008	0.402	0.044	0.000	0.525
neutral	0.032	0.001	0.008	0.283	0.051	0.000	0.625
neutral	0.041	0.002	0.031	0.138	0.269	0.001	0.519
neutral	0.028	0.001	0.007	0.401	0.036	0.000	0.527
happy	0.013	0.000	0.004	0.592	0.034	0.000	0.356
happy	0.015	0.000	0.005	0.568	0.023	0.000	0.389
neutral	0.021	0.000	0.005	0.420	0.027	0.000	0.527
neutral	0.027	0.001	0.005	0.373	0.038	0.000	0.556
happy	0.018	0.000	0.005	0.487	0.028	0.000	0.462
happy	0.009	0.000	0.003	0.696	0.016	0.000	0.275
happy	0.006	0.000	0.002	0.798	0.009	0.000	0.186
happy	0.006	0.000	0.001	0.857	0.005	0.000	0.130
happy	0.004	0.000	0.001	0.918	0.004	0.000	0.072
happy	0.003	0.000	0.001	0.888	0.004	0.000	0.103
happy	0.005	0.000	0.001	0.841	0.006	0.000	0.147
happy	0.005	0.000	0.001	0.869	0.006	0.000	0.119
happy	0.008	0.000	0.002	0.809	0.008	0.000	0.173
happy	0.008	0.000	0.002	0.848	0.006	0.000	0.136
happy	0.008	0.000	0.002	0.844	0.007	0.000	0.138
happy	0.009	0.000	0.002	0.806	0.008	0.000	0.175
happy	0.010	0.000	0.002	0.771	0.009	0.000	0.207
happy	0.017	0.000	0.004	0.716	0.014	0.001	0.248
happy	0.010	0.000	0.004	0.750	0.010	0.001	0.225
happy	0.011	0.000	0.004	0.786	0.014	0.001	0.185
happy	0.024	0.001	0.024	0.577	0.125	0.001	0.249
happy	0.018	0.001	0.016	0.746	0.044	0.003	0.172
happy	0.007	0.000	0.003	0.825	0.009	0.001	0.155
happy	0.010	0.000	0.004	0.696	0.019	0.001	0.270
happy	0.012	0.000	0.004	0.695	0.019	0.001	0.270
happy	0.014	0.001	0.005	0.624	0.024	0.001	0.331
happy	0.015	0.000	0.004	0.572	0.022	0.001	0.385
happy	0.017	0.001	0.005	0.672	0.025	0.001	0.279
happy	0.014	0.000	0.004	0.672	0.018	0.001	0.291
happy	0.034	0.001	0.036	0.569	0.153	0.003	0.203
happy	0.020	0.001	0.007	0.481	0.035	0.001	0.455
happy	0.029	0.001	0.034	0.544	0.095	0.006	0.292
happy	0.027	0.001	0.008	0.589	0.036	0.001	0.337
happy	0.012	0.000	0.005	0.603	0.021	0.000	0.357
happy	0.019	0.001	0.013	0.461	0.057	0.001	0.447
happy	0.021	0.001	0.010	0.653	0.035	0.001	0.279
happy	0.024	0.002	0.009	0.552	0.040	0.001	0.372
happy	0.020	0.001	0.009	0.586	0.040	0.001	0.343
happy	0.017	0.001	0.009	0.595	0.034	0.000	0.344
neutral	0.038	0.001	0.014	0.321	0.092	0.001	0.533
neutral	0.021	0.001	0.008	0.417	0.054	0.001	0.498
neutral	0.041	0.001	0.013	0.422	0.094	0.001	0.428
happy	0.014	0.001	0.010	0.611	0.030	0.001	0.332
neutral	0.019	0.001	0.009	0.466	0.033	0.001	0.471
neutral	0.022	0.002	0.012	0.382	0.042	0.001	0.540
neutral	0.023	0.002	0.010	0.415	0.041	0.001	0.508
happy	0.017	0.001	0.009	0.524	0.028	0.000	0.419
happy	0.025	0.001	0.010	0.550	0.040	0.001	0.374
happy	0.016	0.001	0.006	0.629	0.027	0.000	0.321
happy	0.017	0.001	0.006	0.582	0.028	0.001	0.366
happy	0.030	0.002	0.013	0.471	0.043	0.001	0.441
happy	0.024	0.001	0.010	0.579	0.043	0.001	0.342
happy	0.016	0.000	0.006	0.594	0.033	0.000	0.350
happy	0.017	0.001	0.008	0.592	0.032	0.001	0.349
happy	0.017	0.001	0.004	0.656	0.027	0.000	0.294
happy	0.021	0.001	0.010	0.615	0.036	0.001	0.316
happy	0.025	0.000	0.008	0.514	0.041	0.001	0.410
happy	0.028	0.002	0.014	0.507	0.060	0.001	0.388
happy	0.027	0.002	0.014	0.554	0.054	0.001	0.347
neutral	0.023	0.001	0.051	0.190	0.269	0.001	0.466
happy	0.043	0.002	0.056	0.361	0.183	0.005	0.351
neutral	0.037	0.002	0.053	0.200	0.340	0.002	0.366
neutral	0.026	0.002	0.059	0.161	0.359	0.001	0.392
happy	0.023	0.004	0.014	0.568	0.044	0.000	0.346
happy	0.036	0.002	0.012	0.497	0.043	0.001	0.410
happy	0.026	0.002	0.007	0.485	0.039	0.000	0.440
happy	0.025	0.001	0.008	0.623	0.027	0.000	0.316
happy	0.034	0.003	0.013	0.527	0.075	0.001	0.347
happy	0.030	0.003	0.009	0.487	0.062	0.001	0.408
neutral	0.022	0.001	0.049	0.215	0.297	0.001	0.415
happy	0.029	0.001	0.035	0.452	0.157	0.004	0.322
happy	0.030	0.007	0.012	0.522	0.045	0.001	0.383
happy	0.025	0.003	0.009	0.574	0.033	0.000	0.356
happy	0.033	0.001	0.009	0.639	0.038	0.001	0.279
happy	0.018	0.001	0.006	0.608	0.026	0.000	0.341
happy	0.021	0.001	0.005	0.691	0.031	0.000	0.251
happy	0.024	0.001	0.007	0.572	0.047	0.000	0.350
happy	0.017	0.001	0.006	0.611	0.036	0.000	0.329
happy	0.019	0.001	0.006	0.546	0.032	0.000	0.395
happy	0.019	0.001	0.008	0.517	0.044	0.000	0.410
happy	0.024	0.001	0.009	0.499	0.051	0.000	0.415
neutral	0.028	0.001	0.050	0.279	0.285	0.001	0.355
happy	0.031	0.005	0.014	0.495	0.066	0.001	0.389
neutral	0.037	0.001	0.034	0.272	0.261	0.002	0.393
neutral	0.040	0.003	0.027	0.249	0.250	0.002	0.430
neutral	0.041	0.005	0.015	0.380	0.070	0.000	0.489
happy	0.027	0.002	0.009	0.582	0.033	0.000	0.347
happy	0.026	0.001	0.007	0.517	0.033	0.000	0.416
happy	0.055	0.002	0.011	0.552	0.062	0.000	0.317
happy	0.045	0.002	0.012	0.443	0.083	0.000	0.415
happy	0.042	0.001	0.008	0.560	0.053	0.000	0.336
neutral	0.032	0.000	0.006	0.445	0.049	0.000	0.467
happy	0.037	0.000	0.006	0.578	0.052	0.000	0.325
happy	0.017	0.000	0.007	0.613	0.028	0.000	0.334
happy	0.054	0.000	0.011	0.453	0.078	0.000	0.404
happy	0.039	0.000	0.008	0.454	0.058	0.000	0.440
happy	0.063	0.000	0.013	0.483	0.085	0.000	0.355
happy	0.037	0.000	0.009	0.574	0.053	0.000	0.327
neutral	0.042	0.000	0.008	0.405	0.072	0.000	0.472
happy	0.036	0.000	0.009	0.571	0.054	0.000	0.329
happy	0.032	0.000	0.007	0.629	0.043	0.000	0.289
neutral	0.043	0.000	0.007	0.397	0.066	0.000	0.486
happy	0.057	0.001	0.012	0.522	0.075	0.000	0.332
happy	0.021	0.000	0.006	0.678	0.031	0.000	0.265
happy	0.019	0.000	0.008	0.657	0.028	0.000	0.287
happy	0.032	0.000	0.006	0.582	0.042	0.000	0.338
happy	0.020	0.000	0.009	0.635	0.027	0.000	0.308
happy	0.026	0.001	0.008	0.636	0.039	0.000	0.290
happy	0.032	0.000	0.007	0.477	0.055	0.000	0.429
happy	0.023	0.000	0.006	0.603	0.032	0.000	0.335
happy	0.019	0.000	0.004	0.578	0.025	0.000	0.373
happy	0.028	0.001	0.054	0.404	0.249	0.002	0.262
neutral	0.050	0.003	0.030	0.248	0.144	0.001	0.525
sad	0.045	0.001	0.074	0.246	0.337	0.001	0.295
happy	0.038	0.002	0.019	0.489	0.077	0.000	0.375
neutral	0.058	0.002	0.024	0.409	0.094	0.000	0.413
happy	0.046	0.001	0.013	0.470	0.079	0.000	0.391
happy	0.075	0.001	0.024	0.424	0.106	0.000	0.369
neutral	0.058	0.001	0.053	0.157	0.336	0.001	0.395
sad	0.038	0.000	0.078	0.152	0.383	0.001	0.347
happy	0.032	0.001	0.015	0.482	0.081	0.000	0.389
neutral	0.057	0.001	0.021	0.393	0.092	0.000	0.435
happy	0.036	0.001	0.013	0.460	0.070	0.000	0.419
happy	0.025	0.001	0.013	0.523	0.045	0.001	0.392
neutral	0.058	0.001	0.017	0.361	0.091	0.000	0.471
neutral	0.062	0.001	0.020	0.295	0.112	0.000	0.510
happy	0.027	0.001	0.013	0.509	0.072	0.001	0.377
happy	0.031	0.001	0.013	0.491	0.064	0.000	0.400
neutral	0.036	0.001	0.017	0.322	0.071	0.001	0.552
neutral	0.034	0.001	0.022	0.309	0.084	0.000	0.551
neutral	0.041	0.001	0.024	0.307	0.091	0.001	0.536
neutral	0.037	0.001	0.020	0.292	0.086	0.000	0.564
neutral	0.049	0.001	0.017	0.244	0.102	0.000	0.587
neutral	0.054	0.001	0.019	0.283	0.112	0.000	0.530
neutral	0.047	0.000	0.020	0.226	0.127	0.000	0.579
neutral	0.052	0.001	0.019	0.305	0.115	0.000	0.508
happy	0.036	0.000	0.015	0.474	0.073	0.000	0.401
neutral	0.048	0.001	0.021	0.357	0.102	0.000	0.471
neutral	0.031	0.001	0.018	0.433	0.065	0.001	0.451
happy	0.022	0.001	0.016	0.493	0.053	0.001	0.415
happy	0.026	0.000	0.015	0.456	0.054	0.001	0.448
neutral	0.030	0.002	0.037	0.150	0.246	0.001	0.533
neutral	0.038	0.003	0.041	0.157	0.345	0.001	0.414
neutral	0.027	0.002	0.048	0.114	0.165	0.001	0.643
neutral	0.023	0.002	0.025	0.260	0.106	0.001	0.583
neutral	0.026	0.001	0.027	0.205	0.129	0.001	0.611
neutral	0.037	0.001	0.029	0.202	0.135	0.001	0.595
neutral	0.024	0.001	0.016	0.324	0.099	0.001	0.534
neutral	0.042	0.002	0.027	0.348	0.096	0.000	0.485
neutral	0.029	0.001	0.025	0.254	0.108	0.001	0.584
neutral	0.035	0.002	0.024	0.277	0.093	0.001	0.569
neutral	0.027	0.001	0.014	0.380	0.083	0.001	0.494
neutral	0.037	0.001	0.019	0.324	0.083	0.000	0.536
neutral	0.033	0.001	0.020	0.307	0.087	0.001	0.551
neutral	0.029	0.001	0.020	0.229	0.113	0.001	0.607
neutral	0.023	0.001	0.015	0.376	0.066	0.001	0.519
