prediction	angry	disgust	fear	happy	sad	surprise	neutral
neutral	0.244	0.003	0.010	0.020	0.291	0.002	0.430
neutral	0.188	0.000	0.007	0.039	0.189	0.010	0.566
neutral	0.183	0.001	0.006	0.021	0.164	0.007	0.618
neutral	0.186	0.001	0.009	0.022	0.250	0.010	0.521
neutral	0.170	0.001	0.017	0.014	0.251	0.005	0.542
neutral	0.205	0.001	0.006	0.016	0.280	0.001	0.489
neutral	0.155	0.001	0.009	0.035	0.225	0.007	0.568
neutral	0.269	0.001	0.008	0.020	0.220	0.008	0.474
neutral	0.275	0.003	0.007	0.009	0.330	0.001	0.374
neutral	0.214	0.002	0.005	0.007	0.381	0.000	0.391
sad	0.241	0.003	0.005	0.004	0.516	0.001	0.231
neutral	0.240	0.004	0.007	0.032	0.358	0.001	0.358
neutral	0.122	0.001	0.009	0.025	0.411	0.003	0.428
neutral	0.116	0.002	0.008	0.015	0.385	0.001	0.472
sad	0.147	0.002	0.008	0.009	0.455	0.001	0.379
neutral	0.126	0.001	0.008	0.016	0.397	0.001	0.452
sad	0.165	0.002	0.009	0.008	0.514	0.000	0.302
sad	0.213	0.001	0.007	0.004	0.555	0.000	0.220
sad	0.168	0.001	0.008	0.006	0.522	0.000	0.296
sad	0.159	0.002	0.008	0.008	0.469	0.000	0.353
sad	0.166	0.004	0.007	0.007	0.449	0.001	0.367
sad	0.200	0.003	0.012	0.010	0.395	0.002	0.378
neutral	0.304	0.001	0.016	0.024	0.254	0.006	0.394
sad	0.277	0.001	0.016	0.009	0.351	0.004	0.343
sad	0.266	0.001	0.020	0.010	0.357	0.005	0.342
neutral	0.116	0.001	0.021	0.028	0.365	0.003	0.466
sad	0.062	0.001	0.013	0.011	0.745	0.000	0.167
sad	0.091	0.002	0.013	0.014	0.524	0.001	0.356
neutral	0.166	0.002	0.014	0.034	0.309	0.004	0.471
neutral	0.157	0.001	0.013	0.021	0.368	0.002	0.439
sad	0.134	0.001	0.016	0.008	0.491	0.001	0.349
sad	0.102	0.001	0.018	0.010	0.506	0.002	0.362
sad	0.146	0.002	0.012	0.013	0.490	0.001	0.335
sad	0.147	0.001	0.010	0.008	0.422	0.001	0.411
sad	0.168	0.001	0.012	0.007	0.553	0.001	0.258
sad	0.135	0.003	0.013	0.025	0.448	0.002	0.375
sad	0.135	0.002	0.009	0.022	0.431	0.001	0.399
sad	0.101	0.002	0.017	0.009	0.580	0.001	0.290
neutral	0.142	0.001	0.010	0.054	0.285	0.004	0.504
sad	0.120	0.004	0.010	0.023	0.435	0.001	0.406
sad	0.132	0.002	0.008	0.012	0.573	0.000	0.272
neutral	0.124	0.003	0.013	0.025	0.362	0.001	0.471
sad	0.145	0.004	0.009	0.018	0.483	0.001	0.340
neutral	0.076	0.000	0.008	0.071	0.279	0.001	0.565
neutral	0.087	0.001	0.007	0.053	0.283	0.001	0.568
sad	0.086	0.001	0.007	0.053	0.429	0.000	0.423
sad	0.118	0.000	0.020	0.038	0.469	0.001	0.355
sad	0.103	0.001	0.006	0.047	0.445	0.000	0.399
neutral	0.100	0.001	0.005	0.068	0.330	0.000	0.497
neutral	0.115	0.000	0.014	0.035	0.361	0.001	0.475
sad	0.128	0.001	0.008	0.026	0.569	0.000	0.268
sad	0.114	0.001	0.007	0.031	0.429	0.001	0.416
neutral	0.100	0.001	0.012	0.049	0.361	0.001	0.476
sad	0.134	0.001	0.008	0.033	0.430	0.000	0.393
sad	0.090	0.001	0.008	0.021	0.514	0.000	0.366
neutral	0.093	0.001	0.007	0.048	0.424	0.001	0.427
sad	0.119	0.002	0.007	0.020	0.552	0.000	0.300
sad	0.148	0.001	0.014	0.019	0.456	0.001	0.361
sad	0.154	0.001	0.007	0.025	0.537	0.000	0.276
sad	0.118	0.001	0.006	0.011	0.516	0.000	0.349
sad	0.137	0.002	0.007	0.031	0.495	0.000	0.328
sad	0.125	0.001	0.007	0.031	0.460	0.000	0.376
neutral	0.170	0.000	0.009	0.027	0.338	0.001	0.455
sad	0.081	0.000	0.006	0.008	0.663	0.000	0.242
sad	0.094	0.001	0.007	0.024	0.575	0.000	0.300
sad	0.097	0.001	0.007	0.016	0.553	0.000	0.326
sad	0.087	0.001	0.006	0.007	0.611	0.000	0.289
sad	0.114	0.000	0.009	0.029	0.432	0.001	0.416
sad	0.087	0.000	0.006	0.008	0.613	0.000	0.285
sad	0.088	0.000	0.006	0.008	0.604	0.000	0.294
sad	0.096	0.001	0.007	0.008	0.615	0.000	0.274
sad	0.083	0.000	0.005	0.018	0.559	0.000	0.334
sad	0.166	0.002	0.006	0.026	0.489	0.000	0.311
sad	0.179	0.002	0.006	0.023	0.467	0.000	0.322
sad	0.155	0.001	0.006	0.039	0.443	0.000	0.357
sad	0.150	0.001	0.006	0.025	0.507	0.000	0.311
sad	0.105	0.000	0.007	0.004	0.573	0.000	0.311
sad	0.113	0.001	0.010	0.012	0.628	0.000	0.236
neutral	0.152	0.000	0.015	0.039	0.369	0.002	0.424
sad	0.159	0.001	0.007	0.014	0.497	0.000	0.321
sad	0.092	0.001	0.005	0.016	0.566	0.000	0.321
sad	0.043	0.000	0.006	0.007	0.748	0.000	0.197
sad	0.053	0.000	0.007	0.025	0.551	0.000	0.364
neutral	0.119	0.000	0.006	0.047	0.394	0.001	0.433
neutral	0.092	0.000	0.004	0.063	0.365	0.000	0.475
neutral	0.104	0.001	0.004	0.071	0.360	0.000	0.460
sad	0.111	0.001	0.006	0.038	0.463	0.000	0.381
neutral	0.071	0.001	0.006	0.093	0.285	0.000	0.543
neutral	0.079	0.000	0.019	0.028	0.357	0.002	0.514
sad	0.085	0.000	0.019	0.016	0.442	0.001	0.436
neutral	0.067	0.000	0.034	0.021	0.324	0.001	0.553
sad	0.080	0.000	0.095	0.013	0.416	0.002	0.393
sad	0.090	0.000	0.235	0.012	0.506	0.014	0.143
sad	0.100	0.000	0.055	0.145	0.464	0.000	0.236
sad	0.025	0.000	0.118	0.118	0.562	0.010	0.167
sad	0.019	0.000	0.065	0.196	0.535	0.031	0.153
sad	0.024	0.000	0.110	0.157	0.638	0.021	0.049
sad	0.027	0.001	0.131	0.179	0.618	0.007	0.036
happy	0.020	0.001	0.040	0.583	0.248	0.002	0.107
sad	0.136	0.005	0.194	0.033	0.539	0.002	0.090
sad	0.121	0.019	0.179	0.009	0.485	0.004	0.184
sad	0.038	0.000	0.068	0.020	0.541	0.001	0.330
sad	0.123	0.008	0.055	0.005	0.668	0.000	0.140
sad	0.131	0.004	0.115	0.020	0.447	0.001	0.282
sad	0.064	0.004	0.062	0.007	0.572	0.000	0.289
sad	0.046	0.004	0.082	0.063	0.589	0.002	0.214
sad	0.032	0.004	0.074	0.058	0.607	0.003	0.222
sad	0.043	0.002	0.105	0.009	0.748	0.005	0.087
sad	0.047	0.000	0.019	0.002	0.916	0.000	0.015
sad	0.066	0.001	0.050	0.019	0.800	0.000	0.063
sad	0.023	0.001	0.078	0.009	0.859	0.002	0.029
sad	0.030	0.002	0.083	0.020	0.786	0.003	0.078
sad	0.039	0.001	0.088	0.032	0.711	0.004	0.125
sad	0.029	0.000	0.150	0.006	0.721	0.004	0.090
neutral	0.039	0.000	0.033	0.036	0.423	0.000	0.469
sad	0.027	0.000	0.074	0.007	0.707	0.001	0.184
sad	0.026	0.000	0.077	0.018	0.719	0.003	0.158
sad	0.018	0.000	0.085	0.017	0.715	0.001	0.163
sad	0.037	0.000	0.125	0.023	0.568	0.005	0.241
sad	0.027	0.000	0.085	0.050	0.613	0.003	0.223
sad	0.017	0.000	0.064	0.010	0.861	0.003	0.045
sad	0.010	0.000	0.101	0.045	0.800	0.004	0.040
sad	0.010	0.000	0.072	0.030	0.837	0.003	0.049
sad	0.022	0.000	0.078	0.043	0.527	0.000	0.330
sad	0.036	0.000	0.111	0.040	0.601	0.002	0.210
happy	0.016	0.000	0.040	0.332	0.295	0.002	0.314
neutral	0.026	0.000	0.042	0.108	0.307	0.000	0.517
neutral	0.038	0.000	0.039	0.179	0.336	0.001	0.408
sad	0.020	0.000	0.033	0.082	0.649	0.002	0.214
happy	0.058	0.002	0.064	0.346	0.216	0.009	0.304
sad	0.062	0.004	0.093	0.213	0.318	0.012	0.298
sad	0.147	0.006	0.117	0.086	0.439	0.003	0.202
neutral	0.048	0.000	0.028	0.194	0.313	0.001	0.415
sad	0.026	0.000	0.132	0.087	0.623	0.018	0.113
happy	0.019	0.000	0.104	0.542	0.234	0.044	0.056
happy	0.014	0.000	0.072	0.734	0.131	0.029	0.019
sad	0.076	0.022	0.092	0.368	0.403	0.004	0.036
sad	0.032	0.000	0.092	0.299	0.424	0.032	0.122
sad	0.025	0.001	0.070	0.289	0.537	0.018	0.060
sad	0.028	0.000	0.108	0.166	0.623	0.024	0.049
happy	0.020	0.000	0.060	0.519	0.343	0.011	0.047
sad	0.016	0.000	0.044	0.194	0.675	0.001	0.069
sad	0.020	0.000	0.049	0.165	0.681	0.002	0.083
sad	0.018	0.000	0.071	0.036	0.770	0.002	0.103
sad	0.029	0.001	0.068	0.066	0.514	0.001	0.321
sad	0.037	0.000	0.030	0.105	0.519	0.000	0.308
neutral	0.015	0.000	0.015	0.088	0.316	0.000	0.565
sad	0.018	0.001	0.069	0.069	0.568	0.004	0.271
sad	0.016	0.000	0.095	0.009	0.820	0.008	0.051
sad	0.009	0.000	0.066	0.029	0.778	0.005	0.112
sad	0.014	0.001	0.048	0.030	0.839	0.000	0.067
sad	0.048	0.001	0.017	0.045	0.754	0.000	0.135
sad	0.031	0.003	0.030	0.015	0.746	0.000	0.174
sad	0.083	0.028	0.035	0.001	0.775	0.000	0.078
sad	0.035	0.062	0.022	0.003	0.742	0.000	0.135
sad	0.021	0.024	0.019	0.020	0.625	0.000	0.291
sad	0.045	0.003	0.032	0.024	0.668	0.000	0.228
sad	0.037	0.001	0.040	0.009	0.664	0.000	0.249
sad	0.052	0.006	0.053	0.001	0.751	0.000	0.137
sad	0.075	0.012	0.036	0.002	0.755	0.000	0.119
sad	0.036	0.002	0.032	0.036	0.459	0.002	0.434
sad	0.019	0.002	0.045	0.046	0.621	0.002	0.264
sad	0.026	0.000	0.047	0.019	0.866	0.014	0.027
sad	0.022	0.003	0.033	0.034	0.824	0.005	0.079
sad	0.025	0.003	0.021	0.130	0.612	0.000	0.209
sad	0.025	0.002	0.033	0.021	0.761	0.001	0.157
sad	0.052	0.005	0.032	0.003	0.803	0.000	0.105
sad	0.087	0.008	0.026	0.004	0.661	0.000	0.214
sad	0.049	0.001	0.039	0.018	0.643	0.000	0.250
sad	0.028	0.000	0.071	0.017	0.664	0.001	0.218
sad	0.022	0.000	0.064	0.011	0.822	0.005	0.076
sad	0.020	0.000	0.092	0.032	0.750	0.008	0.099
sad	0.029	0.000	0.041	0.196	0.572	0.005	0.156
sad	0.046	0.000	0.018	0.109	0.537	0.000	0.290
sad	0.058	0.000	0.021	0.151	0.399	0.000	0.371
sad	0.073	0.001	0.041	0.131	0.380	0.000	0.374
sad	0.083	0.000	0.031	0.121	0.395	0.001	0.368
neutral	0.072	0.000	0.036	0.065	0.317	0.001	0.509
neutral	0.110	0.000	0.040	0.023	0.337	0.001	0.489
neutral	0.118	0.000	0.043	0.123	0.230	0.001	0.485
sad	0.101	0.000	0.040	0.080	0.408	0.001	0.370
neutral	0.070	0.000	0.037	0.031	0.357	0.000	0.505
sad	0.097	0.000	0.048	0.047	0.476	0.000	0.332
neutral	0.105	0.000	0.033	0.026	0.357	0.000	0.479
sad	0.121	0.000	0.037	0.017	0.461	0.000	0.364
sad	0.087	0.000	0.024	0.008	0.519	0.000	0.362
neutral	0.143	0.000	0.038	0.048	0.332	0.001	0.438
sad	0.126	0.000	0.053	0.045	0.415	0.000	0.360
neutral	0.107	0.000	0.061	0.020	0.226	0.001	0.584
neutral	0.119	0.000	0.058	0.041	0.361	0.001	0.421
sad	0.168	0.000	0.184	0.017	0.536	0.001	0.094
sad	0.243	0.000	0.082	0.023	0.523	0.000	0.129
sad	0.121	0.000	0.060	0.047	0.635	0.001	0.137
sad	0.132	0.000	0.118	0.149	0.464	0.001	0.136
sad	0.110	0.000	0.089	0.132	0.549	0.001	0.117
sad	0.083	0.000	0.063	0.162	0.464	0.000	0.227
sad	0.090	0.000	0.056	0.098	0.394	0.000	0.361
sad	0.055	0.000	0.066	0.023	0.746	0.000	0.109
sad	0.149	0.000	0.033	0.079	0.478	0.000	0.261
sad	0.157	0.000	0.074	0.024	0.589	0.000	0.155
sad	0.160	0.000	0.076	0.055	0.507	0.001	0.202
sad	0.094	0.000	0.059	0.011	0.726	0.000	0.109
sad	0.125	0.000	0.067	0.009	0.730	0.000	0.069
sad	0.103	0.000	0.050	0.015	0.727	0.000	0.105
sad	0.107	0.000	0.074	0.013	0.649	0.000	0.156
sad	0.074	0.000	0.079	0.008	0.761	0.000	0.079
sad	0.064	0.000	0.098	0.007	0.722	0.000	0.109
sad	0.060	0.001	0.076	0.006	0.772	0.000	0.085
sad	0.113	0.001	0.072	0.017	0.548	0.000	0.248
sad	0.055	0.001	0.065	0.005	0.788	0.000	0.087
sad	0.083	0.000	0.070	0.009	0.697	0.000	0.140
sad	0.115	0.000	0.048	0.009	0.657	0.000	0.171
sad	0.089	0.000	0.030	0.006	0.732	0.000	0.143
sad	0.032	0.000	0.040	0.003	0.771	0.000	0.154
sad	0.066	0.001	0.014	0.002	0.826	0.000	0.091
sad	0.065	0.000	0.037	0.003	0.659	0.000	0.237
sad	0.085	0.001	0.029	0.004	0.659	0.000	0.222
sad	0.053	0.001	0.038	0.002	0.797	0.000	0.108
sad	0.089	0.000	0.074	0.003	0.646	0.000	0.189
sad	0.068	0.000	0.066	0.005	0.598	0.000	0.263
sad	0.095	0.001	0.045	0.004	0.575	0.000	0.280
sad	0.074	0.000	0.068	0.004	0.620	0.000	0.235
sad	0.066	0.001	0.056	0.001	0.718	0.000	0.158
sad	0.071	0.000	0.040	0.004	0.664	0.000	0.220
sad	0.051	0.001	0.046	0.002	0.770	0.000	0.130
sad	0.071	0.001	0.057	0.002	0.741	0.000	0.128
sad	0.087	0.001	0.057	0.001	0.782	0.000	0.071
sad	0.085	0.002	0.094	0.002	0.702	0.000	0.114
sad	0.067	0.000	0.049	0.004	0.762	0.000	0.117
sad	0.049	0.000	0.065	0.006	0.664	0.000	0.215
sad	0.092	0.001	0.055	0.004	0.702	0.000	0.147
sad	0.073	0.000	0.059	0.003	0.736	0.000	0.130
sad	0.056	0.000	0.048	0.002	0.738	0.000	0.156
sad	0.050	0.000	0.037	0.002	0.798	0.000	0.113
sad	0.042	0.000	0.035	0.001	0.845	0.000	0.077
sad	0.050	0.000	0.063	0.003	0.745	0.000	0.139
sad	0.070	0.000	0.096	0.007	0.634	0.000	0.191
sad	0.057	0.000	0.055	0.003	0.747	0.000	0.137
sad	0.095	0.005	0.039	0.004	0.749	0.000	0.108
sad	0.085	0.001	0.039	0.003	0.707	0.000	0.165
sad	0.125	0.001	0.038	0.003	0.704	0.000	0.129
sad	0.062	0.001	0.023	0.004	0.802	0.000	0.109
sad	0.090	0.000	0.028	0.002	0.643	0.000	0.236
sad	0.067	0.000	0.026	0.002	0.753	0.000	0.152
sad	0.097	0.001	0.024	0.005	0.677	0.000	0.195
sad	0.088	0.004	0.057	0.005	0.667	0.000	0.179
sad	0.055	0.000	0.066	0.002	0.749	0.000	0.128
sad	0.063	0.001	0.053	0.005	0.657	0.000	0.220
sad	0.049	0.001	0.047	0.007	0.715	0.000	0.181
sad	0.041	0.001	0.069	0.004	0.721	0.000	0.164
sad	0.044	0.002	0.111	0.004	0.678	0.000	0.162
sad	0.038	0.001	0.054	0.005	0.727	0.000	0.175
sad	0.071	0.003	0.060	0.010	0.633	0.000	0.223
sad	0.097	0.001	0.049	0.005	0.599	0.000	0.249
sad	0.051	0.001	0.043	0.005	0.671	0.000	0.228
sad	0.103	0.001	0.067	0.012	0.424	0.001	0.392
sad	0.123	0.000	0.046	0.004	0.611	0.000	0.215
sad	0.075	0.001	0.096	0.003	0.628	0.000	0.197
sad	0.162	0.000	0.015	0.005	0.427	0.000	0.391
sad	0.128	0.000	0.013	0.005	0.437	0.000	0.417
neutral	0.104	0.000	0.013	0.003	0.419	0.000	0.460
sad	0.105	0.000	0.007	0.007	0.475	0.000	0.404
neutral	0.076	0.000	0.028	0.005	0.287	0.000	0.603
neutral	0.081	0.000	0.039	0.005	0.328	0.001	0.546
neutral	0.094	0.000	0.011	0.004	0.310	0.000	0.581
neutral	0.107	0.000	0.065	0.012	0.404	0.001	0.411
neutral	0.086	0.000	0.006	0.003	0.343	0.000	0.561
neutral	0.056	0.000	0.030	0.009	0.378	0.000	0.527
sad	0.062	0.000	0.032	0.006	0.450	0.000	0.450
sad	0.094	0.000	0.009	0.002	0.491	0.000	0.404
sad	0.121	0.000	0.005	0.003	0.580	0.000	0.290
sad	0.127	0.000	0.011	0.003	0.483	0.000	0.375
sad	0.048	0.000	0.020	0.005	0.586	0.000	0.341
sad	0.121	0.000	0.024	0.005	0.568	0.000	0.282
sad	0.171	0.000	0.033	0.003	0.478	0.001	0.314
neutral	0.105	0.000	0.059	0.006	0.391	0.001	0.438
sad	0.108	0.000	0.017	0.007	0.472	0.000	0.395
neutral	0.116	0.000	0.017	0.010	0.402	0.000	0.455
neutral	0.064	0.000	0.027	0.017	0.326	0.001	0.565
neutral	0.067	0.000	0.024	0.011	0.361	0.000	0.536
sad	0.122	0.000	0.018	0.010	0.491	0.000	0.358
sad	0.011	0.000	0.043	0.000	0.929	0.000	0.017
sad	0.024	0.000	0.077	0.005	0.776	0.000	0.118
sad	0.027	0.000	0.159	0.004	0.701	0.000	0.109
sad	0.043	0.000	0.261	0.007	0.619	0.001	0.069
sad	0.033	0.000	0.235	0.009	0.570	0.001	0.152
sad	0.065	0.000	0.170	0.009	0.615	0.001	0.140
sad	0.062	0.000	0.172	0.038	0.496	0.001	0.231
sad	0.141	0.000	0.263	0.062	0.270	0.002	0.262
fear	0.251	0.000	0.341	0.049	0.183	0.002	0.173
angry	0.312	0.000	0.270	0.030	0.252	0.001	0.136
angry	0.322	0.000	0.219	0.067	0.188	0.003	0.203
fear	0.220	0.000	0.340	0.033	0.200	0.002	0.204
fear	0.209	0.000	0.268	0.100	0.219	0.004	0.200
fear	0.244	0.000	0.303	0.051	0.210	0.004	0.187
neutral	0.218	0.000	0.201	0.055	0.172	0.003	0.352
sad	0.128	0.000	0.313	0.052	0.321	0.003	0.183
sad	0.031	0.000	0.177	0.059	0.505	0.003	0.224
sad	0.038	0.001	0.334	0.018	0.440	0.003	0.166
fear	0.137	0.000	0.368	0.071	0.288	0.003	0.132
fear	0.122	0.000	0.387	0.035	0.315	0.002	0.140
fear	0.078	0.002	0.383	0.049	0.370	0.002	0.116
fear	0.116	0.000	0.409	0.048	0.283	0.003	0.142
sad	0.194	0.000	0.263	0.109	0.331	0.003	0.100
sad	0.122	0.000	0.358	0.055	0.390	0.001	0.073
sad	0.195	0.000	0.327	0.051	0.353	0.003	0.071
sad	0.136	0.000	0.276	0.046	0.370	0.001	0.171
sad	0.152	0.001	0.307	0.048	0.404	0.001	0.088
fear	0.156	0.000	0.405	0.031	0.341	0.002	0.064
fear	0.135	0.001	0.372	0.058	0.357	0.003	0.073
sad	0.043	0.001	0.169	0.011	0.709	0.001	0.067
sad	0.073	0.001	0.186	0.042	0.543	0.002	0.153
sad	0.136	0.002	0.322	0.047	0.378	0.003	0.112
sad	0.094	0.001	0.372	0.030	0.415	0.002	0.086
sad	0.151	0.000	0.283	0.027	0.468	0.003	0.068
fear	0.158	0.001	0.382	0.027	0.372	0.003	0.058
sad	0.180	0.000	0.344	0.019	0.424	0.003	0.029
fear	0.156	0.000	0.392	0.023	0.390	0.004	0.035
sad	0.268	0.001	0.308	0.025	0.355	0.002	0.041
sad	0.189	0.000	0.264	0.021	0.477	0.002	0.046
sad	0.192	0.000	0.343	0.021	0.402	0.002	0.040
sad	0.200	0.001	0.321	0.017	0.344	0.002	0.116
angry	0.364	0.000	0.235	0.111	0.115	0.004	0.170
neutral	0.195	0.001	0.185	0.101	0.230	0.004	0.284
sad	0.154	0.003	0.281	0.051	0.322	0.006	0.182
neutral	0.232	0.003	0.241	0.084	0.155	0.008	0.277
neutral	0.150	0.003	0.214	0.107	0.243	0.006	0.278
neutral	0.116	0.001	0.157	0.109	0.300	0.005	0.312
sad	0.138	0.001	0.257	0.058	0.278	0.004	0.264
neutral	0.180	0.002	0.215	0.097	0.221	0.006	0.279
sad	0.023	0.002	0.127	0.033	0.534	0.001	0.281
sad	0.047	0.001	0.136	0.063	0.484	0.002	0.268
sad	0.057	0.003	0.251	0.015	0.521	0.004	0.149
sad	0.083	0.003	0.399	0.012	0.419	0.007	0.078
sad	0.057	0.004	0.332	0.017	0.463	0.008	0.120
neutral	0.186	0.002	0.138	0.098	0.202	0.007	0.367
sad	0.144	0.000	0.144	0.010	0.584	0.003	0.115
sad	0.166	0.000	0.060	0.011	0.544	0.001	0.217
sad	0.178	0.000	0.068	0.014	0.615	0.001	0.123
sad	0.295	0.001	0.221	0.006	0.315	0.104	0.057
sad	0.185	0.047	0.242	0.001	0.486	0.011	0.029
sad	0.050	0.000	0.263	0.002	0.495	0.003	0.187
sad	0.161	0.002	0.220	0.003	0.341	0.011	0.263
sad	0.305	0.001	0.062	0.007	0.390	0.005	0.230
sad	0.079	0.000	0.076	0.002	0.693	0.001	0.149
sad	0.044	0.000	0.153	0.002	0.741	0.001	0.059
neutral	0.102	0.000	0.071	0.034	0.337	0.001	0.454
sad	0.021	0.000	0.036	0.226	0.420	0.004	0.294
happy	0.087	0.000	0.046	0.407	0.305	0.016	0.139
sad	0.092	0.009	0.078	0.182	0.478	0.010	0.151
sad	0.048	0.000	0.078	0.130	0.563	0.001	0.179
sad	0.034	0.001	0.039	0.031	0.747	0.000	0.148
sad	0.030	0.005	0.016	0.034	0.712	0.000	0.202
sad	0.023	0.002	0.010	0.032	0.703	0.001	0.230
sad	0.083	0.150	0.057	0.009	0.625	0.001	0.075
sad	0.104	0.066	0.039	0.021	0.532	0.001	0.237
sad	0.128	0.219	0.017	0.013	0.389	0.001	0.234
sad	0.168	0.143	0.027	0.010	0.456	0.001	0.194
neutral	0.228	0.033	0.036	0.012	0.123	0.019	0.548
neutral	0.193	0.023	0.030	0.025	0.250	0.003	0.476
sad	0.071	0.032	0.013	0.016	0.500	0.001	0.368
neutral	0.097	0.006	0.016	0.050	0.276	0.002	0.553
neutral	0.078	0.006	0.023	0.038	0.411	0.001	0.444
sad	0.130	0.090	0.020	0.046	0.468	0.000	0.246
sad	0.140	0.040	0.029	0.065	0.458	0.001	0.267
sad	0.283	0.049	0.027	0.029	0.436	0.001	0.175
sad	0.096	0.097	0.026	0.041	0.508	0.000	0.232
sad	0.096	0.022	0.027	0.029	0.630	0.000	0.195
sad	0.058	0.014	0.046	0.015	0.656	0.001	0.211
sad	0.151	0.107	0.023	0.030	0.453	0.000	0.236
neutral	0.098	0.075	0.028	0.098	0.198	0.001	0.502
neutral	0.127	0.055	0.026	0.065	0.241	0.001	0.484
neutral	0.189	0.021	0.025	0.099	0.286	0.001	0.380
neutral	0.128	0.031	0.028	0.151	0.236	0.002	0.423
neutral	0.238	0.009	0.041	0.147	0.252	0.001	0.312
neutral	0.173	0.011	0.031	0.152	0.288	0.001	0.343
neutral	0.173	0.015	0.040	0.182	0.267	0.002	0.320
neutral	0.164	0.023	0.045	0.172	0.225	0.003	0.368
neutral	0.151	0.010	0.053	0.114	0.224	0.003	0.445
neutral	0.145	0.014	0.033	0.243	0.205	0.003	0.357
neutral	0.136	0.033	0.040	0.207	0.261	0.003	0.321
neutral	0.101	0.019	0.046	0.213	0.296	0.003	0.321
neutral	0.253	0.006	0.042	0.076	0.213	0.003	0.407
neutral	0.160	0.036	0.048	0.197	0.208	0.005	0.345
neutral	0.153	0.014	0.044	0.187	0.199	0.003	0.400
neutral	0.153	0.014	0.042	0.163	0.201	0.003	0.424
neutral	0.152	0.014	0.052	0.125	0.167	0.004	0.487
sad	0.073	0.010	0.060	0.018	0.572	0.002	0.264
sad	0.061	0.005	0.021	0.014	0.517	0.002	0.380
neutral	0.269	0.001	0.054	0.022	0.196	0.003	0.455
sad	0.208	0.000	0.011	0.008	0.447	0.000	0.326
sad	0.069	0.000	0.031	0.004	0.688	0.000	0.208
neutral	0.060	0.000	0.061	0.018	0.402	0.000	0.459
neutral	0.086	0.005	0.198	0.056	0.229	0.002	0.423
neutral	0.162	0.001	0.189	0.023	0.182	0.002	0.442
neutral	0.069	0.002	0.114	0.043	0.127	0.002	0.642
neutral	0.115	0.002	0.130	0.018	0.123	0.002	0.609
neutral	0.127	0.003	0.093	0.070	0.130	0.002	0.576
neutral	0.105	0.002	0.071	0.090	0.106	0.001	0.625
neutral	0.156	0.001	0.073	0.048	0.100	0.003	0.618
neutral	0.236	0.005	0.089	0.088	0.137	0.003	0.443
neutral	0.165	0.003	0.082	0.086	0.112	0.003	0.548
neutral	0.177	0.002	0.046	0.097	0.065	0.004	0.608
neutral	0.298	0.015	0.079	0.071	0.183	0.003	0.351
neutral	0.089	0.013	0.033	0.143	0.195	0.001	0.527
neutral	0.086	0.003	0.018	0.262	0.158	0.001	0.472
neutral	0.114	0.013	0.029	0.200	0.156	0.001	0.487
neutral	0.106	0.011	0.035	0.229	0.165	0.000	0.455
neutral	0.149	0.001	0.029	0.202	0.134	0.004	0.481
neutral	0.109	0.002	0.034	0.138	0.156	0.004	0.557
neutral	0.058	0.002	0.033	0.054	0.160	0.002	0.691
neutral	0.072	0.002	0.021	0.060	0.227	0.002	0.617
neutral	0.087	0.004	0.035	0.068	0.197	0.003	0.606
neutral	0.088	0.002	0.060	0.061	0.216	0.004	0.570
neutral	0.071	0.001	0.037	0.055	0.193	0.003	0.639
neutral	0.086	0.004	0.051	0.040	0.252	0.003	0.563
neutral	0.134	0.003	0.077	0.034	0.284	0.002	0.466
neutral	0.065	0.001	0.021	0.073	0.145	0.002	0.693
neutral	0.060	0.001	0.014	0.074	0.130	0.002	0.718
neutral	0.074	0.003	0.031	0.066	0.189	0.002	0.635
neutral	0.109	0.005	0.040	0.076	0.213	0.003	0.554
neutral	0.059	0.002	0.017	0.107	0.105	0.002	0.707
neutral	0.051	0.002	0.039	0.066	0.160	0.003	0.680
neutral	0.050	0.004	0.043	0.049	0.208	0.002	0.643
neutral	0.060	0.001	0.043	0.062	0.095	0.004	0.735
neutral	0.069	0.001	0.071	0.066	0.115	0.006	0.672
neutral	0.048	0.001	0.029	0.084	0.089	0.005	0.743
neutral	0.057	0.002	0.075	0.044	0.227	0.005	0.589
neutral	0.035	0.001	0.054	0.027	0.158	0.008	0.717
neutral	0.039	0.001	0.041	0.067	0.168	0.001	0.683
neutral	0.052	0.003	0.049	0.068	0.213	0.003	0.612
neutral	0.072	0.001	0.124	0.034	0.273	0.004	0.492
neutral	0.058	0.005	0.049	0.066	0.201	0.002	0.618
neutral	0.057	0.003	0.061	0.038	0.269	0.002	0.570
neutral	0.063	0.003	0.042	0.076	0.215	0.002	0.600
neutral	0.031	0.001	0.096	0.053	0.219	0.006	0.593
neutral	0.061	0.006	0.065	0.035	0.211	0.003	0.618
sad	0.080	0.002	0.087	0.016	0.479	0.001	0.334
neutral	0.132	0.000	0.069	0.014	0.226	0.000	0.559
neutral	0.248	0.000	0.016	0.015	0.320	0.000	0.400
sad	0.163	0.002	0.030	0.013	0.428	0.001	0.364
sad	0.204	0.002	0.016	0.010	0.407	0.001	0.360
sad	0.136	0.001	0.032	0.013	0.547	0.001	0.271
sad	0.242	0.004	0.017	0.009	0.435	0.000	0.292
sad	0.157	0.014	0.061	0.008	0.453	0.002	0.305
neutral	0.220	0.018	0.029	0.008	0.324	0.002	0.399
sad	0.107	0.005	0.039	0.004	0.690	0.001	0.154
sad	0.186	0.004	0.044	0.009	0.482	0.001	0.273
sad	0.217	0.010	0.034	0.012	0.455	0.002	0.270
sad	0.248	0.012	0.039	0.008	0.457	0.001	0.235
sad	0.178	0.008	0.042	0.013	0.381	0.003	0.375
sad	0.212	0.017	0.041	0.011	0.554	0.001	0.165
neutral	0.197	0.011	0.050	0.031	0.347	0.003	0.360
neutral	0.270	0.016	0.024	0.031	0.284	0.002	0.374
neutral	0.273	0.029	0.017	0.045	0.167	0.003	0.466
neutral	0.184	0.007	0.017	0.017	0.178	0.002	0.595
neutral	0.223	0.017	0.021	0.049	0.245	0.003	0.442
neutral	0.225	0.006	0.038	0.021	0.315	0.005	0.389
neutral	0.169	0.011	0.050	0.014	0.365	0.004	0.387
neutral	0.222	0.008	0.021	0.051	0.202	0.004	0.492
neutral	0.224	0.020	0.013	0.042	0.294	0.002	0.404
neutral	0.303	0.033	0.021	0.027	0.264	0.002	0.349
neutral	0.278	0.011	0.013	0.020	0.188	0.003	0.488
neutral	0.288	0.020	0.015	0.033	0.200	0.002	0.441
neutral	0.280	0.011	0.019	0.013	0.194	0.004	0.478
neutral	0.241	0.027	0.019	0.035	0.234	0.004	0.441
neutral	0.290	0.007	0.013	0.028	0.174	0.004	0.483
neutral	0.322	0.008	0.015	0.010	0.200	0.001	0.445
angry	0.412	0.012	0.011	0.027	0.212	0.002	0.324
sad	0.266	0.016	0.017	0.013	0.389	0.002	0.298
sad	0.187	0.018	0.015	0.005	0.425	0.001	0.349
neutral	0.196	0.023	0.013	0.020	0.237	0.010	0.502
neutral	0.194	0.039	0.012	0.026	0.323	0.006	0.400
sad	0.181	0.029	0.014	0.024	0.393	0.002	0.357
neutral	0.184	0.025	0.014	0.014	0.301	0.005	0.457
neutral	0.309	0.015	0.009	0.023	0.231	0.004	0.410
neutral	0.216	0.007	0.020	0.011	0.352	0.003	0.390
neutral	0.259	0.002	0.012	0.009	0.250	0.003	0.465
sad	0.259	0.003	0.022	0.002	0.509	0.001	0.204
neutral	0.312	0.006	0.014	0.007	0.316	0.003	0.343
neutral	0.260	0.003	0.021	0.005	0.330	0.003	0.377
neutral	0.234	0.006	0.014	0.021	0.206	0.003	0.515
sad	0.041	0.002	0.017	0.004	0.892	0.000	0.043
sad	0.142	0.010	0.025	0.010	0.593	0.002	0.217
sad	0.149	0.064	0.023	0.010	0.489	0.002	0.264
angry	0.339	0.078	0.014	0.008	0.311	0.008	0.240
neutral	0.249	0.033	0.016	0.013	0.318	0.007	0.366
neutral	0.221	0.083	0.011	0.015	0.258	0.008	0.404
sad	0.327	0.072	0.020	0.002	0.465	0.006	0.109
neutral	0.232	0.037	0.013	0.017	0.339	0.005	0.357
sad	0.196	0.072	0.013	0.012	0.396	0.004	0.307
neutral	0.209	0.024	0.016	0.012	0.357	0.008	0.373
neutral	0.171	0.024	0.010	0.013	0.382	0.006	0.393
sad	0.205	0.036	0.018	0.031	0.362	0.006	0.341
neutral	0.164	0.039	0.012	0.023	0.349	0.004	0.409
sad	0.273	0.064	0.032	0.009	0.361	0.007	0.254
sad	0.267	0.042	0.017	0.013	0.363	0.004	0.294
sad	0.242	0.055	0.031	0.009	0.373	0.009	0.281
sad	0.278	0.038	0.026	0.003	0.541	0.004	0.110
sad	0.294	0.046	0.019	0.008	0.387	0.003	0.243
neutral	0.244	0.022	0.016	0.014	0.347	0.003	0.355
sad	0.305	0.118	0.046	0.003	0.430	0.003	0.096
sad	0.199	0.062	0.030	0.010	0.393	0.005	0.301
sad	0.236	0.078	0.032	0.015	0.355	0.004	0.279
