prediction	angry	disgust	fear	happy	sad	surprise	neutral
angry	0.424	0.001	0.029	0.001	0.302	0.001	0.242
angry	0.531	0.000	0.002	0.002	0.106	0.000	0.358
neutral	0.296	0.000	0.004	0.003	0.089	0.000	0.607
happy	0.029	0.000	0.033	0.602	0.201	0.006	0.128
neutral	0.300	0.000	0.002	0.001	0.054	0.000	0.642
neutral	0.315	0.000	0.006	0.001	0.095	0.000	0.582
neutral	0.269	0.000	0.006	0.001	0.127	0.000	0.596
neutral	0.308	0.000	0.006	0.001	0.106	0.000	0.578
neutral	0.203	0.000	0.007	0.001	0.091	0.001	0.698
neutral	0.205	0.000	0.005	0.002	0.174	0.001	0.613
neutral	0.401	0.000	0.005	0.001	0.099	0.000	0.494
happy	0.016	0.000	0.045	0.501	0.251	0.010	0.176
angry	0.412	0.000	0.008	0.001	0.211	0.001	0.367
neutral	0.152	0.000	0.006	0.001	0.132	0.001	0.708
sad	0.059	0.000	0.136	0.032	0.557	0.002	0.215
angry	0.456	0.000	0.005	0.002	0.119	0.000	0.417
sad	0.032	0.001	0.057	0.282	0.404	0.019	0.205
sad	0.069	0.000	0.132	0.018	0.573	0.001	0.207
neutral	0.240	0.000	0.006	0.004	0.077	0.001	0.673
neutral	0.183	0.000	0.005	0.004	0.098	0.001	0.710
neutral	0.111	0.000	0.003	0.005	0.043	0.002	0.836
sad	0.043	0.000	0.070	0.234	0.558	0.015	0.080
neutral	0.205	0.001	0.007	0.003	0.053	0.002	0.729
happy	0.051	0.000	0.041	0.631	0.171	0.051	0.055
neutral	0.153	0.000	0.005	0.003	0.042	0.002	0.793
happy	0.046	0.000	0.024	0.613	0.200	0.033	0.084
neutral	0.199	0.001	0.006	0.002	0.044	0.004	0.744
neutral	0.275	0.001	0.007	0.003	0.072	0.005	0.636
neutral	0.257	0.000	0.006	0.002	0.133	0.001	0.601
neutral	0.233	0.000	0.006	0.001	0.114	0.001	0.645
neutral	0.119	0.000	0.007	0.001	0.131	0.001	0.742
happy	0.058	0.000	0.046	0.448	0.281	0.034	0.133
neutral	0.112	0.000	0.003	0.020	0.097	0.002	0.765
neutral	0.138	0.000	0.003	0.057	0.103	0.001	0.699
neutral	0.106	0.000	0.001	0.195	0.034	0.001	0.662
neutral	0.129	0.000	0.001	0.157	0.043	0.001	0.669
sad	0.013	0.000	0.208	0.010	0.716	0.041	0.011
neutral	0.081	0.000	0.001	0.055	0.053	0.001	0.808
happy	0.049	0.000	0.047	0.376	0.363	0.008	0.156
neutral	0.088	0.000	0.002	0.018	0.069	0.001	0.823
happy	0.058	0.000	0.039	0.510	0.269	0.018	0.107
neutral	0.075	0.000	0.002	0.015	0.074	0.000	0.833
happy	0.044	0.000	0.023	0.735	0.112	0.019	0.065
neutral	0.090	0.000	0.001	0.011	0.058	0.001	0.839
happy	0.073	0.000	0.051	0.467	0.262	0.023	0.124
neutral	0.112	0.000	0.001	0.031	0.111	0.001	0.744
sad	0.061	0.004	0.032	0.363	0.405	0.021	0.114
neutral	0.063	0.000	0.001	0.017	0.054	0.001	0.864
happy	0.047	0.000	0.042	0.416	0.345	0.021	0.130
neutral	0.100	0.000	0.002	0.009	0.058	0.001	0.830
sad	0.089	0.001	0.042	0.343	0.383	0.016	0.124
neutral	0.060	0.000	0.001	0.007	0.082	0.000	0.850
happy	0.051	0.000	0.058	0.400	0.392	0.013	0.086
neutral	0.062	0.000	0.003	0.003	0.078	0.002	0.852
happy	0.036	0.000	0.029	0.585	0.259	0.016	0.074
neutral	0.099	0.000	0.006	0.005	0.068	0.001	0.821
happy	0.031	0.000	0.026	0.642	0.178	0.009	0.113
neutral	0.067	0.000	0.003	0.008	0.046	0.002	0.873
happy	0.036	0.000	0.016	0.597	0.234	0.013	0.104
neutral	0.102	0.000	0.006	0.007	0.057	0.002	0.827
sad	0.077	0.000	0.104	0.008	0.719	0.001	0.090
neutral	0.244	0.000	0.007	0.003	0.054	0.001	0.690
neutral	0.148	0.000	0.004	0.004	0.031	0.002	0.811
neutral	0.109	0.000	0.003	0.006	0.014	0.002	0.866
neutral	0.105	0.000	0.002	0.016	0.014	0.001	0.862
happy	0.033	0.000	0.029	0.497	0.275	0.006	0.160
happy	0.012	0.000	0.014	0.842	0.066	0.005	0.061
neutral	0.086	0.001	0.005	0.070	0.019	0.011	0.808
neutral	0.045	0.000	0.004	0.011	0.017	0.004	0.918
happy	0.022	0.000	0.021	0.809	0.090	0.011	0.047
neutral	0.029	0.000	0.003	0.011	0.012	0.002	0.943
happy	0.024	0.000	0.009	0.833	0.056	0.009	0.068
neutral	0.121	0.001	0.007	0.003	0.032	0.003	0.833
neutral	0.081	0.000	0.007	0.008	0.041	0.003	0.860
happy	0.057	0.001	0.124	0.543	0.105	0.013	0.158
neutral	0.179	0.004	0.033	0.193	0.122	0.019	0.449
neutral	0.230	0.001	0.066	0.230	0.154	0.036	0.283
sad	0.281	0.001	0.113	0.058	0.332	0.028	0.187
sad	0.257	0.001	0.242	0.033	0.332	0.025	0.111
neutral	0.250	0.000	0.011	0.013	0.100	0.000	0.624
sad	0.096	0.000	0.041	0.001	0.448	0.000	0.413
sad	0.145	0.000	0.035	0.008	0.463	0.001	0.348
neutral	0.127	0.001	0.079	0.025	0.201	0.017	0.550
neutral	0.342	0.003	0.040	0.036	0.126	0.003	0.450
angry	0.609	0.032	0.057	0.011	0.085	0.003	0.202
neutral	0.329	0.003	0.034	0.023	0.107	0.003	0.501
neutral	0.319	0.006	0.034	0.007	0.099	0.003	0.531
neutral	0.097	0.000	0.005	0.007	0.041	0.001	0.849
neutral	0.052	0.000	0.012	0.007	0.061	0.002	0.865
neutral	0.092	0.000	0.086	0.001	0.360	0.001	0.459
neutral	0.170	0.026	0.025	0.003	0.120	0.004	0.652
neutral	0.027	0.001	0.003	0.002	0.047	0.000	0.921
neutral	0.048	0.002	0.004	0.004	0.020	0.007	0.916
neutral	0.043	0.000	0.007	0.008	0.043	0.000	0.899
neutral	0.087	0.001	0.016	0.054	0.076	0.001	0.765
neutral	0.051	0.000	0.060	0.006	0.111	0.007	0.764
neutral	0.088	0.000	0.022	0.002	0.082	0.002	0.804
neutral	0.113	0.001	0.037	0.004	0.062	0.006	0.778
neutral	0.067	0.001	0.019	0.007	0.025	0.009	0.872
neutral	0.095	0.000	0.041	0.002	0.326	0.001	0.535
neutral	0.062	0.000	0.014	0.002	0.099	0.000	0.822
neutral	0.059	0.000	0.021	0.002	0.032	0.005	0.881
neutral	0.015	0.000	0.005	0.002	0.023	0.002	0.954
neutral	0.037	0.000	0.004	0.002	0.015	0.001	0.940
neutral	0.031	0.001	0.012	0.011	0.043	0.005	0.897
neutral	0.032	0.001	0.026	0.009	0.069	0.010	0.854
neutral	0.028	0.001	0.017	0.009	0.047	0.003	0.894
neutral	0.014	0.001	0.009	0.014	0.027	0.002	0.933
neutral	0.033	0.000	0.004	0.034	0.010	0.002	0.915
neutral	0.029	0.002	0.003	0.140	0.011	0.001	0.813
neutral	0.033	0.001	0.006	0.040	0.018	0.001	0.901
neutral	0.048	0.002	0.008	0.011	0.030	0.001	0.901
neutral	0.014	0.000	0.003	0.009	0.012	0.000	0.962
neutral	0.078	0.000	0.004	0.004	0.031	0.000	0.884
neutral	0.024	0.000	0.006	0.008	0.023	0.000	0.938
neutral	0.080	0.000	0.013	0.036	0.036	0.010	0.825
neutral	0.035	0.000	0.004	0.044	0.013	0.001	0.903
neutral	0.022	0.001	0.002	0.208	0.008	0.002	0.758
neutral	0.071	0.000	0.002	0.136	0.028	0.003	0.760
neutral	0.066	0.001	0.003	0.107	0.031	0.003	0.789
neutral	0.077	0.000	0.001	0.174	0.030	0.002	0.716
neutral	0.060	0.000	0.001	0.249	0.019	0.002	0.669
happy	0.079	0.000	0.063	0.538	0.166	0.013	0.140
neutral	0.065	0.000	0.001	0.251	0.025	0.002	0.656
happy	0.038	0.000	0.076	0.484	0.177	0.030	0.196
neutral	0.056	0.001	0.001	0.220	0.036	0.002	0.684
neutral	0.076	0.004	0.072	0.222	0.266	0.038	0.322
neutral	0.050	0.000	0.001	0.328	0.025	0.005	0.590
happy	0.041	0.000	0.048	0.548	0.146	0.025	0.191
neutral	0.053	0.000	0.001	0.284	0.032	0.008	0.622
happy	0.037	0.001	0.043	0.569	0.142	0.038	0.170
neutral	0.021	0.000	0.001	0.093	0.026	0.002	0.857
happy	0.051	0.001	0.072	0.318	0.219	0.026	0.312
neutral	0.055	0.000	0.003	0.118	0.037	0.004	0.782
happy	0.052	0.000	0.138	0.339	0.275	0.030	0.166
neutral	0.038	0.000	0.001	0.117	0.024	0.001	0.819
sad	0.061	0.002	0.102	0.276	0.295	0.014	0.250
neutral	0.063	0.000	0.002	0.079	0.028	0.002	0.824
neutral	0.056	0.001	0.084	0.274	0.242	0.019	0.323
neutral	0.090	0.000	0.002	0.077	0.030	0.001	0.799
happy	0.045	0.001	0.043	0.549	0.139	0.023	0.200
neutral	0.052	0.000	0.002	0.073	0.027	0.002	0.843
happy	0.055	0.000	0.058	0.587	0.136	0.021	0.142
neutral	0.050	0.000	0.003	0.068	0.035	0.002	0.842
happy	0.053	0.001	0.096	0.416	0.229	0.022	0.182
neutral	0.064	0.000	0.003	0.054	0.053	0.001	0.825
happy	0.043	0.002	0.061	0.422	0.209	0.040	0.223
neutral	0.125	0.000	0.005	0.055	0.065	0.002	0.748
neutral	0.042	0.002	0.060	0.298	0.215	0.025	0.360
neutral	0.026	0.000	0.004	0.007	0.034	0.000	0.928
happy	0.036	0.002	0.042	0.481	0.140	0.009	0.291
neutral	0.038	0.000	0.005	0.009	0.053	0.000	0.895
happy	0.074	0.008	0.084	0.431	0.171	0.034	0.198
neutral	0.080	0.000	0.011	0.003	0.089	0.001	0.816
neutral	0.074	0.015	0.074	0.320	0.141	0.039	0.336
neutral	0.099	0.000	0.010	0.003	0.102	0.000	0.785
neutral	0.058	0.004	0.081	0.288	0.254	0.020	0.294
neutral	0.060	0.000	0.011	0.003	0.078	0.001	0.847
happy	0.059	0.008	0.068	0.462	0.161	0.015	0.227
neutral	0.076	0.001	0.010	0.006	0.055	0.001	0.853
neutral	0.066	0.016	0.091	0.218	0.232	0.024	0.352
neutral	0.121	0.001	0.015	0.004	0.128	0.001	0.730
neutral	0.067	0.005	0.084	0.288	0.170	0.020	0.365
neutral	0.097	0.000	0.015	0.003	0.115	0.001	0.769
happy	0.053	0.002	0.045	0.440	0.152	0.034	0.274
neutral	0.118	0.001	0.008	0.008	0.090	0.001	0.775
happy	0.051	0.002	0.036	0.537	0.124	0.016	0.233
neutral	0.114	0.000	0.012	0.003	0.136	0.001	0.734
happy	0.049	0.001	0.049	0.557	0.124	0.016	0.204
neutral	0.135	0.000	0.014	0.005	0.122	0.002	0.722
happy	0.061	0.002	0.042	0.505	0.173	0.024	0.194
neutral	0.151	0.000	0.012	0.003	0.140	0.001	0.693
sad	0.096	0.008	0.110	0.138	0.397	0.018	0.232
neutral	0.261	0.000	0.017	0.001	0.138	0.000	0.583
happy	0.079	0.003	0.169	0.395	0.144	0.026	0.184
neutral	0.260	0.000	0.027	0.002	0.107	0.003	0.601
happy	0.050	0.002	0.090	0.474	0.155	0.029	0.200
neutral	0.279	0.000	0.040	0.001	0.090	0.006	0.584
happy	0.037	0.001	0.051	0.584	0.129	0.041	0.157
angry	0.722	0.000	0.012	0.000	0.086	0.000	0.179
happy	0.055	0.001	0.067	0.524	0.135	0.025	0.193
angry	0.697	0.000	0.019	0.000	0.155	0.000	0.128
happy	0.076	0.003	0.115	0.327	0.235	0.013	0.232
angry	0.460	0.000	0.016	0.001	0.095	0.001	0.427
happy	0.065	0.001	0.078	0.355	0.181	0.033	0.288
neutral	0.262	0.000	0.011	0.003	0.077	0.002	0.645
happy	0.078	0.001	0.074	0.368	0.176	0.023	0.281
angry	0.552	0.014	0.036	0.002	0.060	0.001	0.334
happy	0.041	0.002	0.075	0.404	0.183	0.026	0.269
neutral	0.373	0.000	0.007	0.003	0.047	0.000	0.569
happy	0.053	0.002	0.070	0.510	0.162	0.023	0.179
neutral	0.200	0.000	0.007	0.003	0.037	0.000	0.753
sad	0.054	0.002	0.108	0.236	0.317	0.010	0.274
neutral	0.066	0.004	0.099	0.190	0.299	0.025	0.317
neutral	0.275	0.000	0.005	0.007	0.026	0.000	0.686
happy	0.032	0.003	0.073	0.462	0.204	0.039	0.187
neutral	0.328	0.000	0.005	0.003	0.040	0.000	0.623
happy	0.039	0.001	0.065	0.431	0.251	0.023	0.189
neutral	0.305	0.001	0.015	0.002	0.086	0.000	0.592
happy	0.069	0.001	0.118	0.390	0.181	0.022	0.218
neutral	0.322	0.000	0.018	0.001	0.112	0.000	0.545
sad	0.066	0.000	0.091	0.261	0.292	0.013	0.277
happy	0.040	0.001	0.087	0.479	0.216	0.022	0.154
neutral	0.297	0.000	0.012	0.001	0.096	0.000	0.593
neutral	0.256	0.000	0.017	0.002	0.091	0.000	0.633
happy	0.049	0.001	0.101	0.459	0.168	0.023	0.198
neutral	0.296	0.000	0.016	0.001	0.128	0.000	0.559
happy	0.072	0.001	0.085	0.362	0.194	0.026	0.259
neutral	0.230	0.000	0.022	0.001	0.077	0.001	0.670
happy	0.043	0.002	0.058	0.516	0.127	0.018	0.236
neutral	0.230	0.000	0.006	0.001	0.058	0.000	0.705
neutral	0.205	0.000	0.008	0.001	0.058	0.000	0.728
angry	0.530	0.000	0.019	0.000	0.072	0.001	0.377
happy	0.060	0.002	0.060	0.575	0.094	0.018	0.190
angry	0.476	0.000	0.019	0.001	0.105	0.002	0.398
happy	0.045	0.001	0.063	0.476	0.109	0.042	0.264
neutral	0.415	0.000	0.021	0.000	0.089	0.001	0.473
happy	0.098	0.003	0.084	0.295	0.224	0.016	0.279
angry	0.599	0.001	0.018	0.000	0.069	0.001	0.311
happy	0.078	0.001	0.070	0.344	0.206	0.018	0.282
neutral	0.299	0.000	0.014	0.000	0.058	0.001	0.627
happy	0.082	0.004	0.109	0.429	0.151	0.029	0.196
happy	0.051	0.002	0.081	0.616	0.073	0.051	0.126
angry	0.543	0.000	0.014	0.000	0.046	0.001	0.395
happy	0.057	0.001	0.089	0.540	0.110	0.026	0.178
angry	0.623	0.000	0.016	0.000	0.072	0.001	0.288
angry	0.529	0.000	0.017	0.000	0.059	0.001	0.394
happy	0.024	0.001	0.037	0.751	0.046	0.022	0.120
happy	0.041	0.002	0.052	0.630	0.084	0.035	0.157
neutral	0.423	0.000	0.013	0.000	0.079	0.001	0.483
angry	0.583	0.000	0.013	0.001	0.069	0.000	0.333
happy	0.055	0.004	0.043	0.542	0.118	0.023	0.215
happy	0.031	0.002	0.047	0.700	0.059	0.028	0.132
neutral	0.443	0.000	0.016	0.000	0.058	0.001	0.482
happy	0.040	0.001	0.040	0.568	0.080	0.031	0.241
angry	0.465	0.000	0.015	0.001	0.074	0.001	0.444
happy	0.041	0.001	0.041	0.560	0.100	0.012	0.245
angry	0.548	0.000	0.018	0.001	0.058	0.001	0.375
happy	0.043	0.002	0.053	0.559	0.104	0.017	0.223
angry	0.496	0.000	0.017	0.001	0.078	0.001	0.407
happy	0.024	0.001	0.047	0.618	0.067	0.029	0.215
angry	0.562	0.000	0.013	0.000	0.079	0.000	0.345
happy	0.044	0.001	0.064	0.586	0.086	0.031	0.189
neutral	0.388	0.000	0.014	0.001	0.086	0.001	0.510
happy	0.044	0.001	0.034	0.599	0.076	0.021	0.224
angry	0.563	0.000	0.016	0.001	0.065	0.001	0.355
happy	0.035	0.001	0.041	0.644	0.047	0.027	0.205
neutral	0.425	0.000	0.017	0.000	0.067	0.001	0.490
happy	0.026	0.000	0.032	0.730	0.055	0.017	0.139
neutral	0.302	0.000	0.014	0.001	0.077	0.001	0.606
happy	0.033	0.001	0.043	0.717	0.071	0.024	0.110
happy	0.034	0.001	0.061	0.674	0.063	0.031	0.136
neutral	0.391	0.000	0.013	0.001	0.079	0.001	0.515
angry	0.486	0.000	0.015	0.001	0.081	0.001	0.416
happy	0.020	0.001	0.026	0.792	0.043	0.016	0.101
angry	0.509	0.000	0.018	0.000	0.061	0.000	0.411
happy	0.038	0.002	0.068	0.633	0.074	0.036	0.149
angry	0.568	0.000	0.018	0.001	0.059	0.000	0.354
happy	0.039	0.004	0.034	0.645	0.075	0.018	0.184
neutral	0.286	0.000	0.016	0.000	0.053	0.002	0.642
happy	0.054	0.002	0.083	0.556	0.099	0.033	0.174
neutral	0.379	0.000	0.016	0.001	0.067	0.001	0.537
happy	0.042	0.002	0.058	0.631	0.068	0.029	0.169
happy	0.044	0.001	0.041	0.639	0.079	0.025	0.171
neutral	0.264	0.000	0.012	0.001	0.080	0.001	0.643
neutral	0.369	0.000	0.013	0.001	0.070	0.000	0.547
happy	0.041	0.002	0.045	0.593	0.098	0.027	0.194
angry	0.474	0.000	0.015	0.000	0.092	0.001	0.418
happy	0.057	0.002	0.113	0.515	0.094	0.037	0.182
angry	0.560	0.000	0.014	0.000	0.081	0.001	0.343
happy	0.035	0.002	0.051	0.645	0.066	0.037	0.165
neutral	0.336	0.000	0.013	0.001	0.107	0.001	0.542
happy	0.049	0.004	0.069	0.545	0.085	0.034	0.215
happy	0.038	0.002	0.049	0.584	0.102	0.032	0.194
happy	0.043	0.003	0.067	0.546	0.087	0.041	0.214
neutral	0.310	0.000	0.011	0.001	0.085	0.001	0.593
happy	0.055	0.001	0.100	0.588	0.101	0.023	0.132
neutral	0.319	0.000	0.011	0.001	0.099	0.001	0.569
happy	0.020	0.001	0.023	0.732	0.047	0.032	0.145
neutral	0.301	0.000	0.025	0.001	0.255	0.002	0.415
neutral	0.154	0.000	0.038	0.001	0.269	0.003	0.536
neutral	0.165	0.000	0.038	0.000	0.354	0.000	0.443
happy	0.063	0.002	0.095	0.429	0.139	0.039	0.234
neutral	0.093	0.000	0.015	0.000	0.137	0.001	0.755
happy	0.044	0.003	0.061	0.492	0.120	0.049	0.231
angry	0.456	0.000	0.011	0.000	0.090	0.001	0.442
happy	0.044	0.003	0.046	0.606	0.069	0.059	0.173
angry	0.521	0.000	0.011	0.000	0.072	0.001	0.395
happy	0.079	0.003	0.106	0.352	0.146	0.045	0.267
angry	0.526	0.000	0.011	0.000	0.065	0.001	0.397
angry	0.540	0.000	0.007	0.000	0.066	0.001	0.386
happy	0.019	0.001	0.018	0.806	0.039	0.017	0.100
happy	0.030	0.001	0.034	0.668	0.080	0.025	0.163
neutral	0.428	0.000	0.009	0.001	0.052	0.001	0.509
happy	0.031	0.002	0.038	0.643	0.090	0.024	0.172
happy	0.055	0.002	0.078	0.575	0.091	0.038	0.161
neutral	0.298	0.000	0.012	0.001	0.056	0.001	0.633
happy	0.047	0.002	0.068	0.612	0.079	0.027	0.166
neutral	0.297	0.000	0.011	0.001	0.057	0.001	0.633
happy	0.048	0.002	0.061	0.455	0.128	0.041	0.263
neutral	0.416	0.000	0.012	0.001	0.046	0.001	0.524
happy	0.049	0.008	0.054	0.541	0.129	0.022	0.197
happy	0.051	0.009	0.035	0.526	0.111	0.040	0.229
angry	0.488	0.001	0.009	0.001	0.064	0.001	0.437
happy	0.042	0.004	0.038	0.636	0.096	0.022	0.161
happy	0.042	0.002	0.030	0.682	0.057	0.039	0.148
neutral	0.361	0.000	0.021	0.001	0.042	0.001	0.574
neutral	0.340	0.000	0.019	0.000	0.046	0.001	0.593
happy	0.041	0.001	0.047	0.725	0.060	0.031	0.095
neutral	0.315	0.000	0.024	0.000	0.090	0.001	0.569
happy	0.058	0.002	0.080	0.516	0.146	0.026	0.171
happy	0.049	0.002	0.085	0.450	0.150	0.046	0.218
angry	0.592	0.000	0.016	0.000	0.074	0.000	0.317
happy	0.062	0.003	0.062	0.427	0.152	0.060	0.234
angry	0.640	0.000	0.010	0.000	0.079	0.001	0.269
angry	0.470	0.000	0.051	0.000	0.173	0.000	0.305
happy	0.052	0.001	0.058	0.301	0.280	0.039	0.268
angry	0.548	0.000	0.019	0.002	0.276	0.001	0.154
angry	0.528	0.002	0.018	0.023	0.227	0.001	0.201
sad	0.026	0.000	0.252	0.004	0.671	0.010	0.037
angry	0.557	0.003	0.020	0.008	0.251	0.001	0.160
angry	0.534	0.000	0.028	0.000	0.367	0.000	0.070
sad	0.028	0.000	0.217	0.010	0.720	0.005	0.019
sad	0.389	0.000	0.015	0.000	0.501	0.000	0.094
angry	0.450	0.000	0.010	0.001	0.218	0.000	0.321
angry	0.708	0.000	0.012	0.001	0.101	0.001	0.178
angry	0.449	0.000	0.013	0.002	0.112	0.001	0.424
neutral	0.402	0.009	0.007	0.097	0.043	0.001	0.441
neutral	0.211	0.004	0.003	0.101	0.054	0.001	0.624
happy	0.317	0.006	0.009	0.330	0.039	0.002	0.298
angry	0.382	0.006	0.008	0.201	0.048	0.002	0.352
neutral	0.331	0.001	0.003	0.075	0.054	0.002	0.533
neutral	0.177	0.001	0.004	0.026	0.031	0.001	0.761
neutral	0.336	0.003	0.012	0.005	0.076	0.001	0.568
neutral	0.376	0.001	0.009	0.001	0.098	0.000	0.515
neutral	0.318	0.000	0.009	0.001	0.058	0.001	0.612
angry	0.490	0.001	0.010	0.001	0.093	0.000	0.404
neutral	0.446	0.000	0.009	0.001	0.092	0.001	0.451
angry	0.493	0.000	0.007	0.000	0.100	0.000	0.399
neutral	0.424	0.000	0.007	0.000	0.135	0.000	0.433
neutral	0.404	0.000	0.007	0.001	0.100	0.000	0.488
neutral	0.356	0.000	0.005	0.000	0.094	0.000	0.545
neutral	0.417	0.000	0.003	0.001	0.057	0.000	0.522
neutral	0.419	0.001	0.013	0.001	0.103	0.000	0.463
neutral	0.428	0.000	0.008	0.001	0.083	0.001	0.480
neutral	0.298	0.000	0.009	0.000	0.109	0.000	0.584
neutral	0.335	0.000	0.008	0.001	0.079	0.000	0.576
neutral	0.393	0.000	0.004	0.001	0.055	0.000	0.547
neutral	0.392	0.000	0.005	0.000	0.058	0.000	0.544
neutral	0.340	0.000	0.007	0.001	0.066	0.000	0.586
neutral	0.234	0.000	0.005	0.001	0.053	0.000	0.707
neutral	0.152	0.000	0.005	0.001	0.047	0.000	0.796
neutral	0.214	0.000	0.003	0.001	0.030	0.001	0.752
neutral	0.279	0.000	0.005	0.001	0.049	0.000	0.666
neutral	0.238	0.000	0.006	0.001	0.047	0.000	0.708
neutral	0.422	0.000	0.008	0.002	0.058	0.001	0.508
neutral	0.392	0.000	0.005	0.001	0.027	0.001	0.575
neutral	0.276	0.000	0.008	0.001	0.060	0.000	0.655
neutral	0.315	0.000	0.005	0.002	0.038	0.002	0.639
neutral	0.281	0.000	0.005	0.001	0.047	0.000	0.666
neutral	0.301	0.000	0.007	0.001	0.060	0.000	0.631
neutral	0.273	0.000	0.009	0.001	0.047	0.002	0.668
neutral	0.262	0.000	0.006	0.001	0.046	0.001	0.684
neutral	0.352	0.000	0.009	0.001	0.059	0.001	0.578
neutral	0.398	0.000	0.008	0.001	0.058	0.001	0.534
neutral	0.364	0.000	0.007	0.001	0.063	0.000	0.564
neutral	0.323	0.000	0.008	0.002	0.040	0.001	0.626
neutral	0.312	0.000	0.009	0.001	0.063	0.001	0.615
neutral	0.359	0.000	0.009	0.001	0.087	0.001	0.542
neutral	0.376	0.000	0.008	0.001	0.059	0.002	0.555
neutral	0.358	0.000	0.004	0.001	0.089	0.000	0.547
neutral	0.282	0.000	0.007	0.003	0.066	0.001	0.642
angry	0.513	0.000	0.008	0.001	0.096	0.000	0.382
angry	0.535	0.000	0.010	0.001	0.119	0.000	0.335
neutral	0.420	0.000	0.008	0.001	0.072	0.000	0.499
neutral	0.413	0.000	0.007	0.001	0.103	0.000	0.477
neutral	0.412	0.000	0.008	0.001	0.081	0.000	0.499
angry	0.479	0.000	0.015	0.001	0.101	0.000	0.404
neutral	0.359	0.000	0.010	0.001	0.065	0.003	0.562
neutral	0.270	0.000	0.009	0.001	0.078	0.001	0.641
neutral	0.417	0.000	0.006	0.001	0.104	0.000	0.471
neutral	0.448	0.000	0.012	0.001	0.078	0.001	0.460
neutral	0.322	0.000	0.007	0.001	0.046	0.001	0.623
angry	0.454	0.000	0.008	0.001	0.090	0.000	0.447
neutral	0.328	0.000	0.016	0.001	0.092	0.001	0.563
neutral	0.402	0.000	0.008	0.000	0.106	0.001	0.483
angry	0.533	0.000	0.009	0.001	0.104	0.000	0.353
neutral	0.280	0.000	0.011	0.001	0.073	0.001	0.634
neutral	0.378	0.000	0.017	0.000	0.119	0.001	0.485
neutral	0.315	0.000	0.015	0.000	0.133	0.001	0.535
neutral	0.355	0.000	0.013	0.000	0.074	0.001	0.558
neutral	0.294	0.000	0.015	0.000	0.098	0.001	0.592
neutral	0.394	0.000	0.035	0.000	0.112	0.000	0.459
neutral	0.301	0.000	0.023	0.001	0.075	0.000	0.601
