prediction	angry	disgust	fear	happy	sad	surprise	neutral
angry	0.471	0.000	0.005	0.052	0.012	0.007	0.453
angry	0.810	0.000	0.008	0.038	0.016	0.002	0.127
angry	0.511	0.000	0.026	0.151	0.031	0.009	0.272
angry	0.777	0.000	0.006	0.021	0.019	0.001	0.175
angry	0.576	0.000	0.011	0.032	0.029	0.004	0.348
angry	0.709	0.000	0.007	0.015	0.027	0.002	0.240
angry	0.643	0.000	0.003	0.038	0.013	0.003	0.301
angry	0.723	0.000	0.009	0.015	0.030	0.001	0.222
angry	0.769	0.000	0.006	0.017	0.021	0.002	0.186
angry	0.759	0.000	0.009	0.028	0.030	0.002	0.172
angry	0.816	0.000	0.005	0.015	0.021	0.001	0.142
angry	0.788	0.000	0.005	0.022	0.021	0.002	0.163
angry	0.787	0.000	0.006	0.032	0.023	0.002	0.149
angry	0.791	0.000	0.006	0.015	0.022	0.001	0.165
angry	0.771	0.000	0.005	0.008	0.021	0.001	0.195
angry	0.764	0.000	0.004	0.011	0.020	0.001	0.201
angry	0.778	0.000	0.006	0.015	0.025	0.001	0.174
angry	0.794	0.000	0.005	0.020	0.021	0.001	0.159
angry	0.808	0.000	0.005	0.015	0.017	0.001	0.153
angry	0.811	0.000	0.004	0.019	0.016	0.002	0.148
angry	0.738	0.000	0.004	0.023	0.020	0.002	0.212
angry	0.752	0.000	0.005	0.024	0.021	0.001	0.197
angry	0.784	0.000	0.005	0.023	0.018	0.001	0.168
angry	0.781	0.000	0.005	0.013	0.019	0.001	0.181
angry	0.815	0.000	0.005	0.019	0.023	0.002	0.136
angry	0.838	0.000	0.007	0.014	0.023	0.001	0.116
angry	0.798	0.000	0.005	0.019	0.016	0.002	0.161
angry	0.831	0.000	0.005	0.018	0.014	0.001	0.130
angry	0.803	0.000	0.007	0.022	0.018	0.002	0.148
angry	0.779	0.000	0.007	0.024	0.022	0.001	0.168
angry	0.737	0.001	0.013	0.019	0.040	0.001	0.190
angry	0.694	0.001	0.018	0.020	0.061	0.001	0.205
angry	0.757	0.001	0.016	0.021	0.041	0.001	0.161
angry	0.739	0.000	0.009	0.026	0.031	0.002	0.193
angry	0.640	0.000	0.013	0.022	0.039	0.001	0.284
angry	0.658	0.001	0.016	0.025	0.065	0.001	0.234
angry	0.673	0.001	0.014	0.020	0.064	0.001	0.228
angry	0.658	0.001	0.017	0.025	0.055	0.001	0.244
angry	0.783	0.000	0.012	0.030	0.040	0.002	0.133
angry	0.496	0.000	0.013	0.066	0.051	0.002	0.371
angry	0.714	0.000	0.015	0.012	0.038	0.001	0.220
angry	0.700	0.000	0.006	0.035	0.017	0.002	0.240
angry	0.730	0.000	0.010	0.023	0.031	0.001	0.204
angry	0.649	0.000	0.014	0.030	0.035	0.001	0.270
angry	0.809	0.000	0.009	0.015	0.029	0.002	0.134
angry	0.774	0.000	0.009	0.026	0.023	0.001	0.166
angry	0.744	0.000	0.007	0.027	0.028	0.002	0.193
angry	0.691	0.000	0.004	0.020	0.015	0.001	0.269
angry	0.720	0.000	0.006	0.014	0.025	0.001	0.233
angry	0.808	0.000	0.005	0.017	0.019	0.002	0.148
angry	0.775	0.000	0.004	0.013	0.017	0.001	0.189
angry	0.809	0.000	0.005	0.016	0.017	0.001	0.151
angry	0.689	0.000	0.006	0.023	0.020	0.001	0.261
angry	0.825	0.000	0.004	0.015	0.010	0.001	0.145
angry	0.833	0.000	0.006	0.020	0.015	0.001	0.124
angry	0.817	0.000	0.007	0.015	0.019	0.001	0.142
angry	0.715	0.000	0.008	0.034	0.020	0.004	0.220
angry	0.819	0.000	0.010	0.021	0.022	0.001	0.127
angry	0.812	0.000	0.007	0.022	0.020	0.002	0.137
angry	0.635	0.000	0.006	0.067	0.016	0.002	0.274
angry	0.592	0.000	0.011	0.047	0.030	0.002	0.318
angry	0.611	0.000	0.010	0.041	0.029	0.001	0.308
angry	0.520	0.000	0.010	0.051	0.031	0.002	0.386
angry	0.532	0.000	0.014	0.046	0.047	0.001	0.360
angry	0.599	0.000	0.010	0.041	0.026	0.002	0.322
angry	0.677	0.000	0.005	0.033	0.022	0.001	0.262
angry	0.701	0.000	0.006	0.028	0.024	0.001	0.240
angry	0.700	0.000	0.003	0.033	0.011	0.003	0.251
angry	0.713	0.000	0.007	0.053	0.017	0.005	0.206
angry	0.688	0.000	0.008	0.037	0.020	0.002	0.245
angry	0.716	0.000	0.010	0.039	0.023	0.003	0.209
angry	0.526	0.001	0.020	0.040	0.063	0.002	0.349
angry	0.724	0.000	0.013	0.027	0.030	0.003	0.203
angry	0.698	0.001	0.014	0.036	0.032	0.002	0.217
angry	0.650	0.000	0.011	0.046	0.032	0.002	0.258
angry	0.660	0.000	0.008	0.060	0.016	0.005	0.250
angry	0.732	0.000	0.014	0.035	0.029	0.002	0.187
angry	0.625	0.000	0.018	0.034	0.038	0.002	0.282
angry	0.696	0.000	0.011	0.043	0.029	0.002	0.219
angry	0.714	0.000	0.012	0.042	0.028	0.002	0.201
angry	0.728	0.000	0.017	0.049	0.030	0.002	0.174
angry	0.697	0.000	0.011	0.037	0.021	0.001	0.233
angry	0.643	0.000	0.008	0.045	0.016	0.002	0.285
angry	0.687	0.000	0.011	0.037	0.025	0.002	0.237
angry	0.650	0.000	0.013	0.072	0.026	0.004	0.234
angry	0.643	0.000	0.017	0.080	0.027	0.004	0.228
angry	0.588	0.000	0.020	0.074	0.039	0.003	0.275
angry	0.669	0.000	0.016	0.071	0.016	0.004	0.224
angry	0.795	0.000	0.011	0.047	0.015	0.002	0.130
angry	0.633	0.000	0.011	0.102	0.025	0.005	0.224
angry	0.663	0.000	0.007	0.058	0.013	0.002	0.258
angry	0.707	0.000	0.008	0.025	0.020	0.001	0.239
angry	0.719	0.000	0.005	0.039	0.010	0.002	0.223
angry	0.691	0.000	0.006	0.044	0.012	0.002	0.245
angry	0.604	0.000	0.013	0.058	0.031	0.003	0.290
angry	0.647	0.001	0.018	0.062	0.039	0.003	0.229
angry	0.651	0.000	0.026	0.058	0.046	0.005	0.213
angry	0.693	0.000	0.021	0.065	0.023	0.005	0.193
angry	0.710	0.001	0.019	0.070	0.030	0.005	0.166
angry	0.765	0.000	0.016	0.044	0.027	0.004	0.144
angry	0.771	0.000	0.017	0.039	0.023	0.005	0.145
angry	0.790	0.000	0.023	0.030	0.031	0.004	0.122
angry	0.752	0.000	0.012	0.037	0.023	0.003	0.172
angry	0.745	0.000	0.012	0.048	0.022	0.003	0.170
angry	0.714	0.000	0.015	0.042	0.019	0.005	0.205
angry	0.626	0.000	0.023	0.045	0.048	0.004	0.253
neutral	0.351	0.003	0.032	0.086	0.133	0.003	0.392
angry	0.601	0.001	0.019	0.046	0.046	0.004	0.283
angry	0.691	0.000	0.013	0.035	0.033	0.002	0.226
angry	0.741	0.000	0.014	0.052	0.024	0.004	0.165
angry	0.626	0.000	0.014	0.049	0.029	0.002	0.280
angry	0.662	0.000	0.008	0.050	0.019	0.003	0.259
angry	0.721	0.000	0.012	0.044	0.016	0.004	0.203
angry	0.610	0.000	0.021	0.050	0.021	0.006	0.292
angry	0.662	0.000	0.015	0.059	0.023	0.004	0.237
angry	0.673	0.000	0.010	0.053	0.017	0.004	0.242
angry	0.735	0.000	0.009	0.031	0.025	0.002	0.198
angry	0.774	0.000	0.012	0.054	0.024	0.003	0.134
angry	0.757	0.000	0.014	0.058	0.024	0.003	0.143
angry	0.721	0.000	0.012	0.028	0.031	0.002	0.205
angry	0.751	0.000	0.011	0.045	0.016	0.003	0.173
angry	0.653	0.000	0.015	0.053	0.025	0.005	0.249
angry	0.811	0.000	0.009	0.027	0.013	0.003	0.135
angry	0.824	0.000	0.010	0.062	0.009	0.004	0.091
angry	0.806	0.000	0.007	0.047	0.006	0.002	0.132
angry	0.787	0.000	0.004	0.071	0.006	0.002	0.130
angry	0.835	0.000	0.005	0.060	0.007	0.001	0.093
angry	0.709	0.000	0.007	0.093	0.009	0.005	0.178
angry	0.807	0.000	0.007	0.046	0.011	0.003	0.126
angry	0.820	0.000	0.009	0.035	0.012	0.004	0.119
angry	0.756	0.001	0.012	0.054	0.014	0.011	0.151
angry	0.683	0.001	0.017	0.047	0.023	0.005	0.224
angry	0.652	0.000	0.014	0.115	0.016	0.006	0.196
angry	0.651	0.000	0.013	0.125	0.012	0.006	0.193
angry	0.818	0.000	0.010	0.025	0.014	0.003	0.130
angry	0.820	0.001	0.012	0.031	0.013	0.004	0.120
angry	0.601	0.000	0.009	0.123	0.011	0.005	0.251
angry	0.556	0.000	0.006	0.040	0.009	0.003	0.385
angry	0.562	0.000	0.007	0.095	0.009	0.007	0.319
angry	0.693	0.000	0.006	0.043	0.008	0.010	0.240
angry	0.673	0.000	0.007	0.020	0.014	0.008	0.278
angry	0.763	0.000	0.008	0.021	0.025	0.008	0.175
angry	0.800	0.001	0.012	0.009	0.016	0.010	0.153
angry	0.683	0.000	0.007	0.018	0.024	0.005	0.263
angry	0.696	0.000	0.009	0.069	0.014	0.006	0.205
angry	0.672	0.000	0.012	0.050	0.016	0.006	0.244
angry	0.806	0.000	0.005	0.015	0.008	0.007	0.158
angry	0.748	0.000	0.007	0.029	0.026	0.003	0.187
angry	0.815	0.000	0.011	0.019	0.020	0.007	0.127
angry	0.652	0.000	0.011	0.082	0.019	0.008	0.227
angry	0.703	0.000	0.011	0.086	0.012	0.006	0.182
angry	0.724	0.000	0.010	0.087	0.014	0.007	0.158
angry	0.765	0.000	0.011	0.033	0.018	0.003	0.169
angry	0.656	0.000	0.008	0.055	0.015	0.006	0.260
angry	0.632	0.000	0.011	0.089	0.015	0.008	0.245
angry	0.623	0.000	0.011	0.098	0.018	0.009	0.241
angry	0.693	0.000	0.009	0.056	0.014	0.006	0.222
angry	0.547	0.000	0.015	0.064	0.040	0.008	0.325
angry	0.491	0.001	0.007	0.039	0.051	0.004	0.406
angry	0.633	0.001	0.010	0.043	0.033	0.005	0.277
angry	0.536	0.000	0.011	0.044	0.041	0.004	0.364
angry	0.701	0.001	0.021	0.022	0.061	0.004	0.191
angry	0.525	0.001	0.014	0.040	0.060	0.006	0.355
angry	0.818	0.001	0.015	0.016	0.045	0.002	0.103
angry	0.768	0.003	0.011	0.033	0.039	0.005	0.141
angry	0.793	0.001	0.025	0.059	0.025	0.006	0.093
angry	0.764	0.001	0.012	0.101	0.015	0.009	0.097
angry	0.853	0.001	0.019	0.012	0.048	0.002	0.066
angry	0.915	0.003	0.023	0.003	0.031	0.001	0.024
angry	0.857	0.001	0.031	0.001	0.080	0.001	0.029
angry	0.788	0.002	0.061	0.003	0.110	0.001	0.035
angry	0.868	0.001	0.028	0.005	0.060	0.001	0.037
angry	0.767	0.002	0.057	0.016	0.066	0.004	0.087
angry	0.875	0.002	0.011	0.013	0.030	0.002	0.066
angry	0.872	0.002	0.017	0.037	0.019	0.006	0.047
angry	0.695	0.001	0.027	0.132	0.020	0.009	0.116
angry	0.693	0.000	0.021	0.066	0.027	0.005	0.188
angry	0.751	0.001	0.019	0.061	0.021	0.004	0.144
angry	0.708	0.002	0.017	0.129	0.021	0.005	0.118
angry	0.753	0.001	0.022	0.043	0.032	0.003	0.147
angry	0.837	0.004	0.020	0.019	0.036	0.005	0.079
angry	0.865	0.001	0.017	0.005	0.035	0.002	0.074
angry	0.649	0.001	0.020	0.097	0.016	0.008	0.209
angry	0.597	0.000	0.023	0.076	0.035	0.005	0.264
angry	0.740	0.001	0.020	0.047	0.025	0.005	0.163
angry	0.828	0.000	0.014	0.018	0.022	0.002	0.115
angry	0.836	0.001	0.011	0.019	0.016	0.002	0.115
angry	0.766	0.001	0.015	0.019	0.034	0.002	0.163
angry	0.703	0.001	0.026	0.036	0.048	0.004	0.182
angry	0.648	0.002	0.064	0.048	0.058	0.006	0.174
angry	0.701	0.002	0.029	0.064	0.031	0.006	0.166
angry	0.748	0.002	0.033	0.028	0.053	0.003	0.134
angry	0.711	0.001	0.033	0.057	0.028	0.006	0.163
angry	0.721	0.001	0.027	0.051	0.043	0.004	0.153
angry	0.750	0.001	0.033	0.073	0.020	0.006	0.118
angry	0.658	0.002	0.020	0.130	0.020	0.009	0.162
angry	0.681	0.002	0.024	0.083	0.031	0.007	0.172
angry	0.597	0.002	0.031	0.077	0.064	0.005	0.224
angry	0.705	0.002	0.020	0.061	0.037	0.006	0.169
angry	0.757	0.001	0.033	0.023	0.051	0.002	0.135
angry	0.738	0.001	0.025	0.049	0.034	0.007	0.147
angry	0.751	0.001	0.016	0.052	0.026	0.004	0.150
angry	0.811	0.000	0.010	0.031	0.016	0.001	0.130
angry	0.731	0.000	0.016	0.022	0.041	0.004	0.186
angry	0.654	0.000	0.022	0.105	0.015	0.009	0.195
angry	0.766	0.001	0.037	0.027	0.049	0.004	0.115
angry	0.732	0.001	0.031	0.059	0.028	0.008	0.141
angry	0.772	0.000	0.019	0.057	0.019	0.008	0.124
angry	0.703	0.002	0.032	0.021	0.067	0.003	0.172
angry	0.737	0.001	0.027	0.016	0.064	0.002	0.153
angry	0.699	0.001	0.034	0.027	0.061	0.003	0.175
angry	0.710	0.001	0.041	0.027	0.062	0.005	0.154
angry	0.723	0.001	0.038	0.035	0.053	0.009	0.140
angry	0.759	0.001	0.024	0.025	0.050	0.005	0.135
angry	0.690	0.001	0.037	0.033	0.052	0.007	0.182
angry	0.584	0.001	0.047	0.096	0.038	0.015	0.218
angry	0.734	0.001	0.017	0.069	0.024	0.009	0.147
angry	0.636	0.001	0.032	0.071	0.051	0.013	0.196
angry	0.691	0.001	0.032	0.039	0.053	0.006	0.179
angry	0.613	0.001	0.033	0.096	0.040	0.020	0.197
angry	0.730	0.002	0.032	0.025	0.051	0.004	0.156
neutral	0.276	0.006	0.029	0.128	0.107	0.011	0.443
angry	0.566	0.003	0.033	0.040	0.108	0.003	0.248
angry	0.606	0.002	0.027	0.056	0.054	0.007	0.249
angry	0.757	0.001	0.021	0.055	0.027	0.009	0.130
angry	0.671	0.002	0.031	0.038	0.059	0.008	0.192
angry	0.658	0.001	0.047	0.042	0.056	0.013	0.182
angry	0.670	0.001	0.035	0.041	0.059	0.008	0.187
angry	0.689	0.001	0.038	0.032	0.060	0.006	0.174
angry	0.673	0.002	0.040	0.055	0.049	0.008	0.174
angry	0.696	0.001	0.029	0.039	0.045	0.008	0.182
angry	0.696	0.001	0.037	0.032	0.055	0.007	0.172
angry	0.632	0.002	0.032	0.037	0.067	0.005	0.226
angry	0.654	0.002	0.028	0.046	0.052	0.006	0.212
angry	0.716	0.002	0.027	0.025	0.048	0.004	0.179
angry	0.695	0.002	0.037	0.045	0.045	0.013	0.163
angry	0.651	0.001	0.043	0.027	0.069	0.005	0.204
angry	0.716	0.001	0.026	0.034	0.041	0.004	0.177
angry	0.717	0.000	0.031	0.049	0.033	0.008	0.161
angry	0.642	0.001	0.027	0.052	0.037	0.008	0.232
angry	0.594	0.001	0.040	0.054	0.063	0.006	0.243
angry	0.683	0.000	0.045	0.082	0.023	0.007	0.159
angry	0.528	0.000	0.045	0.122	0.037	0.014	0.255
angry	0.581	0.000	0.056	0.098	0.032	0.011	0.221
angry	0.641	0.000	0.032	0.101	0.018	0.010	0.197
angry	0.716	0.001	0.022	0.032	0.026	0.006	0.198
angry	0.801	0.001	0.013	0.022	0.014	0.003	0.146
angry	0.669	0.001	0.020	0.029	0.034	0.004	0.243
angry	0.679	0.002	0.023	0.045	0.027	0.006	0.218
angry	0.746	0.001	0.025	0.020	0.029	0.003	0.176
angry	0.673	0.001	0.043	0.042	0.035	0.007	0.199
angry	0.674	0.001	0.017	0.061	0.031	0.004	0.212
angry	0.645	0.001	0.022	0.060	0.027	0.010	0.234
angry	0.710	0.002	0.016	0.043	0.038	0.007	0.184
angry	0.739	0.002	0.019	0.048	0.033	0.010	0.149
angry	0.700	0.001	0.021	0.049	0.033	0.008	0.188
angry	0.766	0.001	0.013	0.026	0.031	0.005	0.158
angry	0.768	0.002	0.017	0.029	0.042	0.004	0.138
angry	0.629	0.004	0.022	0.045	0.066	0.004	0.231
angry	0.654	0.003	0.019	0.040	0.068	0.005	0.210
angry	0.703	0.002	0.030	0.046	0.053	0.003	0.163
angry	0.731	0.002	0.039	0.035	0.046	0.004	0.143
angry	0.671	0.002	0.030	0.067	0.039	0.006	0.186
angry	0.686	0.001	0.030	0.066	0.035	0.004	0.177
angry	0.694	0.001	0.030	0.042	0.037	0.005	0.192
angry	0.676	0.001	0.040	0.029	0.042	0.004	0.208
angry	0.734	0.000	0.039	0.018	0.041	0.005	0.162
angry	0.621	0.001	0.031	0.027	0.036	0.011	0.274
angry	0.674	0.001	0.024	0.024	0.031	0.005	0.241
angry	0.737	0.001	0.015	0.027	0.031	0.003	0.186
angry	0.761	0.000	0.019	0.014	0.036	0.003	0.167
angry	0.670	0.000	0.027	0.023	0.043	0.004	0.233
angry	0.791	0.000	0.021	0.011	0.039	0.001	0.136
angry	0.723	0.000	0.015	0.021	0.037	0.003	0.201
angry	0.641	0.000	0.045	0.033	0.045	0.009	0.227
angry	0.744	0.001	0.011	0.022	0.024	0.004	0.195
angry	0.783	0.000	0.008	0.023	0.015	0.003	0.166
angry	0.795	0.000	0.003	0.027	0.006	0.002	0.167
angry	0.697	0.000	0.005	0.042	0.008	0.002	0.245
angry	0.514	0.001	0.012	0.028	0.038	0.002	0.405
angry	0.781	0.000	0.010	0.010	0.028	0.003	0.168
angry	0.710	0.000	0.054	0.031	0.036	0.008	0.162
angry	0.643	0.000	0.025	0.153	0.018	0.007	0.155
angry	0.430	0.000	0.020	0.330	0.014	0.008	0.198
angry	0.504	0.000	0.026	0.345	0.017	0.004	0.104
angry	0.797	0.000	0.012	0.053	0.014	0.002	0.122
angry	0.820	0.000	0.011	0.031	0.017	0.001	0.119
angry	0.692	0.000	0.021	0.068	0.028	0.001	0.190
angry	0.839	0.000	0.007	0.034	0.009	0.001	0.109
angry	0.853	0.000	0.008	0.027	0.010	0.001	0.101
angry	0.703	0.000	0.013	0.057	0.016	0.004	0.206
angry	0.835	0.000	0.009	0.018	0.014	0.001	0.123
angry	0.842	0.000	0.010	0.029	0.017	0.000	0.101
angry	0.766	0.000	0.017	0.045	0.018	0.003	0.151
angry	0.765	0.000	0.017	0.042	0.020	0.003	0.153
angry	0.704	0.000	0.015	0.055	0.029	0.004	0.193
angry	0.828	0.000	0.006	0.012	0.013	0.002	0.139
angry	0.878	0.000	0.011	0.004	0.016	0.001	0.091
angry	0.854	0.000	0.005	0.008	0.009	0.002	0.121
angry	0.831	0.000	0.016	0.004	0.036	0.002	0.111
angry	0.510	0.004	0.030	0.040	0.061	0.003	0.352
neutral	0.397	0.002	0.020	0.031	0.071	0.004	0.474
angry	0.809	0.000	0.012	0.008	0.022	0.001	0.147
angry	0.769	0.000	0.011	0.018	0.016	0.003	0.183
angry	0.840	0.000	0.004	0.007	0.016	0.001	0.132
angry	0.877	0.000	0.005	0.005	0.014	0.001	0.098
angry	0.863	0.000	0.009	0.005	0.023	0.001	0.098
angry	0.426	0.002	0.024	0.032	0.100	0.002	0.414
angry	0.491	0.003	0.038	0.040	0.106	0.002	0.320
angry	0.743	0.000	0.013	0.010	0.042	0.002	0.188
angry	0.719	0.000	0.016	0.019	0.038	0.003	0.205
angry	0.722	0.000	0.009	0.018	0.029	0.002	0.220
angry	0.668	0.000	0.007	0.029	0.023	0.003	0.269
angry	0.768	0.000	0.011	0.018	0.029	0.003	0.171
angry	0.730	0.000	0.010	0.020	0.036	0.003	0.202
angry	0.779	0.000	0.013	0.014	0.039	0.002	0.153
angry	0.867	0.000	0.005	0.009	0.013	0.001	0.105
angry	0.802	0.000	0.006	0.017	0.018	0.002	0.155
angry	0.792	0.000	0.006	0.016	0.012	0.002	0.172
angry	0.792	0.000	0.004	0.024	0.008	0.002	0.169
angry	0.803	0.000	0.005	0.018	0.014	0.003	0.157
angry	0.748	0.000	0.004	0.031	0.009	0.002	0.206
angry	0.731	0.000	0.004	0.034	0.008	0.001	0.222
angry	0.727	0.000	0.005	0.049	0.009	0.001	0.209
angry	0.793	0.000	0.006	0.028	0.012	0.001	0.160
angry	0.828	0.000	0.006	0.022	0.013	0.002	0.129
angry	0.719	0.000	0.006	0.039	0.014	0.002	0.220
angry	0.759	0.000	0.006	0.035	0.014	0.002	0.184
angry	0.833	0.000	0.006	0.011	0.015	0.001	0.133
angry	0.827	0.000	0.006	0.017	0.010	0.001	0.138
angry	0.770	0.000	0.006	0.021	0.009	0.001	0.193
angry	0.836	0.000	0.007	0.011	0.014	0.001	0.131
angry	0.827	0.000	0.008	0.008	0.016	0.001	0.139
angry	0.782	0.000	0.006	0.020	0.009	0.001	0.181
angry	0.859	0.000	0.008	0.010	0.011	0.001	0.111
angry	0.756	0.000	0.009	0.023	0.027	0.002	0.182
angry	0.786	0.000	0.004	0.018	0.012	0.001	0.179
angry	0.830	0.000	0.006	0.012	0.012	0.001	0.139
angry	0.781	0.000	0.005	0.024	0.008	0.001	0.180
angry	0.802	0.000	0.006	0.015	0.010	0.001	0.166
angry	0.730	0.000	0.012	0.007	0.056	0.001	0.193
angry	0.808	0.000	0.007	0.005	0.024	0.001	0.154
angry	0.605	0.000	0.008	0.020	0.030	0.001	0.336
angry	0.650	0.000	0.010	0.023	0.031	0.001	0.284
angry	0.874	0.000	0.007	0.007	0.013	0.001	0.098
angry	0.836	0.000	0.007	0.012	0.017	0.001	0.127
angry	0.843	0.000	0.005	0.009	0.010	0.001	0.131
angry	0.813	0.000	0.007	0.012	0.014	0.001	0.153
angry	0.876	0.000	0.008	0.004	0.016	0.001	0.096
angry	0.873	0.000	0.005	0.006	0.011	0.001	0.104
angry	0.908	0.000	0.004	0.005	0.011	0.001	0.072
angry	0.889	0.000	0.004	0.005	0.011	0.001	0.089
angry	0.795	0.000	0.009	0.019	0.016	0.001	0.160
angry	0.860	0.000	0.008	0.017	0.010	0.001	0.103
angry	0.876	0.000	0.006	0.007	0.011	0.001	0.099
angry	0.769	0.001	0.013	0.005	0.055	0.001	0.157
angry	0.819	0.000	0.009	0.012	0.021	0.003	0.136
angry	0.851	0.000	0.009	0.005	0.025	0.001	0.108
angry	0.844	0.000	0.007	0.016	0.013	0.003	0.117
angry	0.791	0.000	0.008	0.022	0.021	0.001	0.157
angry	0.707	0.000	0.011	0.014	0.025	0.002	0.241
angry	0.770	0.000	0.015	0.012	0.027	0.002	0.173
angry	0.720	0.000	0.016	0.027	0.030	0.004	0.203
angry	0.766	0.000	0.014	0.035	0.025	0.002	0.158
angry	0.691	0.000	0.012	0.052	0.023	0.002	0.220
angry	0.642	0.000	0.020	0.170	0.018	0.007	0.145
angry	0.602	0.000	0.019	0.170	0.022	0.003	0.184
angry	0.483	0.000	0.037	0.264	0.022	0.009	0.186
angry	0.428	0.000	0.017	0.394	0.013	0.007	0.140
angry	0.467	0.000	0.022	0.277	0.020	0.008	0.207
angry	0.575	0.000	0.025	0.236	0.014	0.006	0.143
angry	0.516	0.000	0.027	0.218	0.022	0.007	0.210
angry	0.597	0.000	0.024	0.193	0.021	0.004	0.160
angry	0.609	0.000	0.031	0.136	0.030	0.009	0.185
angry	0.694	0.000	0.012	0.087	0.017	0.003	0.186
angry	0.703	0.000	0.017	0.069	0.024	0.004	0.183
angry	0.722	0.000	0.011	0.056	0.032	0.001	0.177
angry	0.671	0.000	0.022	0.029	0.066	0.002	0.209
angry	0.569	0.000	0.043	0.073	0.067	0.006	0.242
angry	0.560	0.001	0.038	0.142	0.048	0.006	0.205
angry	0.629	0.000	0.032	0.089	0.048	0.005	0.198
angry	0.664	0.000	0.025	0.062	0.036	0.006	0.206
angry	0.665	0.000	0.024	0.079	0.036	0.007	0.189
angry	0.704	0.000	0.020	0.073	0.035	0.007	0.161
angry	0.710	0.000	0.011	0.056	0.017	0.005	0.202
angry	0.697	0.000	0.020	0.062	0.024	0.010	0.187
angry	0.666	0.000	0.023	0.096	0.024	0.009	0.182
angry	0.668	0.000	0.019	0.092	0.028	0.007	0.186
angry	0.672	0.000	0.025	0.059	0.030	0.012	0.202
angry	0.746	0.000	0.016	0.058	0.022	0.003	0.155
angry	0.621	0.000	0.031	0.096	0.035	0.011	0.207
angry	0.729	0.000	0.024	0.037	0.039	0.006	0.165
angry	0.703	0.000	0.012	0.091	0.015	0.007	0.172
angry	0.726	0.000	0.034	0.050	0.037	0.007	0.145
angry	0.713	0.000	0.027	0.069	0.020	0.004	0.167
angry	0.679	0.000	0.027	0.079	0.019	0.008	0.187
angry	0.666	0.000	0.029	0.090	0.022	0.012	0.180
angry	0.762	0.000	0.015	0.058	0.011	0.012	0.142
angry	0.842	0.000	0.013	0.029	0.015	0.002	0.099
angry	0.619	0.000	0.053	0.091	0.022	0.009	0.205
angry	0.819	0.000	0.019	0.038	0.017	0.003	0.103
angry	0.697	0.000	0.051	0.054	0.026	0.006	0.166
angry	0.631	0.000	0.032	0.109	0.017	0.006	0.205
angry	0.630	0.000	0.032	0.097	0.017	0.011	0.213
angry	0.666	0.000	0.029	0.113	0.015	0.010	0.166
angry	0.604	0.000	0.037	0.112	0.025	0.006	0.215
angry	0.702	0.000	0.054	0.041	0.042	0.004	0.157
angry	0.570	0.000	0.056	0.101	0.033	0.008	0.232
angry	0.594	0.000	0.067	0.084	0.037	0.010	0.208
angry	0.711	0.001	0.034	0.046	0.026	0.003	0.179
angry	0.750	0.001	0.030	0.045	0.027	0.007	0.140
angry	0.648	0.001	0.034	0.093	0.018	0.019	0.186
angry	0.591	0.003	0.050	0.100	0.031	0.019	0.206
angry	0.682	0.001	0.026	0.048	0.032	0.008	0.202
angry	0.691	0.002	0.032	0.054	0.029	0.014	0.178
angry	0.699	0.002	0.028	0.073	0.025	0.014	0.159
angry	0.649	0.001	0.027	0.067	0.021	0.020	0.214
angry	0.657	0.001	0.025	0.061	0.029	0.006	0.221
angry	0.716	0.002	0.027	0.040	0.034	0.005	0.176
angry	0.744	0.001	0.022	0.026	0.041	0.005	0.161
angry	0.690	0.003	0.036	0.035	0.039	0.008	0.190
angry	0.690	0.002	0.039	0.032	0.057	0.007	0.173
angry	0.644	0.001	0.045	0.080	0.035	0.018	0.177
angry	0.655	0.001	0.059	0.079	0.032	0.012	0.163
angry	0.708	0.000	0.026	0.041	0.019	0.012	0.193
angry	0.658	0.001	0.033	0.084	0.017	0.015	0.193
angry	0.718	0.001	0.021	0.043	0.030	0.010	0.178
angry	0.691	0.001	0.023	0.080	0.016	0.012	0.177
angry	0.682	0.001	0.033	0.078	0.023	0.009	0.174
angry	0.679	0.000	0.046	0.081	0.023	0.013	0.159
angry	0.722	0.000	0.026	0.053	0.018	0.010	0.170
angry	0.612	0.000	0.036	0.115	0.021	0.009	0.207
angry	0.666	0.000	0.026	0.083	0.019	0.009	0.197
angry	0.732	0.000	0.026	0.043	0.022	0.003	0.175
angry	0.662	0.000	0.032	0.092	0.023	0.010	0.181
angry	0.758	0.000	0.027	0.044	0.019	0.002	0.150
angry	0.733	0.001	0.032	0.058	0.023	0.002	0.151
angry	0.728	0.000	0.030	0.065	0.020	0.004	0.153
angry	0.801	0.000	0.024	0.034	0.022	0.001	0.117
angry	0.740	0.000	0.018	0.066	0.018	0.004	0.155
angry	0.789	0.000	0.012	0.038	0.016	0.002	0.143
angry	0.779	0.000	0.021	0.037	0.020	0.002	0.140
angry	0.796	0.000	0.024	0.026	0.023	0.001	0.129
angry	0.707	0.001	0.032	0.054	0.029	0.006	0.172
angry	0.623	0.000	0.046	0.084	0.032	0.006	0.208
angry	0.735	0.000	0.027	0.044	0.023	0.006	0.164
angry	0.790	0.000	0.018	0.043	0.018	0.004	0.127
angry	0.805	0.000	0.012	0.026	0.014	0.002	0.141
angry	0.726	0.000	0.023	0.061	0.020	0.005	0.164
angry	0.788	0.000	0.020	0.036	0.018	0.004	0.135
angry	0.726	0.000	0.023	0.064	0.025	0.006	0.156
angry	0.771	0.000	0.016	0.037	0.018	0.003	0.155
angry	0.754	0.000	0.015	0.037	0.018	0.002	0.174
angry	0.814	0.000	0.015	0.029	0.015	0.002	0.125
angry	0.811	0.000	0.009	0.040	0.010	0.005	0.125
angry	0.797	0.000	0.012	0.040	0.015	0.006	0.130
angry	0.803	0.000	0.018	0.024	0.022	0.001	0.131
angry	0.737	0.000	0.031	0.044	0.028	0.006	0.154
angry	0.768	0.000	0.025	0.038	0.020	0.002	0.147
angry	0.809	0.000	0.018	0.045	0.022	0.004	0.102
angry	0.699	0.000	0.017	0.045	0.032	0.004	0.203
angry	0.769	0.000	0.021	0.036	0.023	0.002	0.148
