prediction	angry	disgust	fear	happy	sad	surprise	neutral
neutral	0.051	0.000	0.077	0.081	0.251	0.034	0.505
neutral	0.152	0.000	0.148	0.040	0.276	0.012	0.373
neutral	0.131	0.000	0.073	0.024	0.151	0.003	0.618
neutral	0.195	0.000	0.076	0.024	0.165	0.003	0.537
neutral	0.095	0.000	0.038	0.020	0.140	0.001	0.706
neutral	0.064	0.000	0.018	0.019	0.068	0.001	0.830
neutral	0.033	0.000	0.040	0.031	0.059	0.002	0.835
neutral	0.031	0.000	0.009	0.015	0.049	0.000	0.895
neutral	0.034	0.000	0.008	0.011	0.044	0.000	0.904
neutral	0.035	0.000	0.013	0.005	0.040	0.000	0.906
neutral	0.029	0.000	0.012	0.006	0.030	0.000	0.923
neutral	0.025	0.000	0.010	0.010	0.028	0.000	0.926
neutral	0.041	0.000	0.009	0.007	0.031	0.000	0.912
neutral	0.030	0.000	0.010	0.006	0.016	0.001	0.937
neutral	0.026	0.000	0.010	0.010	0.028	0.000	0.926
neutral	0.027	0.000	0.009	0.016	0.019	0.001	0.929
neutral	0.013	0.000	0.005	0.008	0.023	0.000	0.951
neutral	0.017	0.000	0.009	0.008	0.038	0.000	0.929
neutral	0.056	0.000	0.016	0.013	0.047	0.001	0.867
neutral	0.028	0.000	0.008	0.021	0.032	0.001	0.911
neutral	0.020	0.000	0.007	0.016	0.023	0.000	0.934
neutral	0.017	0.000	0.011	0.019	0.028	0.001	0.924
neutral	0.026	0.000	0.011	0.015	0.033	0.001	0.913
neutral	0.040	0.000	0.013	0.019	0.051	0.001	0.876
neutral	0.029	0.000	0.009	0.016	0.044	0.001	0.901
neutral	0.041	0.000	0.009	0.013	0.052	0.000	0.885
neutral	0.025	0.000	0.011	0.018	0.045	0.001	0.899
neutral	0.033	0.000	0.009	0.016	0.049	0.001	0.892
neutral	0.036	0.000	0.007	0.021	0.054	0.000	0.882
neutral	0.025	0.000	0.008	0.016	0.043	0.000	0.909
neutral	0.034	0.000	0.014	0.012	0.056	0.000	0.884
neutral	0.019	0.000	0.009	0.009	0.041	0.000	0.922
neutral	0.023	0.000	0.007	0.012	0.036	0.000	0.922
neutral	0.029	0.000	0.009	0.013	0.036	0.000	0.913
neutral	0.035	0.000	0.009	0.007	0.054	0.000	0.894
neutral	0.046	0.000	0.009	0.007	0.060	0.000	0.877
neutral	0.046	0.000	0.010	0.007	0.057	0.000	0.880
neutral	0.030	0.000	0.012	0.010	0.053	0.000	0.895
neutral	0.037	0.000	0.010	0.006	0.054	0.000	0.893
neutral	0.034	0.000	0.011	0.005	0.042	0.000	0.908
neutral	0.030	0.000	0.011	0.006	0.052	0.000	0.900
neutral	0.036	0.000	0.010	0.010	0.062	0.000	0.881
neutral	0.034	0.000	0.010	0.008	0.058	0.000	0.890
neutral	0.042	0.000	0.016	0.006	0.077	0.000	0.859
neutral	0.040	0.000	0.010	0.009	0.067	0.000	0.873
neutral	0.040	0.000	0.010	0.008	0.073	0.000	0.869
neutral	0.041	0.000	0.010	0.008	0.074	0.000	0.866
neutral	0.036	0.000	0.008	0.007	0.035	0.000	0.913
neutral	0.035	0.000	0.011	0.009	0.049	0.000	0.895
neutral	0.037	0.000	0.011	0.007	0.062	0.000	0.883
neutral	0.039	0.000	0.010	0.007	0.063	0.000	0.880
neutral	0.026	0.000	0.007	0.010	0.045	0.000	0.912
neutral	0.038	0.000	0.007	0.004	0.037	0.000	0.914
neutral	0.042	0.000	0.010	0.004	0.047	0.000	0.898
neutral	0.065	0.000	0.013	0.005	0.068	0.000	0.849
neutral	0.031	0.000	0.009	0.007	0.031	0.000	0.921
neutral	0.032	0.000	0.007	0.005	0.038	0.000	0.918
neutral	0.028	0.000	0.006	0.003	0.026	0.000	0.936
neutral	0.032	0.000	0.008	0.004	0.026	0.000	0.930
neutral	0.041	0.000	0.008	0.005	0.035	0.000	0.911
neutral	0.027	0.000	0.009	0.002	0.027	0.000	0.935
neutral	0.032	0.000	0.012	0.003	0.034	0.000	0.918
neutral	0.032	0.000	0.010	0.004	0.034	0.000	0.919
neutral	0.034	0.000	0.011	0.004	0.029	0.000	0.923
neutral	0.041	0.000	0.009	0.004	0.032	0.000	0.914
neutral	0.025	0.000	0.010	0.005	0.027	0.000	0.933
neutral	0.030	0.000	0.009	0.006	0.028	0.000	0.927
neutral	0.048	0.000	0.009	0.002	0.056	0.000	0.885
neutral	0.049	0.000	0.014	0.004	0.048	0.000	0.885
neutral	0.040	0.000	0.011	0.003	0.042	0.000	0.904
neutral	0.025	0.000	0.010	0.004	0.027	0.000	0.934
neutral	0.031	0.000	0.008	0.003	0.027	0.000	0.931
neutral	0.035	0.000	0.009	0.002	0.034	0.000	0.920
neutral	0.043	0.000	0.010	0.004	0.049	0.000	0.894
neutral	0.058	0.000	0.010	0.005	0.089	0.000	0.838
neutral	0.038	0.000	0.007	0.005	0.055	0.000	0.894
neutral	0.048	0.000	0.016	0.004	0.059	0.000	0.872
neutral	0.035	0.000	0.009	0.005	0.057	0.000	0.893
neutral	0.046	0.000	0.012	0.006	0.068	0.000	0.868
neutral	0.053	0.000	0.017	0.004	0.104	0.000	0.822
neutral	0.047	0.000	0.008	0.003	0.048	0.000	0.893
neutral	0.041	0.000	0.007	0.006	0.053	0.000	0.893
neutral	0.035	0.000	0.010	0.005	0.063	0.000	0.888
neutral	0.025	0.000	0.011	0.005	0.064	0.000	0.894
neutral	0.033	0.000	0.014	0.005	0.080	0.000	0.869
neutral	0.054	0.000	0.012	0.006	0.102	0.000	0.827
neutral	0.088	0.000	0.011	0.008	0.102	0.000	0.792
neutral	0.063	0.000	0.017	0.008	0.114	0.001	0.798
neutral	0.050	0.000	0.025	0.031	0.096	0.001	0.797
neutral	0.070	0.000	0.018	0.029	0.134	0.001	0.748
neutral	0.157	0.000	0.039	0.038	0.227	0.002	0.537
neutral	0.051	0.000	0.025	0.022	0.106	0.003	0.792
neutral	0.280	0.001	0.053	0.055	0.197	0.005	0.411
neutral	0.204	0.000	0.047	0.052	0.245	0.002	0.448
neutral	0.037	0.000	0.015	0.015	0.115	0.001	0.817
neutral	0.136	0.000	0.031	0.045	0.105	0.002	0.681
neutral	0.090	0.000	0.020	0.046	0.113	0.001	0.730
neutral	0.080	0.000	0.031	0.027	0.128	0.001	0.733
neutral	0.055	0.000	0.025	0.042	0.078	0.001	0.799
neutral	0.056	0.000	0.020	0.018	0.140	0.000	0.765
neutral	0.050	0.000	0.017	0.023	0.122	0.001	0.786
neutral	0.049	0.000	0.016	0.033	0.117	0.001	0.785
neutral	0.068	0.000	0.013	0.032	0.086	0.001	0.800
neutral	0.054	0.000	0.010	0.019	0.149	0.000	0.768
neutral	0.077	0.000	0.017	0.036	0.151	0.000	0.719
neutral	0.063	0.000	0.018	0.041	0.162	0.001	0.714
neutral	0.067	0.000	0.023	0.023	0.141	0.001	0.744
neutral	0.078	0.000	0.018	0.022	0.128	0.000	0.753
neutral	0.068	0.000	0.017	0.027	0.110	0.001	0.776
neutral	0.026	0.000	0.010	0.014	0.076	0.000	0.875
neutral	0.075	0.000	0.019	0.029	0.154	0.000	0.723
neutral	0.068	0.000	0.014	0.028	0.088	0.000	0.801
neutral	0.058	0.000	0.010	0.009	0.135	0.000	0.787
neutral	0.062	0.000	0.014	0.027	0.132	0.000	0.764
neutral	0.073	0.000	0.012	0.017	0.095	0.000	0.803
neutral	0.065	0.000	0.022	0.032	0.097	0.001	0.784
neutral	0.049	0.000	0.014	0.026	0.105	0.001	0.805
neutral	0.040	0.000	0.019	0.030	0.120	0.001	0.791
neutral	0.057	0.000	0.017	0.035	0.146	0.000	0.744
neutral	0.037	0.000	0.012	0.034	0.048	0.000	0.870
neutral	0.031	0.000	0.026	0.159	0.049	0.009	0.725
neutral	0.029	0.000	0.025	0.076	0.046	0.005	0.818
neutral	0.037	0.000	0.064	0.046	0.110	0.008	0.734
neutral	0.101	0.000	0.041	0.038	0.115	0.002	0.702
neutral	0.067	0.000	0.020	0.029	0.055	0.002	0.826
fear	0.111	0.000	0.414	0.067	0.184	0.109	0.114
neutral	0.071	0.000	0.091	0.201	0.115	0.036	0.486
neutral	0.028	0.000	0.024	0.100	0.037	0.015	0.796
neutral	0.011	0.000	0.013	0.033	0.047	0.000	0.896
neutral	0.022	0.000	0.015	0.152	0.033	0.002	0.776
neutral	0.019	0.000	0.019	0.018	0.063	0.001	0.882
neutral	0.013	0.000	0.008	0.138	0.016	0.001	0.824
neutral	0.008	0.000	0.007	0.359	0.024	0.001	0.602
neutral	0.010	0.000	0.008	0.040	0.028	0.000	0.914
neutral	0.035	0.000	0.022	0.032	0.052	0.001	0.858
neutral	0.033	0.000	0.025	0.307	0.055	0.003	0.577
happy	0.027	0.000	0.053	0.448	0.054	0.024	0.395
neutral	0.019	0.000	0.014	0.136	0.026	0.001	0.804
neutral	0.018	0.000	0.018	0.178	0.034	0.001	0.751
neutral	0.043	0.000	0.064	0.150	0.117	0.013	0.613
neutral	0.074	0.000	0.060	0.152	0.071	0.029	0.613
neutral	0.066	0.000	0.043	0.188	0.094	0.007	0.601
neutral	0.040	0.000	0.032	0.177	0.047	0.006	0.697
neutral	0.110	0.000	0.301	0.103	0.126	0.059	0.302
neutral	0.026	0.000	0.007	0.017	0.016	0.000	0.933
neutral	0.015	0.000	0.009	0.030	0.016	0.001	0.930
neutral	0.027	0.000	0.009	0.010	0.018	0.000	0.935
neutral	0.023	0.000	0.007	0.003	0.013	0.000	0.953
neutral	0.016	0.000	0.016	0.013	0.031	0.001	0.923
neutral	0.011	0.000	0.014	0.033	0.031	0.000	0.911
neutral	0.013	0.001	0.011	0.019	0.034	0.000	0.921
neutral	0.019	0.000	0.018	0.016	0.047	0.000	0.899
neutral	0.010	0.000	0.008	0.004	0.035	0.000	0.944
neutral	0.029	0.000	0.008	0.004	0.022	0.000	0.937
neutral	0.037	0.000	0.018	0.035	0.031	0.001	0.878
neutral	0.049	0.000	0.050	0.044	0.059	0.006	0.791
neutral	0.023	0.000	0.017	0.076	0.043	0.000	0.841
neutral	0.020	0.000	0.012	0.089	0.038	0.000	0.840
neutral	0.026	0.000	0.016	0.010	0.047	0.000	0.901
neutral	0.039	0.000	0.021	0.039	0.046	0.000	0.854
neutral	0.023	0.000	0.004	0.005	0.008	0.000	0.960
neutral	0.024	0.000	0.003	0.005	0.008	0.000	0.960
neutral	0.011	0.000	0.003	0.004	0.011	0.000	0.971
neutral	0.016	0.000	0.003	0.021	0.016	0.000	0.944
neutral	0.007	0.000	0.004	0.075	0.008	0.000	0.906
sad	0.179	0.000	0.240	0.173	0.274	0.047	0.088
neutral	0.089	0.000	0.034	0.087	0.080	0.012	0.697
neutral	0.012	0.000	0.011	0.024	0.036	0.001	0.916
neutral	0.026	0.000	0.003	0.004	0.010	0.000	0.957
neutral	0.018	0.000	0.010	0.012	0.033	0.000	0.926
neutral	0.013	0.000	0.011	0.033	0.028	0.000	0.914
neutral	0.015	0.000	0.005	0.016	0.024	0.000	0.940
neutral	0.010	0.000	0.007	0.006	0.022	0.000	0.955
neutral	0.014	0.000	0.008	0.003	0.032	0.000	0.942
neutral	0.019	0.000	0.016	0.002	0.040	0.002	0.921
neutral	0.015	0.000	0.013	0.006	0.030	0.001	0.935
neutral	0.012	0.000	0.007	0.014	0.021	0.000	0.945
neutral	0.013	0.000	0.007	0.012	0.033	0.000	0.935
neutral	0.029	0.000	0.011	0.027	0.032	0.000	0.902
neutral	0.111	0.000	0.171	0.065	0.266	0.045	0.342
neutral	0.065	0.000	0.065	0.129	0.126	0.020	0.595
neutral	0.022	0.000	0.019	0.076	0.049	0.001	0.833
neutral	0.017	0.000	0.007	0.017	0.030	0.000	0.928
neutral	0.006	0.000	0.007	0.040	0.017	0.000	0.929
neutral	0.011	0.000	0.007	0.010	0.028	0.000	0.943
neutral	0.038	0.000	0.015	0.024	0.055	0.001	0.867
neutral	0.018	0.000	0.010	0.059	0.034	0.002	0.878
neutral	0.018	0.000	0.028	0.085	0.084	0.002	0.783
sad	0.077	0.000	0.066	0.188	0.341	0.004	0.323
neutral	0.027	0.000	0.096	0.129	0.176	0.007	0.565
neutral	0.022	0.000	0.068	0.273	0.167	0.001	0.468
neutral	0.053	0.000	0.043	0.056	0.140	0.002	0.706
neutral	0.054	0.000	0.036	0.040	0.142	0.001	0.726
neutral	0.059	0.000	0.081	0.047	0.175	0.004	0.634
neutral	0.061	0.000	0.046	0.092	0.140	0.001	0.659
neutral	0.060	0.000	0.041	0.088	0.172	0.002	0.636
neutral	0.061	0.000	0.065	0.115	0.158	0.006	0.595
neutral	0.052	0.000	0.042	0.136	0.120	0.003	0.648
neutral	0.069	0.000	0.038	0.117	0.153	0.004	0.619
neutral	0.085	0.000	0.029	0.073	0.109	0.001	0.703
neutral	0.077	0.000	0.020	0.022	0.144	0.001	0.735
neutral	0.132	0.000	0.053	0.034	0.222	0.001	0.557
neutral	0.113	0.000	0.042	0.021	0.177	0.001	0.646
neutral	0.123	0.000	0.029	0.049	0.180	0.001	0.618
neutral	0.119	0.000	0.030	0.021	0.171	0.001	0.658
neutral	0.142	0.000	0.046	0.028	0.202	0.001	0.581
neutral	0.126	0.000	0.029	0.030	0.154	0.001	0.660
neutral	0.141	0.000	0.039	0.034	0.195	0.001	0.589
neutral	0.154	0.000	0.034	0.037	0.182	0.001	0.592
neutral	0.106	0.000	0.029	0.022	0.162	0.001	0.681
neutral	0.197	0.000	0.034	0.030	0.202	0.002	0.536
neutral	0.026	0.000	0.013	0.017	0.089	0.000	0.854
neutral	0.076	0.000	0.026	0.026	0.151	0.001	0.720
neutral	0.022	0.000	0.012	0.010	0.121	0.000	0.836
neutral	0.094	0.000	0.036	0.025	0.199	0.001	0.645
neutral	0.094	0.000	0.030	0.018	0.197	0.001	0.659
neutral	0.022	0.000	0.011	0.014	0.078	0.000	0.874
neutral	0.056	0.000	0.019	0.023	0.117	0.001	0.784
neutral	0.047	0.000	0.011	0.024	0.082	0.000	0.835
neutral	0.107	0.000	0.021	0.014	0.174	0.000	0.684
neutral	0.046	0.000	0.017	0.023	0.090	0.000	0.823
neutral	0.049	0.000	0.018	0.010	0.137	0.000	0.784
neutral	0.116	0.000	0.023	0.004	0.263	0.000	0.594
neutral	0.091	0.000	0.018	0.005	0.239	0.000	0.648
neutral	0.050	0.000	0.014	0.008	0.125	0.000	0.803
neutral	0.120	0.000	0.019	0.008	0.246	0.000	0.608
neutral	0.069	0.000	0.015	0.011	0.165	0.000	0.740
neutral	0.081	0.000	0.018	0.008	0.218	0.000	0.675
neutral	0.059	0.000	0.011	0.009	0.130	0.000	0.791
neutral	0.043	0.000	0.018	0.021	0.097	0.000	0.820
neutral	0.093	0.000	0.012	0.005	0.179	0.000	0.712
neutral	0.107	0.000	0.017	0.003	0.197	0.000	0.676
neutral	0.065	0.000	0.014	0.009	0.151	0.000	0.760
neutral	0.113	0.000	0.019	0.003	0.216	0.000	0.648
neutral	0.094	0.000	0.019	0.004	0.195	0.000	0.688
neutral	0.094	0.000	0.015	0.006	0.177	0.000	0.708
neutral	0.069	0.000	0.020	0.005	0.210	0.000	0.695
neutral	0.028	0.000	0.012	0.004	0.114	0.000	0.843
neutral	0.083	0.000	0.017	0.006	0.194	0.000	0.700
neutral	0.123	0.000	0.012	0.004	0.225	0.000	0.635
neutral	0.063	0.000	0.020	0.006	0.196	0.000	0.715
neutral	0.097	0.000	0.016	0.008	0.203	0.000	0.676
neutral	0.101	0.000	0.016	0.005	0.234	0.000	0.642
neutral	0.027	0.000	0.016	0.005	0.135	0.000	0.817
neutral	0.056	0.000	0.020	0.005	0.193	0.000	0.725
neutral	0.088	0.000	0.014	0.006	0.176	0.000	0.715
neutral	0.063	0.000	0.018	0.005	0.211	0.000	0.704
neutral	0.078	0.000	0.021	0.003	0.245	0.000	0.653
neutral	0.120	0.000	0.021	0.003	0.236	0.000	0.620
neutral	0.084	0.000	0.016	0.007	0.194	0.001	0.698
neutral	0.070	0.000	0.010	0.010	0.161	0.000	0.748
neutral	0.045	0.000	0.012	0.004	0.119	0.000	0.819
neutral	0.081	0.000	0.017	0.006	0.189	0.000	0.706
neutral	0.047	0.000	0.014	0.002	0.120	0.000	0.817
neutral	0.066	0.000	0.020	0.003	0.194	0.000	0.716
neutral	0.039	0.000	0.018	0.017	0.060	0.001	0.865
neutral	0.080	0.000	0.016	0.011	0.119	0.001	0.774
neutral	0.066	0.000	0.016	0.011	0.059	0.003	0.845
neutral	0.048	0.000	0.019	0.011	0.061	0.003	0.859
neutral	0.040	0.000	0.010	0.013	0.027	0.002	0.908
neutral	0.026	0.000	0.011	0.007	0.030	0.001	0.926
neutral	0.026	0.000	0.006	0.009	0.021	0.001	0.938
neutral	0.032	0.000	0.006	0.011	0.021	0.001	0.929
neutral	0.038	0.000	0.012	0.012	0.037	0.003	0.897
neutral	0.026	0.000	0.008	0.010	0.024	0.002	0.929
neutral	0.036	0.000	0.025	0.022	0.058	0.003	0.855
neutral	0.073	0.000	0.035	0.028	0.154	0.002	0.708
neutral	0.036	0.000	0.013	0.006	0.087	0.001	0.857
neutral	0.047	0.000	0.014	0.007	0.094	0.001	0.836
neutral	0.052	0.000	0.017	0.015	0.085	0.001	0.829
neutral	0.061	0.000	0.023	0.016	0.136	0.001	0.763
neutral	0.059	0.000	0.023	0.013	0.149	0.001	0.755
neutral	0.054	0.000	0.024	0.028	0.088	0.002	0.804
neutral	0.093	0.000	0.023	0.010	0.189	0.001	0.684
neutral	0.034	0.000	0.012	0.005	0.110	0.000	0.838
neutral	0.058	0.000	0.023	0.016	0.118	0.001	0.784
neutral	0.104	0.000	0.017	0.005	0.188	0.001	0.685
neutral	0.064	0.000	0.016	0.006	0.133	0.001	0.780
neutral	0.070	0.000	0.016	0.012	0.140	0.001	0.761
neutral	0.111	0.000	0.016	0.009	0.212	0.001	0.652
neutral	0.079	0.000	0.014	0.011	0.185	0.001	0.709
neutral	0.081	0.000	0.017	0.016	0.128	0.001	0.756
neutral	0.075	0.000	0.010	0.008	0.063	0.000	0.844
neutral	0.034	0.000	0.024	0.031	0.068	0.001	0.843
neutral	0.046	0.000	0.012	0.008	0.070	0.000	0.864
neutral	0.022	0.000	0.010	0.007	0.066	0.000	0.893
neutral	0.044	0.000	0.010	0.008	0.085	0.000	0.853
neutral	0.088	0.000	0.013	0.008	0.138	0.001	0.753
neutral	0.075	0.000	0.027	0.014	0.184	0.001	0.699
neutral	0.050	0.000	0.029	0.029	0.149	0.001	0.742
neutral	0.091	0.000	0.033	0.007	0.178	0.001	0.690
neutral	0.059	0.000	0.036	0.016	0.145	0.001	0.744
neutral	0.101	0.000	0.043	0.008	0.171	0.001	0.677
neutral	0.066	0.000	0.037	0.013	0.141	0.001	0.742
neutral	0.060	0.000	0.041	0.016	0.165	0.001	0.717
neutral	0.075	0.000	0.025	0.012	0.136	0.001	0.751
neutral	0.161	0.000	0.023	0.010	0.127	0.001	0.679
neutral	0.112	0.000	0.015	0.009	0.097	0.001	0.767
neutral	0.051	0.000	0.036	0.022	0.118	0.002	0.772
neutral	0.065	0.000	0.040	0.018	0.203	0.001	0.673
neutral	0.087	0.000	0.025	0.007	0.132	0.001	0.748
neutral	0.074	0.000	0.034	0.009	0.126	0.001	0.756
neutral	0.093	0.000	0.040	0.009	0.163	0.001	0.694
neutral	0.106	0.000	0.026	0.006	0.148	0.001	0.713
neutral	0.125	0.000	0.035	0.009	0.172	0.001	0.658
neutral	0.072	0.000	0.019	0.007	0.120	0.000	0.781
neutral	0.104	0.000	0.028	0.009	0.140	0.001	0.718
neutral	0.112	0.000	0.044	0.008	0.217	0.002	0.617
neutral	0.113	0.000	0.028	0.007	0.163	0.001	0.688
neutral	0.090	0.000	0.027	0.008	0.194	0.001	0.680
neutral	0.066	0.000	0.029	0.022	0.221	0.001	0.661
neutral	0.067	0.000	0.024	0.020	0.206	0.001	0.682
neutral	0.068	0.000	0.033	0.017	0.204	0.001	0.677
neutral	0.064	0.000	0.032	0.015	0.202	0.001	0.685
neutral	0.061	0.000	0.024	0.011	0.179	0.001	0.723
neutral	0.059	0.000	0.023	0.014	0.217	0.001	0.686
neutral	0.036	0.000	0.031	0.026	0.117	0.001	0.789
neutral	0.074	0.000	0.027	0.015	0.140	0.001	0.743
neutral	0.102	0.000	0.019	0.008	0.224	0.001	0.647
neutral	0.103	0.000	0.024	0.009	0.252	0.001	0.611
neutral	0.060	0.000	0.021	0.011	0.138	0.001	0.769
neutral	0.085	0.000	0.026	0.011	0.148	0.001	0.729
neutral	0.034	0.000	0.024	0.021	0.097	0.000	0.824
neutral	0.042	0.000	0.020	0.023	0.095	0.000	0.821
neutral	0.049	0.000	0.026	0.022	0.117	0.000	0.786
neutral	0.063	0.000	0.031	0.013	0.149	0.001	0.743
neutral	0.097	0.000	0.024	0.007	0.187	0.001	0.685
neutral	0.089	0.000	0.022	0.006	0.243	0.001	0.639
neutral	0.054	0.000	0.027	0.011	0.212	0.001	0.697
neutral	0.036	0.000	0.019	0.014	0.092	0.000	0.838
neutral	0.052	0.000	0.024	0.013	0.165	0.001	0.746
neutral	0.066	0.000	0.016	0.006	0.173	0.000	0.738
neutral	0.048	0.000	0.026	0.015	0.205	0.000	0.705
neutral	0.045	0.000	0.021	0.010	0.119	0.000	0.806
neutral	0.045	0.000	0.025	0.016	0.171	0.001	0.743
neutral	0.066	0.000	0.019	0.013	0.140	0.000	0.762
neutral	0.072	0.000	0.021	0.016	0.157	0.000	0.735
neutral	0.080	0.000	0.026	0.010	0.170	0.001	0.713
neutral	0.062	0.000	0.020	0.015	0.137	0.000	0.765
neutral	0.072	0.000	0.022	0.013	0.146	0.001	0.746
neutral	0.125	0.000	0.021	0.006	0.294	0.001	0.553
neutral	0.124	0.000	0.020	0.007	0.228	0.000	0.620
neutral	0.135	0.000	0.024	0.010	0.257	0.001	0.573
neutral	0.057	0.000	0.022	0.020	0.125	0.000	0.777
neutral	0.040	0.000	0.021	0.019	0.108	0.001	0.812
neutral	0.082	0.000	0.021	0.010	0.192	0.001	0.695
neutral	0.071	0.000	0.024	0.016	0.156	0.001	0.734
neutral	0.062	0.000	0.020	0.015	0.153	0.001	0.750
neutral	0.087	0.000	0.023	0.012	0.213	0.001	0.664
neutral	0.061	0.000	0.021	0.016	0.137	0.001	0.764
neutral	0.084	0.000	0.020	0.020	0.153	0.001	0.723
neutral	0.096	0.000	0.015	0.017	0.111	0.002	0.759
neutral	0.066	0.000	0.015	0.015	0.112	0.001	0.791
neutral	0.056	0.000	0.017	0.009	0.144	0.001	0.774
neutral	0.066	0.000	0.019	0.014	0.114	0.002	0.786
neutral	0.071	0.000	0.015	0.013	0.110	0.001	0.790
neutral	0.064	0.000	0.019	0.008	0.117	0.001	0.791
neutral	0.076	0.000	0.016	0.007	0.096	0.001	0.805
neutral	0.065	0.000	0.015	0.008	0.092	0.001	0.819
neutral	0.071	0.000	0.014	0.005	0.083	0.000	0.826
neutral	0.079	0.000	0.013	0.003	0.096	0.000	0.808
neutral	0.084	0.000	0.014	0.003	0.105	0.000	0.793
neutral	0.022	0.000	0.007	0.002	0.060	0.000	0.909
neutral	0.045	0.000	0.011	0.002	0.078	0.000	0.863
neutral	0.075	0.000	0.014	0.003	0.104	0.000	0.804
neutral	0.048	0.000	0.015	0.002	0.096	0.000	0.839
neutral	0.077	0.000	0.022	0.006	0.166	0.000	0.728
neutral	0.115	0.000	0.021	0.009	0.142	0.001	0.712
neutral	0.104	0.000	0.016	0.007	0.129	0.000	0.744
neutral	0.173	0.000	0.018	0.003	0.172	0.000	0.633
neutral	0.133	0.000	0.017	0.004	0.169	0.000	0.676
neutral	0.121	0.000	0.022	0.006	0.140	0.001	0.711
neutral	0.081	0.000	0.024	0.006	0.115	0.001	0.773
neutral	0.093	0.000	0.020	0.006	0.117	0.000	0.764
neutral	0.112	0.000	0.024	0.007	0.139	0.001	0.717
neutral	0.156	0.000	0.017	0.003	0.159	0.000	0.665
neutral	0.160	0.000	0.017	0.003	0.159	0.000	0.662
neutral	0.152	0.000	0.015	0.003	0.155	0.000	0.674
neutral	0.103	0.000	0.020	0.009	0.125	0.000	0.742
neutral	0.098	0.000	0.021	0.008	0.125	0.000	0.748
neutral	0.084	0.000	0.022	0.010	0.130	0.001	0.755
neutral	0.118	0.000	0.019	0.004	0.158	0.000	0.701
neutral	0.120	0.000	0.019	0.005	0.138	0.000	0.718
neutral	0.131	0.000	0.014	0.004	0.123	0.000	0.727
neutral	0.067	0.000	0.015	0.010	0.099	0.000	0.808
neutral	0.089	0.000	0.021	0.011	0.128	0.001	0.751
neutral	0.068	0.000	0.017	0.014	0.105	0.001	0.796
neutral	0.065	0.000	0.024	0.017	0.128	0.001	0.765
neutral	0.061	0.000	0.011	0.011	0.085	0.001	0.831
neutral	0.032	0.000	0.005	0.021	0.057	0.000	0.884
neutral	0.014	0.000	0.004	0.077	0.051	0.000	0.854
neutral	0.026	0.000	0.005	0.021	0.059	0.000	0.888
neutral	0.030	0.000	0.008	0.019	0.075	0.000	0.868
neutral	0.035	0.000	0.007	0.039	0.064	0.001	0.854
neutral	0.035	0.000	0.007	0.033	0.066	0.000	0.859
neutral	0.035	0.000	0.008	0.029	0.082	0.001	0.846
neutral	0.052	0.000	0.009	0.008	0.133	0.000	0.798
neutral	0.035	0.000	0.008	0.021	0.093	0.000	0.842
neutral	0.076	0.000	0.016	0.023	0.103	0.001	0.782
neutral	0.069	0.000	0.016	0.020	0.094	0.001	0.801
neutral	0.037	0.000	0.012	0.023	0.061	0.001	0.867
neutral	0.052	0.000	0.007	0.018	0.074	0.000	0.849
neutral	0.030	0.000	0.010	0.049	0.056	0.001	0.855
neutral	0.031	0.000	0.011	0.052	0.056	0.001	0.850
neutral	0.042	0.000	0.011	0.050	0.089	0.001	0.807
neutral	0.032	0.000	0.008	0.020	0.058	0.000	0.882
neutral	0.036	0.000	0.011	0.034	0.060	0.000	0.858
neutral	0.039	0.000	0.016	0.037	0.081	0.001	0.827
neutral	0.051	0.000	0.009	0.007	0.131	0.000	0.801
neutral	0.039	0.000	0.006	0.005	0.128	0.000	0.822
neutral	0.050	0.000	0.011	0.010	0.130	0.000	0.799
neutral	0.032	0.000	0.007	0.005	0.104	0.000	0.853
neutral	0.069	0.000	0.015	0.018	0.144	0.000	0.753
neutral	0.056	0.000	0.014	0.011	0.157	0.000	0.762
