prediction	angry	disgust	fear	happy	sad	surprise	neutral
neutral	0.054	0.000	0.001	0.288	0.090	0.000	0.567
neutral	0.064	0.000	0.001	0.213	0.071	0.000	0.652
neutral	0.026	0.000	0.000	0.224	0.036	0.000	0.714
neutral	0.068	0.000	0.000	0.226	0.069	0.000	0.637
neutral	0.029	0.000	0.001	0.274	0.105	0.000	0.591
neutral	0.045	0.000	0.001	0.281	0.074	0.000	0.598
happy	0.035	0.000	0.000	0.478	0.032	0.000	0.455
neutral	0.052	0.000	0.000	0.204	0.062	0.000	0.681
neutral	0.026	0.000	0.001	0.449	0.055	0.000	0.469
neutral	0.043	0.000	0.001	0.357	0.055	0.001	0.543
neutral	0.031	0.000	0.000	0.361	0.036	0.000	0.571
neutral	0.044	0.000	0.001	0.344	0.073	0.001	0.538
neutral	0.064	0.000	0.001	0.349	0.058	0.000	0.528
neutral	0.077	0.000	0.001	0.245	0.061	0.000	0.616
neutral	0.083	0.000	0.001	0.274	0.039	0.000	0.602
neutral	0.045	0.000	0.001	0.254	0.051	0.000	0.650
neutral	0.039	0.000	0.001	0.354	0.054	0.000	0.552
neutral	0.016	0.000	0.001	0.371	0.044	0.000	0.569
neutral	0.011	0.000	0.000	0.382	0.016	0.000	0.591
neutral	0.018	0.000	0.000	0.326	0.033	0.000	0.623
neutral	0.022	0.000	0.001	0.323	0.047	0.000	0.607
neutral	0.013	0.000	0.000	0.358	0.019	0.000	0.609
neutral	0.014	0.000	0.000	0.407	0.018	0.000	0.560
neutral	0.013	0.000	0.000	0.372	0.030	0.000	0.584
neutral	0.020	0.000	0.000	0.401	0.032	0.000	0.546
neutral	0.102	0.000	0.000	0.370	0.042	0.000	0.485
neutral	0.165	0.000	0.001	0.300	0.074	0.000	0.460
neutral	0.095	0.000	0.001	0.355	0.064	0.000	0.485
neutral	0.037	0.000	0.001	0.401	0.054	0.000	0.507
happy	0.032	0.000	0.000	0.514	0.033	0.000	0.420
neutral	0.065	0.000	0.001	0.190	0.074	0.000	0.671
neutral	0.053	0.000	0.001	0.045	0.079	0.000	0.822
neutral	0.133	0.000	0.001	0.017	0.126	0.001	0.722
neutral	0.154	0.000	0.001	0.025	0.250	0.000	0.570
neutral	0.236	0.000	0.001	0.174	0.122	0.000	0.467
neutral	0.187	0.000	0.000	0.332	0.050	0.002	0.428
neutral	0.143	0.000	0.000	0.297	0.072	0.002	0.486
happy	0.141	0.000	0.000	0.590	0.018	0.000	0.251
neutral	0.180	0.000	0.001	0.361	0.056	0.001	0.402
happy	0.049	0.000	0.001	0.576	0.041	0.000	0.334
happy	0.137	0.000	0.000	0.420	0.061	0.000	0.381
neutral	0.172	0.000	0.001	0.331	0.062	0.000	0.433
neutral	0.066	0.000	0.000	0.417	0.032	0.000	0.484
neutral	0.068	0.000	0.000	0.383	0.036	0.000	0.512
happy	0.037	0.000	0.000	0.565	0.016	0.001	0.380
neutral	0.082	0.000	0.000	0.375	0.091	0.000	0.451
neutral	0.069	0.000	0.001	0.248	0.069	0.000	0.613
neutral	0.042	0.000	0.000	0.356	0.040	0.000	0.562
neutral	0.058	0.000	0.000	0.393	0.031	0.000	0.517
neutral	0.041	0.000	0.000	0.309	0.026	0.000	0.623
happy	0.037	0.000	0.000	0.476	0.017	0.000	0.470
neutral	0.038	0.000	0.000	0.420	0.019	0.000	0.522
neutral	0.033	0.000	0.000	0.430	0.023	0.000	0.513
neutral	0.058	0.000	0.000	0.417	0.036	0.000	0.489
neutral	0.138	0.000	0.001	0.344	0.087	0.001	0.428
neutral	0.122	0.000	0.001	0.328	0.050	0.003	0.496
neutral	0.066	0.000	0.001	0.300	0.139	0.002	0.492
neutral	0.144	0.000	0.001	0.137	0.128	0.001	0.589
neutral	0.113	0.000	0.001	0.277	0.142	0.001	0.465
neutral	0.144	0.000	0.001	0.190	0.115	0.002	0.549
happy	0.037	0.000	0.000	0.687	0.017	0.000	0.258
neutral	0.039	0.000	0.000	0.461	0.018	0.001	0.480
happy	0.090	0.000	0.003	0.488	0.067	0.001	0.351
happy	0.035	0.000	0.001	0.596	0.022	0.001	0.345
neutral	0.017	0.000	0.001	0.475	0.019	0.001	0.488
happy	0.033	0.000	0.000	0.545	0.031	0.001	0.390
neutral	0.030	0.000	0.001	0.464	0.027	0.001	0.477
neutral	0.032	0.000	0.001	0.329	0.031	0.001	0.606
neutral	0.158	0.000	0.030	0.170	0.076	0.075	0.491
neutral	0.077	0.000	0.003	0.388	0.032	0.009	0.491
neutral	0.119	0.000	0.023	0.076	0.062	0.006	0.713
neutral	0.029	0.000	0.005	0.098	0.059	0.000	0.810
neutral	0.073	0.000	0.007	0.062	0.125	0.001	0.731
neutral	0.065	0.000	0.001	0.182	0.084	0.000	0.668
neutral	0.029	0.000	0.000	0.448	0.014	0.000	0.508
neutral	0.107	0.000	0.001	0.247	0.034	0.000	0.612
neutral	0.202	0.000	0.001	0.146	0.047	0.002	0.603
neutral	0.119	0.000	0.004	0.106	0.156	0.001	0.614
neutral	0.068	0.000	0.003	0.273	0.054	0.001	0.601
neutral	0.056	0.000	0.001	0.256	0.067	0.001	0.621
neutral	0.077	0.000	0.006	0.307	0.112	0.003	0.494
neutral	0.088	0.000	0.002	0.334	0.035	0.001	0.540
neutral	0.322	0.000	0.002	0.089	0.141	0.000	0.445
neutral	0.099	0.000	0.001	0.327	0.079	0.000	0.493
happy	0.029	0.000	0.001	0.595	0.026	0.001	0.348
happy	0.045	0.000	0.000	0.778	0.009	0.001	0.167
neutral	0.092	0.000	0.001	0.276	0.051	0.001	0.579
neutral	0.054	0.000	0.000	0.281	0.015	0.000	0.649
neutral	0.032	0.000	0.000	0.360	0.030	0.001	0.577
happy	0.022	0.000	0.000	0.592	0.019	0.000	0.366
neutral	0.149	0.000	0.003	0.211	0.088	0.002	0.547
neutral	0.058	0.000	0.003	0.296	0.121	0.004	0.518
neutral	0.075	0.000	0.001	0.171	0.098	0.000	0.655
neutral	0.080	0.000	0.002	0.409	0.061	0.001	0.447
neutral	0.054	0.000	0.004	0.196	0.134	0.003	0.608
neutral	0.057	0.000	0.003	0.312	0.115	0.001	0.513
happy	0.022	0.000	0.000	0.685	0.011	0.000	0.281
happy	0.022	0.000	0.001	0.805	0.008	0.001	0.164
happy	0.097	0.000	0.011	0.688	0.041	0.004	0.159
neutral	0.161	0.000	0.007	0.348	0.074	0.015	0.395
neutral	0.067	0.000	0.005	0.283	0.118	0.001	0.526
neutral	0.114	0.000	0.003	0.054	0.192	0.000	0.637
neutral	0.047	0.000	0.001	0.234	0.041	0.000	0.677
neutral	0.065	0.000	0.001	0.297	0.054	0.000	0.583
neutral	0.087	0.000	0.000	0.274	0.010	0.000	0.629
neutral	0.039	0.000	0.000	0.387	0.020	0.000	0.553
neutral	0.118	0.000	0.009	0.065	0.203	0.001	0.604
happy	0.098	0.000	0.001	0.601	0.017	0.005	0.276
happy	0.026	0.000	0.001	0.753	0.010	0.002	0.208
happy	0.034	0.000	0.000	0.762	0.004	0.000	0.199
neutral	0.094	0.000	0.001	0.378	0.050	0.000	0.477
happy	0.075	0.000	0.001	0.623	0.012	0.001	0.289
happy	0.011	0.000	0.000	0.846	0.003	0.000	0.139
happy	0.039	0.000	0.001	0.497	0.030	0.000	0.432
happy	0.018	0.000	0.000	0.554	0.014	0.000	0.413
happy	0.020	0.000	0.001	0.570	0.014	0.001	0.395
happy	0.070	0.000	0.004	0.422	0.088	0.003	0.412
happy	0.018	0.000	0.001	0.784	0.009	0.001	0.187
neutral	0.045	0.000	0.002	0.297	0.058	0.000	0.597
neutral	0.125	0.000	0.001	0.123	0.051	0.000	0.700
neutral	0.084	0.000	0.001	0.147	0.125	0.001	0.643
neutral	0.205	0.000	0.003	0.138	0.130	0.001	0.523
neutral	0.104	0.000	0.002	0.120	0.165	0.000	0.609
neutral	0.153	0.000	0.001	0.186	0.104	0.000	0.556
neutral	0.080	0.000	0.002	0.181	0.109	0.000	0.628
happy	0.020	0.000	0.000	0.589	0.030	0.000	0.361
neutral	0.161	0.000	0.001	0.238	0.103	0.000	0.497
neutral	0.090	0.000	0.003	0.309	0.106	0.001	0.491
neutral	0.032	0.000	0.004	0.438	0.060	0.007	0.459
happy	0.036	0.000	0.002	0.477	0.047	0.003	0.436
neutral	0.035	0.000	0.001	0.165	0.067	0.000	0.731
happy	0.034	0.000	0.003	0.523	0.060	0.001	0.379
happy	0.065	0.000	0.005	0.457	0.072	0.001	0.399
neutral	0.046	0.000	0.004	0.373	0.092	0.001	0.485
neutral	0.010	0.000	0.000	0.329	0.016	0.000	0.644
happy	0.050	0.000	0.002	0.717	0.039	0.001	0.191
happy	0.026	0.000	0.000	0.722	0.014	0.000	0.237
happy	0.027	0.000	0.000	0.653	0.028	0.000	0.292
happy	0.028	0.000	0.000	0.690	0.041	0.000	0.241
happy	0.018	0.000	0.000	0.597	0.030	0.000	0.355
happy	0.016	0.000	0.000	0.593	0.028	0.000	0.362
happy	0.060	0.000	0.001	0.730	0.038	0.000	0.170
happy	0.059	0.000	0.001	0.606	0.032	0.000	0.302
happy	0.012	0.000	0.000	0.943	0.008	0.000	0.037
happy	0.001	0.000	0.000	0.989	0.000	0.000	0.009
happy	0.000	0.000	0.000	0.994	0.000	0.000	0.005
happy	0.001	0.000	0.000	0.989	0.000	0.000	0.010
happy	0.000	0.000	0.000	0.989	0.000	0.000	0.010
happy	0.005	0.000	0.000	0.953	0.003	0.000	0.039
happy	0.096	0.000	0.003	0.524	0.069	0.000	0.308
happy	0.020	0.000	0.000	0.766	0.013	0.000	0.201
happy	0.035	0.000	0.001	0.652	0.017	0.003	0.292
happy	0.014	0.000	0.000	0.803	0.010	0.000	0.173
happy	0.008	0.000	0.000	0.877	0.004	0.000	0.110
happy	0.007	0.000	0.001	0.910	0.007	0.000	0.074
happy	0.007	0.000	0.000	0.955	0.002	0.000	0.036
happy	0.013	0.000	0.000	0.894	0.008	0.000	0.085
happy	0.013	0.000	0.000	0.837	0.004	0.000	0.145
happy	0.026	0.000	0.000	0.772	0.011	0.000	0.190
happy	0.007	0.000	0.000	0.910	0.003	0.000	0.080
happy	0.017	0.000	0.000	0.829	0.007	0.000	0.147
happy	0.028	0.000	0.000	0.864	0.007	0.000	0.100
happy	0.021	0.000	0.000	0.845	0.011	0.000	0.122
happy	0.128	0.000	0.002	0.428	0.065	0.000	0.376
happy	0.057	0.000	0.001	0.767	0.025	0.000	0.150
happy	0.041	0.000	0.000	0.718	0.032	0.000	0.208
happy	0.046	0.000	0.000	0.535	0.029	0.000	0.390
happy	0.013	0.000	0.000	0.572	0.019	0.000	0.396
neutral	0.022	0.000	0.000	0.358	0.036	0.000	0.583
happy	0.026	0.000	0.000	0.624	0.015	0.000	0.335
happy	0.009	0.000	0.000	0.623	0.020	0.000	0.347
happy	0.016	0.000	0.000	0.752	0.016	0.000	0.216
happy	0.032	0.000	0.000	0.758	0.022	0.000	0.188
happy	0.037	0.000	0.001	0.624	0.053	0.000	0.284
happy	0.033	0.000	0.000	0.752	0.008	0.000	0.208
happy	0.034	0.000	0.000	0.794	0.007	0.000	0.164
happy	0.029	0.000	0.001	0.664	0.030	0.001	0.276
happy	0.055	0.000	0.001	0.693	0.041	0.001	0.208
happy	0.067	0.000	0.001	0.549	0.067	0.000	0.316
happy	0.080	0.000	0.001	0.601	0.035	0.000	0.283
happy	0.030	0.000	0.001	0.548	0.055	0.000	0.365
happy	0.026	0.000	0.001	0.652	0.026	0.000	0.295
happy	0.034	0.000	0.001	0.528	0.045	0.000	0.392
happy	0.041	0.000	0.001	0.603	0.040	0.000	0.314
happy	0.028	0.000	0.001	0.701	0.027	0.000	0.243
neutral	0.043	0.000	0.001	0.402	0.079	0.000	0.474
happy	0.031	0.000	0.001	0.681	0.039	0.000	0.248
happy	0.023	0.000	0.001	0.636	0.027	0.001	0.313
happy	0.086	0.000	0.001	0.513	0.036	0.000	0.364
happy	0.075	0.000	0.001	0.482	0.065	0.000	0.377
neutral	0.079	0.000	0.001	0.379	0.053	0.001	0.488
happy	0.075	0.000	0.001	0.564	0.024	0.002	0.333
happy	0.083	0.000	0.003	0.448	0.036	0.003	0.427
happy	0.051	0.000	0.002	0.519	0.023	0.003	0.401
neutral	0.152	0.000	0.008	0.240	0.096	0.002	0.502
neutral	0.153	0.000	0.002	0.199	0.061	0.000	0.584
happy	0.233	0.000	0.097	0.272	0.116	0.091	0.191
neutral	0.045	0.000	0.002	0.135	0.017	0.003	0.798
happy	0.034	0.000	0.001	0.536	0.026	0.001	0.403
happy	0.031	0.000	0.000	0.519	0.011	0.000	0.438
happy	0.042	0.000	0.000	0.650	0.014	0.000	0.293
neutral	0.051	0.000	0.000	0.244	0.032	0.000	0.672
neutral	0.031	0.000	0.002	0.188	0.083	0.000	0.696
neutral	0.018	0.000	0.001	0.454	0.028	0.000	0.499
happy	0.052	0.000	0.001	0.585	0.026	0.001	0.336
happy	0.020	0.000	0.001	0.506	0.020	0.001	0.452
neutral	0.047	0.000	0.003	0.352	0.057	0.001	0.540
happy	0.007	0.000	0.000	0.731	0.007	0.001	0.254
happy	0.047	0.000	0.001	0.521	0.035	0.003	0.393
neutral	0.035	0.000	0.001	0.115	0.045	0.001	0.804
neutral	0.016	0.000	0.001	0.421	0.035	0.001	0.526
angry	0.470	0.000	0.034	0.208	0.118	0.060	0.110
happy	0.033	0.000	0.003	0.451	0.075	0.006	0.433
neutral	0.030	0.000	0.000	0.063	0.060	0.000	0.846
happy	0.021	0.000	0.001	0.564	0.028	0.001	0.384
neutral	0.026	0.000	0.002	0.393	0.031	0.001	0.548
neutral	0.027	0.000	0.000	0.425	0.034	0.001	0.513
neutral	0.063	0.000	0.000	0.318	0.022	0.001	0.596
neutral	0.014	0.000	0.000	0.092	0.018	0.000	0.876
neutral	0.034	0.000	0.000	0.129	0.052	0.000	0.785
happy	0.039	0.000	0.002	0.670	0.027	0.002	0.260
happy	0.014	0.000	0.000	0.876	0.008	0.001	0.101
happy	0.011	0.000	0.000	0.600	0.023	0.000	0.365
neutral	0.082	0.000	0.001	0.216	0.077	0.001	0.624
happy	0.009	0.000	0.000	0.681	0.022	0.001	0.287
happy	0.005	0.000	0.000	0.855	0.013	0.000	0.127
neutral	0.046	0.000	0.002	0.218	0.092	0.000	0.642
happy	0.068	0.000	0.001	0.426	0.125	0.000	0.380
happy	0.040	0.000	0.004	0.601	0.055	0.002	0.299
happy	0.036	0.000	0.003	0.600	0.034	0.001	0.326
happy	0.032	0.000	0.002	0.658	0.046	0.001	0.262
neutral	0.077	0.000	0.002	0.197	0.104	0.000	0.619
neutral	0.011	0.000	0.000	0.445	0.021	0.000	0.522
neutral	0.015	0.000	0.000	0.415	0.036	0.001	0.533
neutral	0.043	0.000	0.001	0.215	0.156	0.000	0.584
neutral	0.022	0.000	0.001	0.195	0.099	0.000	0.683
neutral	0.065	0.000	0.001	0.253	0.127	0.000	0.554
neutral	0.018	0.000	0.001	0.341	0.112	0.000	0.528
neutral	0.036	0.000	0.001	0.304	0.080	0.000	0.579
neutral	0.087	0.000	0.001	0.370	0.104	0.000	0.438
happy	0.014	0.000	0.000	0.833	0.013	0.000	0.139
happy	0.017	0.000	0.001	0.771	0.015	0.001	0.197
happy	0.032	0.000	0.001	0.738	0.022	0.003	0.203
happy	0.012	0.000	0.001	0.793	0.024	0.001	0.170
happy	0.043	0.000	0.001	0.489	0.062	0.000	0.404
happy	0.007	0.000	0.000	0.839	0.009	0.000	0.145
happy	0.013	0.000	0.001	0.615	0.052	0.001	0.318
neutral	0.027	0.000	0.001	0.408	0.077	0.000	0.487
neutral	0.062	0.000	0.004	0.260	0.157	0.000	0.517
happy	0.037	0.000	0.005	0.437	0.087	0.003	0.431
happy	0.013	0.000	0.000	0.885	0.009	0.001	0.092
happy	0.012	0.000	0.001	0.842	0.015	0.001	0.130
happy	0.028	0.000	0.000	0.798	0.018	0.000	0.157
happy	0.028	0.000	0.000	0.841	0.026	0.000	0.104
happy	0.038	0.000	0.000	0.683	0.039	0.000	0.240
neutral	0.026	0.000	0.001	0.389	0.039	0.000	0.545
neutral	0.028	0.000	0.001	0.373	0.050	0.000	0.547
neutral	0.043	0.000	0.001	0.315	0.056	0.000	0.585
happy	0.051	0.000	0.001	0.484	0.061	0.000	0.402
happy	0.025	0.000	0.001	0.622	0.041	0.001	0.311
neutral	0.027	0.000	0.001	0.337	0.050	0.000	0.584
neutral	0.052	0.000	0.002	0.305	0.062	0.000	0.578
neutral	0.033	0.000	0.002	0.436	0.055	0.000	0.473
neutral	0.034	0.000	0.001	0.325	0.057	0.000	0.582
neutral	0.032	0.000	0.001	0.423	0.044	0.000	0.499
happy	0.028	0.000	0.001	0.510	0.043	0.001	0.416
happy	0.036	0.000	0.001	0.624	0.034	0.001	0.305
happy	0.018	0.000	0.002	0.694	0.026	0.003	0.258
happy	0.010	0.000	0.001	0.709	0.033	0.001	0.246
happy	0.028	0.000	0.002	0.572	0.033	0.001	0.364
happy	0.019	0.000	0.003	0.754	0.039	0.003	0.180
happy	0.045	0.000	0.004	0.548	0.058	0.002	0.343
happy	0.011	0.000	0.001	0.798	0.015	0.003	0.171
happy	0.023	0.000	0.001	0.694	0.021	0.001	0.260
happy	0.031	0.000	0.001	0.666	0.025	0.001	0.276
happy	0.033	0.000	0.002	0.623	0.033	0.002	0.307
happy	0.022	0.000	0.002	0.555	0.046	0.002	0.373
happy	0.025	0.000	0.001	0.697	0.032	0.000	0.245
happy	0.025	0.000	0.001	0.567	0.033	0.001	0.373
happy	0.021	0.000	0.000	0.693	0.025	0.000	0.260
happy	0.027	0.000	0.000	0.692	0.023	0.000	0.257
happy	0.020	0.000	0.000	0.869	0.014	0.000	0.097
happy	0.024	0.000	0.001	0.755	0.032	0.000	0.188
happy	0.022	0.000	0.000	0.775	0.016	0.000	0.187
happy	0.025	0.000	0.000	0.701	0.016	0.000	0.257
happy	0.025	0.000	0.001	0.621	0.026	0.000	0.326
happy	0.023	0.000	0.000	0.599	0.032	0.000	0.346
happy	0.126	0.000	0.001	0.439	0.086	0.000	0.347
happy	0.038	0.000	0.000	0.518	0.037	0.000	0.407
happy	0.020	0.000	0.000	0.670	0.025	0.000	0.284
neutral	0.100	0.000	0.000	0.374	0.054	0.000	0.471
happy	0.033	0.000	0.000	0.489	0.038	0.000	0.439
happy	0.040	0.000	0.000	0.679	0.032	0.000	0.248
happy	0.039	0.000	0.000	0.537	0.023	0.000	0.400
happy	0.071	0.000	0.000	0.469	0.033	0.000	0.426
neutral	0.078	0.000	0.000	0.401	0.047	0.000	0.474
neutral	0.041	0.000	0.000	0.212	0.045	0.000	0.701
happy	0.050	0.000	0.000	0.464	0.033	0.000	0.453
neutral	0.082	0.000	0.000	0.304	0.051	0.000	0.561
happy	0.012	0.000	0.001	0.751	0.036	0.000	0.199
happy	0.034	0.000	0.000	0.551	0.032	0.000	0.382
neutral	0.039	0.000	0.001	0.436	0.040	0.000	0.485
neutral	0.034	0.000	0.001	0.387	0.048	0.000	0.530
happy	0.024	0.000	0.001	0.580	0.040	0.000	0.355
neutral	0.050	0.000	0.001	0.423	0.062	0.001	0.463
neutral	0.027	0.000	0.001	0.368	0.035	0.000	0.568
happy	0.026	0.000	0.001	0.537	0.026	0.000	0.410
neutral	0.038	0.000	0.001	0.388	0.046	0.000	0.527
happy	0.094	0.000	0.001	0.440	0.053	0.001	0.410
neutral	0.035	0.000	0.001	0.420	0.039	0.000	0.504
neutral	0.033	0.000	0.001	0.301	0.048	0.000	0.616
happy	0.030	0.000	0.001	0.515	0.039	0.000	0.415
happy	0.084	0.000	0.001	0.463	0.038	0.001	0.413
neutral	0.083	0.000	0.000	0.218	0.072	0.000	0.627
neutral	0.025	0.000	0.001	0.387	0.056	0.000	0.531
neutral	0.049	0.000	0.001	0.365	0.081	0.000	0.504
neutral	0.062	0.000	0.001	0.265	0.097	0.000	0.575
neutral	0.023	0.000	0.001	0.206	0.064	0.000	0.706
neutral	0.028	0.000	0.001	0.140	0.090	0.000	0.740
neutral	0.046	0.000	0.001	0.205	0.098	0.001	0.649
neutral	0.048	0.000	0.002	0.103	0.176	0.000	0.671
neutral	0.043	0.000	0.002	0.241	0.129	0.001	0.584
neutral	0.044	0.000	0.002	0.240	0.128	0.000	0.585
neutral	0.040	0.000	0.002	0.233	0.127	0.000	0.598
neutral	0.064	0.000	0.001	0.097	0.105	0.000	0.733
neutral	0.049	0.000	0.001	0.154	0.092	0.000	0.703
neutral	0.052	0.000	0.001	0.126	0.119	0.000	0.701
neutral	0.051	0.000	0.002	0.264	0.100	0.000	0.582
neutral	0.074	0.000	0.008	0.219	0.147	0.002	0.550
neutral	0.086	0.000	0.003	0.131	0.109	0.001	0.670
neutral	0.031	0.000	0.002	0.060	0.055	0.000	0.851
neutral	0.046	0.000	0.001	0.142	0.051	0.000	0.760
neutral	0.055	0.000	0.001	0.167	0.055	0.000	0.720
neutral	0.097	0.000	0.003	0.162	0.159	0.001	0.579
neutral	0.118	0.000	0.003	0.133	0.181	0.001	0.564
neutral	0.102	0.000	0.001	0.319	0.075	0.001	0.502
neutral	0.057	0.000	0.001	0.386	0.060	0.001	0.494
happy	0.044	0.000	0.001	0.555	0.032	0.001	0.367
neutral	0.129	0.000	0.002	0.209	0.098	0.002	0.560
neutral	0.090	0.000	0.001	0.209	0.128	0.001	0.572
neutral	0.041	0.000	0.001	0.443	0.047	0.001	0.468
neutral	0.056	0.000	0.001	0.284	0.068	0.001	0.590
happy	0.040	0.000	0.000	0.651	0.028	0.000	0.280
happy	0.040	0.000	0.001	0.571	0.029	0.001	0.358
happy	0.044	0.000	0.001	0.541	0.032	0.001	0.381
neutral	0.067	0.000	0.001	0.410	0.058	0.002	0.462
neutral	0.083	0.000	0.001	0.225	0.098	0.002	0.592
neutral	0.046	0.000	0.001	0.417	0.050	0.001	0.485
neutral	0.060	0.000	0.001	0.425	0.046	0.001	0.467
happy	0.043	0.000	0.001	0.515	0.034	0.001	0.405
neutral	0.084	0.000	0.001	0.136	0.148	0.002	0.629
neutral	0.082	0.000	0.002	0.183	0.113	0.003	0.618
neutral	0.060	0.000	0.001	0.145	0.101	0.002	0.691
neutral	0.070	0.000	0.002	0.274	0.075	0.002	0.577
neutral	0.065	0.000	0.001	0.196	0.078	0.001	0.658
neutral	0.058	0.000	0.003	0.163	0.137	0.001	0.637
neutral	0.050	0.000	0.002	0.180	0.084	0.002	0.682
neutral	0.053	0.000	0.001	0.140	0.085	0.001	0.720
neutral	0.042	0.000	0.001	0.395	0.041	0.001	0.521
neutral	0.034	0.000	0.001	0.269	0.054	0.001	0.641
happy	0.039	0.000	0.001	0.551	0.031	0.000	0.378
neutral	0.045	0.000	0.002	0.249	0.062	0.002	0.642
neutral	0.064	0.000	0.001	0.249	0.081	0.001	0.605
neutral	0.065	0.000	0.001	0.113	0.131	0.002	0.688
neutral	0.037	0.000	0.001	0.393	0.049	0.001	0.520
neutral	0.066	0.000	0.001	0.104	0.118	0.001	0.710
neutral	0.060	0.000	0.001	0.083	0.123	0.001	0.732
neutral	0.055	0.000	0.000	0.442	0.038	0.000	0.464
neutral	0.040	0.000	0.001	0.130	0.090	0.001	0.738
neutral	0.049	0.000	0.001	0.196	0.079	0.001	0.674
neutral	0.044	0.000	0.001	0.203	0.074	0.001	0.677
neutral	0.074	0.000	0.001	0.353	0.070	0.001	0.500
neutral	0.046	0.000	0.002	0.289	0.077	0.002	0.584
neutral	0.039	0.000	0.001	0.350	0.056	0.001	0.552
neutral	0.044	0.000	0.002	0.255	0.075	0.002	0.621
neutral	0.047	0.000	0.002	0.268	0.092	0.002	0.590
neutral	0.042	0.000	0.001	0.215	0.104	0.001	0.636
neutral	0.068	0.000	0.001	0.210	0.101	0.002	0.619
neutral	0.061	0.000	0.001	0.259	0.111	0.001	0.567
neutral	0.056	0.000	0.001	0.165	0.115	0.001	0.662
neutral	0.056	0.000	0.001	0.311	0.092	0.001	0.540
neutral	0.048	0.000	0.002	0.359	0.067	0.002	0.523
neutral	0.054	0.000	0.001	0.222	0.092	0.002	0.629
neutral	0.051	0.000	0.001	0.229	0.081	0.001	0.636
neutral	0.067	0.000	0.001	0.197	0.111	0.002	0.622
neutral	0.057	0.000	0.001	0.181	0.113	0.001	0.646
neutral	0.039	0.000	0.001	0.162	0.080	0.001	0.717
neutral	0.044	0.000	0.001	0.292	0.063	0.002	0.597
neutral	0.040	0.000	0.001	0.250	0.043	0.001	0.665
neutral	0.034	0.000	0.001	0.142	0.076	0.001	0.746
neutral	0.042	0.000	0.001	0.131	0.131	0.001	0.694
neutral	0.044	0.000	0.001	0.113	0.124	0.001	0.716
neutral	0.030	0.000	0.001	0.149	0.079	0.001	0.740
neutral	0.063	0.000	0.001	0.181	0.120	0.001	0.634
neutral	0.044	0.000	0.001	0.077	0.144	0.001	0.733
neutral	0.076	0.000	0.001	0.284	0.101	0.001	0.538
neutral	0.046	0.000	0.001	0.089	0.159	0.001	0.703
neutral	0.036	0.000	0.001	0.233	0.051	0.001	0.678
neutral	0.044	0.000	0.001	0.283	0.045	0.001	0.626
neutral	0.045	0.000	0.002	0.123	0.101	0.001	0.728
neutral	0.028	0.000	0.002	0.208	0.053	0.001	0.709
neutral	0.039	0.000	0.001	0.340	0.048	0.000	0.572
neutral	0.029	0.000	0.002	0.240	0.056	0.001	0.672
neutral	0.031	0.000	0.001	0.348	0.048	0.001	0.571
neutral	0.045	0.000	0.001	0.083	0.122	0.001	0.747
neutral	0.061	0.000	0.001	0.054	0.188	0.001	0.695
neutral	0.023	0.000	0.001	0.332	0.056	0.000	0.589
neutral	0.056	0.000	0.001	0.080	0.140	0.001	0.722
neutral	0.051	0.000	0.001	0.160	0.097	0.001	0.690
neutral	0.064	0.000	0.002	0.115	0.139	0.001	0.679
neutral	0.044	0.000	0.000	0.364	0.044	0.000	0.548
neutral	0.053	0.000	0.001	0.223	0.092	0.001	0.630
neutral	0.030	0.000	0.001	0.437	0.049	0.000	0.482
neutral	0.065	0.000	0.002	0.136	0.154	0.001	0.642
neutral	0.055	0.000	0.001	0.138	0.104	0.001	0.701
neutral	0.036	0.000	0.001	0.213	0.059	0.000	0.690
neutral	0.041	0.000	0.001	0.183	0.073	0.000	0.701
neutral	0.060	0.000	0.001	0.076	0.135	0.001	0.727
neutral	0.070	0.000	0.001	0.063	0.130	0.001	0.735
neutral	0.039	0.000	0.002	0.290	0.081	0.001	0.588
neutral	0.051	0.000	0.001	0.067	0.141	0.001	0.739
neutral	0.039	0.000	0.001	0.145	0.088	0.002	0.725
neutral	0.071	0.000	0.001	0.072	0.155	0.001	0.701
neutral	0.029	0.000	0.001	0.188	0.064	0.001	0.718
neutral	0.036	0.000	0.001	0.134	0.079	0.001	0.749
neutral	0.037	0.000	0.001	0.198	0.050	0.001	0.713
neutral	0.035	0.000	0.001	0.111	0.093	0.001	0.759
neutral	0.061	0.000	0.001	0.068	0.165	0.001	0.704
neutral	0.030	0.000	0.001	0.207	0.061	0.001	0.701
neutral	0.035	0.000	0.001	0.225	0.058	0.000	0.681
neutral	0.029	0.000	0.001	0.068	0.099	0.000	0.802
neutral	0.044	0.000	0.001	0.108	0.076	0.000	0.771
neutral	0.032	0.000	0.001	0.068	0.101	0.001	0.797
neutral	0.033	0.000	0.001	0.066	0.092	0.001	0.807
neutral	0.033	0.000	0.001	0.108	0.082	0.001	0.775
neutral	0.048	0.000	0.001	0.128	0.085	0.001	0.737
neutral	0.027	0.000	0.001	0.150	0.075	0.001	0.746
neutral	0.032	0.000	0.000	0.059	0.112	0.001	0.795
neutral	0.034	0.000	0.001	0.067	0.130	0.001	0.766
neutral	0.031	0.000	0.002	0.187	0.089	0.001	0.691
neutral	0.034	0.000	0.001	0.152	0.084	0.001	0.729
neutral	0.030	0.000	0.002	0.189	0.066	0.001	0.712
neutral	0.031	0.000	0.001	0.252	0.047	0.000	0.669
neutral	0.037	0.000	0.001	0.102	0.111	0.001	0.748
neutral	0.052	0.000	0.001	0.234	0.051	0.001	0.661
neutral	0.061	0.000	0.001	0.095	0.126	0.001	0.717
neutral	0.057	0.000	0.001	0.110	0.105	0.001	0.727
neutral	0.069	0.000	0.001	0.284	0.102	0.001	0.543
neutral	0.057	0.000	0.000	0.201	0.064	0.000	0.676
neutral	0.060	0.000	0.000	0.243	0.061	0.000	0.635
neutral	0.075	0.000	0.001	0.240	0.079	0.001	0.604
neutral	0.082	0.000	0.001	0.230	0.088	0.001	0.598
neutral	0.073	0.000	0.001	0.233	0.076	0.001	0.617
neutral	0.065	0.000	0.001	0.147	0.078	0.000	0.708
neutral	0.091	0.000	0.001	0.235	0.092	0.001	0.581
neutral	0.085	0.000	0.001	0.295	0.077	0.000	0.542
neutral	0.094	0.000	0.000	0.117	0.050	0.000	0.739
neutral	0.057	0.000	0.000	0.166	0.063	0.000	0.713
neutral	0.066	0.000	0.000	0.118	0.063	0.000	0.752
neutral	0.048	0.000	0.001	0.133	0.104	0.001	0.713
neutral	0.043	0.000	0.001	0.076	0.131	0.001	0.748
neutral	0.031	0.000	0.001	0.329	0.063	0.000	0.576
neutral	0.076	0.000	0.001	0.150	0.085	0.000	0.688
neutral	0.052	0.000	0.001	0.323	0.047	0.000	0.577
neutral	0.059	0.000	0.001	0.078	0.120	0.001	0.741
neutral	0.056	0.000	0.001	0.059	0.138	0.001	0.744
neutral	0.050	0.000	0.001	0.244	0.072	0.002	0.630
neutral	0.063	0.000	0.000	0.402	0.034	0.000	0.500
neutral	0.109	0.000	0.000	0.185	0.035	0.000	0.670
neutral	0.126	0.000	0.001	0.326	0.047	0.001	0.499
neutral	0.100	0.000	0.000	0.197	0.053	0.000	0.649
neutral	0.076	0.000	0.001	0.320	0.048	0.001	0.553
neutral	0.080	0.000	0.000	0.254	0.047	0.000	0.617
neutral	0.074	0.000	0.001	0.335	0.069	0.002	0.519
neutral	0.072	0.000	0.001	0.279	0.057	0.000	0.591
neutral	0.080	0.000	0.001	0.258	0.061	0.001	0.599
neutral	0.047	0.000	0.001	0.229	0.064	0.002	0.656
neutral	0.076	0.000	0.001	0.211	0.063	0.001	0.649
neutral	0.088	0.000	0.001	0.221	0.059	0.001	0.630
neutral	0.088	0.000	0.001	0.280	0.048	0.001	0.582
neutral	0.110	0.000	0.001	0.203	0.048	0.000	0.637
neutral	0.079	0.000	0.001	0.261	0.049	0.001	0.609
neutral	0.070	0.000	0.000	0.410	0.054	0.001	0.464
neutral	0.050	0.000	0.000	0.440	0.045	0.001	0.463
neutral	0.100	0.000	0.001	0.257	0.067	0.001	0.575
neutral	0.108	0.000	0.001	0.338	0.062	0.001	0.491
neutral	0.059	0.000	0.001	0.236	0.071	0.001	0.633
neutral	0.081	0.000	0.001	0.314	0.068	0.001	0.535
neutral	0.084	0.000	0.001	0.273	0.077	0.001	0.564
neutral	0.058	0.000	0.001	0.365	0.072	0.001	0.503
neutral	0.070	0.000	0.001	0.319	0.058	0.001	0.551
neutral	0.077	0.000	0.001	0.234	0.080	0.000	0.608
neutral	0.069	0.000	0.000	0.163	0.068	0.001	0.699
neutral	0.044	0.000	0.000	0.187	0.075	0.001	0.693
neutral	0.051	0.000	0.001	0.193	0.073	0.000	0.681
happy	0.072	0.000	0.001	0.438	0.139	0.001	0.349
neutral	0.147	0.000	0.000	0.234	0.105	0.000	0.513
neutral	0.135	0.000	0.001	0.220	0.079	0.000	0.564
neutral	0.107	0.000	0.001	0.085	0.157	0.000	0.650
neutral	0.059	0.000	0.001	0.125	0.161	0.000	0.654
neutral	0.044	0.000	0.001	0.103	0.180	0.000	0.672
neutral	0.049	0.000	0.001	0.089	0.170	0.000	0.691
neutral	0.044	0.000	0.001	0.069	0.143	0.000	0.743
neutral	0.048	0.000	0.001	0.063	0.167	0.000	0.721
neutral	0.094	0.000	0.001	0.077	0.130	0.000	0.698
happy	0.068	0.000	0.000	0.422	0.099	0.000	0.410
neutral	0.095	0.000	0.000	0.351	0.069	0.000	0.485
neutral	0.034	0.000	0.000	0.221	0.077	0.000	0.667
neutral	0.050	0.000	0.001	0.255	0.061	0.001	0.632
neutral	0.066	0.000	0.001	0.291	0.090	0.001	0.551
neutral	0.102	0.000	0.000	0.258	0.066	0.000	0.573
neutral	0.068	0.000	0.001	0.248	0.074	0.001	0.609
neutral	0.089	0.000	0.001	0.278	0.067	0.001	0.564
neutral	0.063	0.000	0.001	0.307	0.085	0.001	0.543
neutral	0.075	0.000	0.001	0.270	0.073	0.001	0.581
neutral	0.088	0.000	0.001	0.244	0.077	0.001	0.590
neutral	0.085	0.000	0.001	0.177	0.096	0.001	0.641
neutral	0.111	0.000	0.002	0.222	0.110	0.002	0.554
neutral	0.061	0.000	0.001	0.310	0.115	0.001	0.510
neutral	0.046	0.000	0.003	0.258	0.105	0.003	0.584
neutral	0.065	0.000	0.007	0.266	0.099	0.004	0.558
neutral	0.080	0.000	0.002	0.136	0.082	0.000	0.700
neutral	0.088	0.000	0.001	0.243	0.093	0.000	0.574
neutral	0.104	0.000	0.001	0.092	0.081	0.000	0.723
neutral	0.112	0.000	0.001	0.138	0.093	0.001	0.656
neutral	0.105	0.000	0.001	0.075	0.064	0.000	0.755
neutral	0.090	0.000	0.001	0.097	0.119	0.001	0.692
neutral	0.062	0.000	0.001	0.259	0.076	0.001	0.600
neutral	0.138	0.000	0.001	0.127	0.085	0.000	0.648
neutral	0.086	0.000	0.001	0.123	0.101	0.001	0.689
neutral	0.114	0.000	0.001	0.161	0.120	0.001	0.604
neutral	0.079	0.000	0.001	0.306	0.078	0.001	0.536
neutral	0.080	0.000	0.001	0.271	0.085	0.001	0.563
neutral	0.083	0.000	0.001	0.147	0.099	0.001	0.670
neutral	0.083	0.000	0.001	0.256	0.094	0.001	0.565
