prediction	angry	disgust	fear	happy	sad	surprise	neutral
neutral	0.214	0.000	0.006	0.003	0.162	0.001	0.613
neutral	0.148	0.001	0.003	0.007	0.060	0.001	0.781
neutral	0.167	0.001	0.004	0.007	0.082	0.002	0.738
neutral	0.139	0.000	0.003	0.009	0.078	0.001	0.770
neutral	0.213	0.002	0.003	0.006	0.074	0.001	0.701
neutral	0.147	0.002	0.003	0.007	0.084	0.001	0.756
neutral	0.044	0.000	0.002	0.015	0.034	0.002	0.903
neutral	0.043	0.000	0.002	0.022	0.036	0.002	0.896
neutral	0.052	0.000	0.002	0.014	0.032	0.001	0.900
neutral	0.066	0.001	0.002	0.014	0.053	0.002	0.864
neutral	0.073	0.000	0.003	0.006	0.118	0.001	0.800
neutral	0.153	0.001	0.004	0.007	0.136	0.000	0.700
neutral	0.120	0.000	0.003	0.007	0.052	0.001	0.817
neutral	0.143	0.000	0.002	0.004	0.043	0.001	0.808
neutral	0.158	0.000	0.002	0.002	0.048	0.001	0.789
neutral	0.135	0.000	0.003	0.003	0.065	0.001	0.793
neutral	0.103	0.000	0.003	0.004	0.056	0.001	0.833
neutral	0.118	0.000	0.002	0.006	0.037	0.001	0.836
neutral	0.158	0.000	0.002	0.003	0.044	0.001	0.791
neutral	0.106	0.000	0.001	0.003	0.051	0.000	0.838
neutral	0.136	0.000	0.004	0.004	0.087	0.001	0.768
neutral	0.093	0.000	0.003	0.006	0.069	0.001	0.828
neutral	0.149	0.000	0.003	0.003	0.104	0.001	0.741
neutral	0.157	0.000	0.003	0.002	0.106	0.000	0.732
neutral	0.108	0.000	0.003	0.002	0.120	0.000	0.767
neutral	0.099	0.000	0.003	0.003	0.111	0.000	0.783
neutral	0.089	0.000	0.003	0.007	0.112	0.000	0.788
neutral	0.174	0.000	0.003	0.004	0.149	0.000	0.670
neutral	0.108	0.000	0.003	0.002	0.158	0.000	0.728
neutral	0.068	0.000	0.002	0.002	0.082	0.001	0.845
neutral	0.077	0.000	0.003	0.001	0.151	0.000	0.768
neutral	0.066	0.000	0.002	0.001	0.103	0.000	0.827
neutral	0.054	0.000	0.003	0.001	0.120	0.000	0.822
neutral	0.095	0.000	0.003	0.001	0.171	0.001	0.729
neutral	0.058	0.000	0.002	0.001	0.100	0.000	0.839
neutral	0.129	0.000	0.002	0.002	0.115	0.001	0.751
neutral	0.117	0.000	0.004	0.002	0.102	0.001	0.773
neutral	0.152	0.000	0.004	0.004	0.093	0.002	0.745
neutral	0.147	0.001	0.004	0.001	0.139	0.001	0.707
neutral	0.109	0.001	0.003	0.001	0.204	0.000	0.683
neutral	0.096	0.001	0.003	0.001	0.145	0.001	0.754
neutral	0.074	0.000	0.005	0.001	0.257	0.001	0.664
sad	0.060	0.000	0.005	0.000	0.485	0.001	0.448
sad	0.062	0.000	0.005	0.000	0.517	0.000	0.414
neutral	0.087	0.000	0.005	0.001	0.242	0.001	0.663
neutral	0.094	0.001	0.004	0.001	0.325	0.001	0.575
neutral	0.101	0.001	0.003	0.001	0.273	0.002	0.619
neutral	0.133	0.000	0.003	0.001	0.312	0.001	0.550
neutral	0.108	0.000	0.004	0.001	0.403	0.001	0.483
neutral	0.139	0.001	0.004	0.001	0.355	0.001	0.500
neutral	0.112	0.002	0.003	0.001	0.294	0.002	0.585
neutral	0.101	0.000	0.004	0.001	0.271	0.001	0.622
neutral	0.017	0.000	0.007	0.001	0.347	0.000	0.628
neutral	0.051	0.000	0.005	0.001	0.261	0.001	0.682
neutral	0.100	0.000	0.004	0.002	0.162	0.000	0.732
neutral	0.157	0.000	0.007	0.002	0.223	0.000	0.610
neutral	0.122	0.000	0.003	0.002	0.162	0.000	0.711
neutral	0.088	0.000	0.004	0.001	0.176	0.000	0.731
neutral	0.051	0.000	0.003	0.001	0.149	0.000	0.794
neutral	0.045	0.000	0.002	0.001	0.139	0.000	0.814
neutral	0.037	0.000	0.003	0.000	0.113	0.000	0.846
neutral	0.064	0.000	0.002	0.001	0.107	0.000	0.826
neutral	0.070	0.000	0.001	0.000	0.126	0.000	0.802
neutral	0.070	0.000	0.003	0.001	0.144	0.000	0.782
neutral	0.029	0.000	0.004	0.001	0.123	0.000	0.842
neutral	0.030	0.000	0.004	0.001	0.132	0.000	0.833
neutral	0.065	0.000	0.003	0.001	0.140	0.000	0.791
neutral	0.086	0.001	0.002	0.001	0.120	0.000	0.791
neutral	0.098	0.001	0.002	0.001	0.159	0.000	0.740
neutral	0.040	0.000	0.004	0.001	0.149	0.000	0.805
neutral	0.042	0.000	0.006	0.001	0.173	0.000	0.778
neutral	0.030	0.000	0.003	0.001	0.097	0.000	0.869
neutral	0.040	0.000	0.006	0.001	0.188	0.000	0.765
neutral	0.037	0.001	0.002	0.001	0.093	0.000	0.866
neutral	0.081	0.000	0.007	0.001	0.308	0.000	0.604
neutral	0.075	0.000	0.004	0.000	0.218	0.000	0.702
neutral	0.034	0.000	0.004	0.001	0.142	0.000	0.819
neutral	0.025	0.000	0.004	0.001	0.108	0.000	0.863
neutral	0.024	0.000	0.004	0.000	0.090	0.000	0.881
neutral	0.038	0.000	0.009	0.001	0.215	0.000	0.737
neutral	0.044	0.000	0.005	0.000	0.191	0.000	0.758
neutral	0.044	0.000	0.005	0.001	0.169	0.000	0.781
neutral	0.045	0.000	0.005	0.001	0.171	0.000	0.778
neutral	0.033	0.000	0.011	0.001	0.325	0.000	0.630
neutral	0.038	0.000	0.012	0.001	0.322	0.000	0.628
neutral	0.032	0.000	0.009	0.001	0.335	0.000	0.622
neutral	0.052	0.000	0.011	0.001	0.230	0.000	0.706
neutral	0.040	0.000	0.005	0.000	0.228	0.000	0.726
neutral	0.040	0.000	0.004	0.000	0.270	0.000	0.686
neutral	0.028	0.000	0.003	0.000	0.090	0.000	0.878
neutral	0.028	0.000	0.006	0.000	0.166	0.000	0.800
neutral	0.023	0.000	0.002	0.000	0.103	0.000	0.871
neutral	0.024	0.000	0.005	0.000	0.073	0.000	0.897
neutral	0.045	0.000	0.004	0.001	0.167	0.000	0.783
neutral	0.026	0.000	0.003	0.000	0.073	0.000	0.897
neutral	0.028	0.000	0.002	0.000	0.078	0.000	0.891
neutral	0.043	0.000	0.002	0.000	0.087	0.001	0.866
neutral	0.034	0.000	0.002	0.000	0.112	0.000	0.851
neutral	0.050	0.000	0.002	0.001	0.076	0.000	0.871
neutral	0.020	0.000	0.002	0.000	0.051	0.000	0.926
neutral	0.029	0.001	0.006	0.001	0.108	0.000	0.856
neutral	0.030	0.000	0.006	0.000	0.129	0.000	0.834
neutral	0.022	0.000	0.003	0.000	0.060	0.000	0.913
neutral	0.023	0.000	0.005	0.000	0.076	0.000	0.896
neutral	0.011	0.000	0.005	0.000	0.063	0.000	0.920
neutral	0.017	0.000	0.007	0.000	0.098	0.000	0.876
neutral	0.015	0.000	0.008	0.000	0.097	0.000	0.879
neutral	0.019	0.000	0.010	0.000	0.114	0.000	0.856
neutral	0.016	0.000	0.004	0.000	0.081	0.001	0.898
neutral	0.019	0.000	0.005	0.000	0.090	0.000	0.885
neutral	0.057	0.001	0.008	0.000	0.223	0.000	0.711
neutral	0.038	0.000	0.006	0.000	0.128	0.001	0.827
neutral	0.036	0.001	0.006	0.000	0.167	0.000	0.791
neutral	0.032	0.000	0.003	0.000	0.128	0.000	0.837
neutral	0.038	0.000	0.003	0.001	0.116	0.000	0.841
neutral	0.022	0.000	0.003	0.001	0.074	0.000	0.899
neutral	0.082	0.000	0.004	0.001	0.149	0.000	0.764
neutral	0.049	0.000	0.002	0.001	0.059	0.000	0.888
neutral	0.139	0.002	0.003	0.001	0.197	0.000	0.659
neutral	0.154	0.001	0.003	0.001	0.178	0.000	0.663
neutral	0.040	0.000	0.005	0.004	0.073	0.000	0.879
neutral	0.033	0.011	0.009	0.057	0.032	0.001	0.858
neutral	0.012	0.006	0.004	0.284	0.012	0.001	0.681
neutral	0.009	0.006	0.002	0.312	0.006	0.001	0.665
neutral	0.017	0.014	0.013	0.297	0.029	0.002	0.628
neutral	0.009	0.000	0.002	0.131	0.006	0.003	0.849
neutral	0.015	0.001	0.002	0.042	0.006	0.000	0.933
neutral	0.019	0.001	0.003	0.030	0.016	0.000	0.931
neutral	0.026	0.000	0.002	0.005	0.032	0.000	0.934
neutral	0.029	0.001	0.003	0.005	0.037	0.001	0.924
neutral	0.021	0.000	0.002	0.002	0.052	0.000	0.923
neutral	0.046	0.000	0.003	0.002	0.079	0.000	0.869
neutral	0.067	0.000	0.004	0.003	0.099	0.000	0.827
neutral	0.014	0.001	0.004	0.009	0.025	0.000	0.946
neutral	0.013	0.001	0.003	0.012	0.014	0.001	0.957
neutral	0.043	0.000	0.002	0.010	0.052	0.000	0.893
neutral	0.035	0.000	0.001	0.053	0.019	0.001	0.891
neutral	0.030	0.000	0.002	0.083	0.024	0.000	0.861
neutral	0.013	0.000	0.001	0.304	0.013	0.002	0.666
neutral	0.018	0.000	0.002	0.279	0.014	0.002	0.685
neutral	0.024	0.001	0.010	0.070	0.115	0.000	0.780
neutral	0.026	0.001	0.013	0.067	0.079	0.001	0.814
neutral	0.027	0.001	0.006	0.083	0.040	0.001	0.842
neutral	0.019	0.000	0.029	0.033	0.236	0.001	0.681
neutral	0.040	0.000	0.006	0.018	0.051	0.002	0.883
neutral	0.081	0.000	0.004	0.026	0.113	0.000	0.774
neutral	0.066	0.000	0.005	0.028	0.109	0.001	0.791
neutral	0.026	0.000	0.002	0.071	0.039	0.001	0.861
neutral	0.024	0.000	0.003	0.116	0.036	0.000	0.821
neutral	0.047	0.001	0.003	0.127	0.043	0.001	0.778
neutral	0.026	0.000	0.004	0.075	0.050	0.001	0.844
neutral	0.091	0.000	0.003	0.043	0.068	0.001	0.794
neutral	0.026	0.001	0.002	0.078	0.029	0.001	0.863
neutral	0.021	0.003	0.002	0.144	0.010	0.003	0.817
neutral	0.024	0.001	0.002	0.142	0.019	0.002	0.811
neutral	0.029	0.001	0.002	0.087	0.029	0.001	0.850
neutral	0.041	0.005	0.002	0.118	0.034	0.002	0.799
neutral	0.013	0.000	0.003	0.101	0.027	0.001	0.855
neutral	0.017	0.000	0.004	0.037	0.034	0.001	0.907
neutral	0.014	0.000	0.004	0.044	0.025	0.001	0.912
neutral	0.023	0.000	0.006	0.085	0.030	0.005	0.852
neutral	0.015	0.002	0.003	0.154	0.019	0.001	0.805
neutral	0.077	0.001	0.003	0.069	0.034	0.002	0.816
neutral	0.041	0.001	0.007	0.025	0.104	0.002	0.821
neutral	0.036	0.001	0.003	0.022	0.050	0.000	0.887
neutral	0.038	0.002	0.004	0.051	0.057	0.001	0.848
neutral	0.011	0.000	0.003	0.028	0.058	0.001	0.900
neutral	0.037	0.000	0.010	0.014	0.166	0.000	0.773
neutral	0.031	0.001	0.012	0.009	0.129	0.002	0.815
neutral	0.036	0.000	0.011	0.011	0.163	0.001	0.777
neutral	0.026	0.001	0.014	0.009	0.144	0.001	0.804
neutral	0.030	0.006	0.004	0.056	0.035	0.002	0.869
neutral	0.021	0.002	0.002	0.062	0.024	0.001	0.887
neutral	0.025	0.002	0.002	0.134	0.016	0.002	0.819
neutral	0.020	0.004	0.001	0.187	0.012	0.002	0.773
neutral	0.017	0.001	0.002	0.253	0.011	0.001	0.715
neutral	0.013	0.000	0.001	0.256	0.011	0.001	0.717
neutral	0.029	0.000	0.003	0.124	0.031	0.001	0.812
neutral	0.037	0.000	0.004	0.047	0.035	0.000	0.877
neutral	0.027	0.000	0.003	0.108	0.033	0.000	0.828
neutral	0.026	0.001	0.003	0.127	0.026	0.001	0.816
neutral	0.018	0.000	0.004	0.276	0.021	0.002	0.678
neutral	0.023	0.003	0.008	0.334	0.028	0.002	0.601
neutral	0.024	0.001	0.005	0.286	0.033	0.001	0.650
neutral	0.053	0.000	0.003	0.059	0.049	0.000	0.836
neutral	0.072	0.001	0.003	0.020	0.106	0.000	0.798
neutral	0.043	0.000	0.005	0.011	0.147	0.000	0.794
neutral	0.049	0.000	0.006	0.011	0.119	0.000	0.814
neutral	0.049	0.000	0.004	0.004	0.200	0.000	0.742
neutral	0.038	0.000	0.004	0.008	0.141	0.000	0.809
neutral	0.048	0.000	0.005	0.007	0.189	0.000	0.750
neutral	0.069	0.000	0.006	0.004	0.201	0.000	0.720
neutral	0.054	0.000	0.005	0.003	0.155	0.000	0.783
neutral	0.064	0.000	0.005	0.001	0.209	0.000	0.721
neutral	0.091	0.001	0.008	0.002	0.202	0.000	0.697
neutral	0.039	0.001	0.007	0.001	0.145	0.000	0.807
neutral	0.041	0.001	0.009	0.001	0.170	0.000	0.778
neutral	0.054	0.006	0.009	0.001	0.154	0.000	0.776
neutral	0.061	0.002	0.010	0.001	0.173	0.000	0.751
neutral	0.013	0.000	0.003	0.233	0.175	0.008	0.567
neutral	0.045	0.001	0.005	0.001	0.095	0.000	0.853
neutral	0.021	0.001	0.007	0.001	0.094	0.000	0.877
neutral	0.017	0.000	0.007	0.001	0.066	0.000	0.909
neutral	0.020	0.001	0.009	0.001	0.103	0.000	0.866
neutral	0.027	0.001	0.010	0.001	0.127	0.001	0.833
neutral	0.017	0.001	0.009	0.001	0.094	0.000	0.878
neutral	0.014	0.003	0.043	0.001	0.346	0.000	0.592
neutral	0.020	0.010	0.031	0.000	0.394	0.000	0.545
neutral	0.024	0.005	0.015	0.001	0.098	0.001	0.857
neutral	0.071	0.010	0.017	0.000	0.296	0.000	0.605
neutral	0.050	0.006	0.016	0.001	0.175	0.001	0.751
neutral	0.067	0.002	0.024	0.001	0.202	0.001	0.702
neutral	0.047	0.002	0.022	0.000	0.182	0.001	0.745
neutral	0.068	0.004	0.015	0.001	0.149	0.001	0.763
neutral	0.059	0.003	0.017	0.001	0.222	0.001	0.696
neutral	0.033	0.001	0.012	0.000	0.112	0.000	0.841
neutral	0.058	0.005	0.024	0.001	0.309	0.001	0.603
neutral	0.052	0.003	0.022	0.001	0.250	0.000	0.670
neutral	0.024	0.004	0.021	0.001	0.177	0.000	0.773
neutral	0.052	0.004	0.016	0.001	0.337	0.000	0.591
neutral	0.017	0.002	0.014	0.001	0.170	0.000	0.796
neutral	0.021	0.004	0.016	0.000	0.207	0.000	0.751
neutral	0.023	0.007	0.023	0.001	0.202	0.000	0.745
neutral	0.058	0.026	0.021	0.001	0.277	0.000	0.617
neutral	0.042	0.027	0.020	0.000	0.292	0.000	0.620
neutral	0.031	0.027	0.020	0.000	0.236	0.000	0.685
neutral	0.044	0.024	0.022	0.000	0.290	0.001	0.619
neutral	0.027	0.024	0.027	0.001	0.182	0.000	0.740
neutral	0.039	0.012	0.029	0.000	0.310	0.000	0.609
neutral	0.041	0.014	0.019	0.000	0.334	0.000	0.592
neutral	0.031	0.005	0.022	0.001	0.155	0.000	0.786
neutral	0.036	0.012	0.023	0.000	0.199	0.000	0.729
neutral	0.032	0.007	0.015	0.000	0.172	0.000	0.773
neutral	0.032	0.007	0.022	0.001	0.171	0.000	0.767
neutral	0.025	0.009	0.021	0.000	0.189	0.000	0.755
neutral	0.028	0.007	0.021	0.000	0.214	0.000	0.729
neutral	0.026	0.002	0.014	0.000	0.184	0.000	0.774
neutral	0.017	0.001	0.018	0.000	0.209	0.000	0.755
neutral	0.016	0.002	0.015	0.000	0.241	0.000	0.726
neutral	0.020	0.001	0.016	0.000	0.215	0.000	0.747
neutral	0.026	0.002	0.011	0.000	0.223	0.000	0.738
neutral	0.026	0.002	0.012	0.001	0.181	0.000	0.778
neutral	0.024	0.002	0.016	0.000	0.293	0.000	0.664
neutral	0.030	0.001	0.015	0.001	0.217	0.000	0.736
neutral	0.031	0.003	0.014	0.001	0.177	0.000	0.775
neutral	0.023	0.003	0.011	0.001	0.175	0.000	0.786
sad	0.017	0.001	0.030	0.000	0.603	0.000	0.349
neutral	0.040	0.003	0.027	0.000	0.342	0.000	0.587
neutral	0.055	0.002	0.027	0.001	0.246	0.000	0.668
neutral	0.048	0.004	0.022	0.000	0.366	0.001	0.558
neutral	0.030	0.004	0.013	0.000	0.168	0.000	0.784
neutral	0.027	0.001	0.015	0.001	0.136	0.000	0.819
neutral	0.044	0.018	0.018	0.000	0.280	0.000	0.640
neutral	0.046	0.026	0.018	0.000	0.217	0.000	0.693
neutral	0.056	0.029	0.038	0.000	0.393	0.000	0.484
sad	0.043	0.008	0.048	0.000	0.613	0.000	0.288
neutral	0.066	0.182	0.033	0.003	0.258	0.000	0.458
neutral	0.167	0.183	0.025	0.003	0.148	0.000	0.473
neutral	0.143	0.110	0.022	0.003	0.214	0.000	0.507
neutral	0.126	0.108	0.013	0.002	0.172	0.000	0.578
neutral	0.111	0.296	0.012	0.002	0.160	0.000	0.418
neutral	0.109	0.095	0.011	0.002	0.152	0.000	0.631
neutral	0.112	0.030	0.014	0.001	0.211	0.000	0.631
sad	0.027	0.005	0.024	0.000	0.660	0.000	0.283
sad	0.013	0.000	0.022	0.001	0.617	0.000	0.347
sad	0.022	0.001	0.027	0.001	0.590	0.000	0.359
sad	0.014	0.001	0.027	0.000	0.587	0.000	0.371
sad	0.017	0.000	0.057	0.002	0.551	0.001	0.372
sad	0.019	0.000	0.040	0.001	0.700	0.000	0.239
sad	0.016	0.000	0.035	0.003	0.787	0.000	0.159
sad	0.026	0.000	0.056	0.013	0.568	0.000	0.336
sad	0.011	0.000	0.067	0.003	0.726	0.001	0.192
sad	0.018	0.000	0.046	0.001	0.824	0.001	0.111
sad	0.028	0.000	0.084	0.001	0.718	0.000	0.168
sad	0.014	0.000	0.136	0.002	0.677	0.000	0.171
sad	0.014	0.000	0.111	0.003	0.702	0.000	0.170
neutral	0.116	0.001	0.026	0.002	0.355	0.001	0.499
neutral	0.073	0.000	0.004	0.001	0.129	0.000	0.792
neutral	0.067	0.000	0.006	0.001	0.244	0.000	0.683
neutral	0.094	0.000	0.004	0.001	0.171	0.000	0.729
neutral	0.130	0.002	0.004	0.001	0.144	0.001	0.718
neutral	0.075	0.000	0.004	0.002	0.139	0.001	0.779
neutral	0.062	0.001	0.003	0.002	0.121	0.001	0.811
neutral	0.054	0.000	0.004	0.003	0.111	0.001	0.827
neutral	0.074	0.000	0.004	0.004	0.130	0.000	0.788
neutral	0.113	0.000	0.005	0.003	0.142	0.000	0.737
neutral	0.049	0.000	0.004	0.003	0.105	0.000	0.838
neutral	0.082	0.000	0.005	0.008	0.121	0.000	0.784
neutral	0.111	0.003	0.006	0.010	0.193	0.001	0.675
neutral	0.160	0.003	0.006	0.011	0.124	0.001	0.694
neutral	0.119	0.002	0.009	0.012	0.214	0.002	0.642
neutral	0.091	0.001	0.009	0.010	0.178	0.001	0.711
neutral	0.082	0.002	0.009	0.009	0.233	0.002	0.663
neutral	0.074	0.001	0.007	0.011	0.151	0.001	0.755
neutral	0.088	0.003	0.007	0.010	0.148	0.001	0.742
neutral	0.105	0.001	0.010	0.010	0.294	0.002	0.578
neutral	0.135	0.002	0.011	0.008	0.267	0.002	0.575
neutral	0.119	0.001	0.009	0.009	0.208	0.003	0.650
neutral	0.082	0.001	0.008	0.010	0.130	0.001	0.767
neutral	0.085	0.001	0.011	0.006	0.182	0.003	0.712
neutral	0.081	0.000	0.012	0.008	0.172	0.003	0.723
neutral	0.075	0.000	0.004	0.007	0.130	0.001	0.782
neutral	0.094	0.001	0.005	0.008	0.232	0.001	0.658
neutral	0.076	0.001	0.007	0.010	0.208	0.002	0.695
neutral	0.054	0.001	0.011	0.003	0.396	0.000	0.536
neutral	0.029	0.000	0.008	0.003	0.171	0.000	0.789
neutral	0.083	0.001	0.004	0.003	0.187	0.000	0.721
neutral	0.093	0.001	0.005	0.002	0.185	0.000	0.715
neutral	0.035	0.000	0.005	0.003	0.128	0.001	0.826
neutral	0.057	0.000	0.007	0.002	0.232	0.000	0.701
neutral	0.028	0.000	0.008	0.001	0.198	0.000	0.765
neutral	0.036	0.000	0.010	0.001	0.177	0.000	0.776
neutral	0.093	0.005	0.008	0.000	0.286	0.000	0.608
neutral	0.035	0.001	0.007	0.000	0.257	0.000	0.701
neutral	0.019	0.001	0.014	0.000	0.156	0.000	0.809
neutral	0.030	0.001	0.013	0.000	0.188	0.000	0.767
neutral	0.026	0.005	0.010	0.000	0.191	0.000	0.768
neutral	0.021	0.001	0.012	0.000	0.217	0.000	0.749
neutral	0.038	0.002	0.016	0.000	0.319	0.000	0.624
neutral	0.020	0.001	0.019	0.000	0.258	0.000	0.702
neutral	0.018	0.001	0.023	0.000	0.155	0.000	0.801
neutral	0.020	0.000	0.005	0.000	0.177	0.000	0.797
neutral	0.019	0.001	0.013	0.000	0.180	0.000	0.787
neutral	0.083	0.000	0.002	0.000	0.204	0.000	0.710
neutral	0.048	0.000	0.003	0.001	0.087	0.001	0.861
neutral	0.097	0.001	0.005	0.003	0.307	0.000	0.587
neutral	0.121	0.001	0.006	0.004	0.264	0.000	0.603
neutral	0.112	0.000	0.002	0.013	0.045	0.001	0.828
neutral	0.174	0.002	0.010	0.014	0.305	0.000	0.495
neutral	0.118	0.001	0.005	0.022	0.143	0.000	0.710
neutral	0.176	0.000	0.002	0.023	0.072	0.001	0.726
neutral	0.087	0.000	0.003	0.008	0.047	0.001	0.855
neutral	0.123	0.000	0.002	0.004	0.052	0.001	0.819
neutral	0.078	0.000	0.003	0.003	0.052	0.001	0.863
neutral	0.024	0.000	0.003	0.003	0.084	0.000	0.886
neutral	0.120	0.000	0.002	0.003	0.059	0.000	0.817
neutral	0.366	0.000	0.003	0.003	0.054	0.001	0.572
angry	0.574	0.000	0.002	0.001	0.054	0.000	0.368
neutral	0.318	0.000	0.003	0.004	0.067	0.001	0.607
neutral	0.353	0.000	0.003	0.002	0.069	0.001	0.572
neutral	0.282	0.000	0.004	0.002	0.082	0.000	0.629
neutral	0.244	0.000	0.005	0.003	0.066	0.001	0.682
neutral	0.118	0.000	0.007	0.005	0.063	0.002	0.805
neutral	0.225	0.000	0.008	0.004	0.137	0.001	0.625
neutral	0.114	0.000	0.004	0.007	0.106	0.000	0.768
neutral	0.097	0.000	0.002	0.012	0.108	0.000	0.780
neutral	0.176	0.000	0.004	0.006	0.124	0.001	0.688
neutral	0.137	0.000	0.003	0.012	0.077	0.001	0.770
neutral	0.080	0.000	0.004	0.011	0.084	0.001	0.820
neutral	0.077	0.000	0.006	0.014	0.113	0.001	0.788
neutral	0.104	0.000	0.004	0.020	0.142	0.001	0.729
neutral	0.077	0.000	0.004	0.015	0.108	0.001	0.795
neutral	0.116	0.000	0.002	0.011	0.040	0.001	0.830
neutral	0.053	0.000	0.002	0.011	0.095	0.000	0.838
neutral	0.069	0.000	0.002	0.008	0.063	0.001	0.857
neutral	0.071	0.000	0.002	0.014	0.119	0.000	0.794
neutral	0.113	0.000	0.003	0.011	0.111	0.001	0.761
neutral	0.093	0.001	0.002	0.009	0.052	0.001	0.842
neutral	0.100	0.000	0.003	0.011	0.063	0.001	0.821
neutral	0.076	0.000	0.004	0.010	0.093	0.001	0.815
neutral	0.087	0.000	0.006	0.010	0.103	0.001	0.793
neutral	0.125	0.000	0.004	0.013	0.063	0.002	0.793
neutral	0.140	0.000	0.007	0.009	0.095	0.001	0.747
neutral	0.107	0.000	0.007	0.007	0.121	0.001	0.757
neutral	0.059	0.000	0.005	0.011	0.094	0.001	0.829
neutral	0.178	0.000	0.003	0.006	0.079	0.001	0.732
neutral	0.090	0.000	0.003	0.009	0.063	0.001	0.834
neutral	0.053	0.000	0.003	0.009	0.056	0.001	0.877
neutral	0.068	0.000	0.003	0.009	0.036	0.002	0.883
neutral	0.081	0.000	0.003	0.007	0.048	0.001	0.860
neutral	0.070	0.000	0.002	0.015	0.080	0.001	0.831
neutral	0.104	0.004	0.011	0.007	0.181	0.000	0.692
neutral	0.043	0.000	0.005	0.008	0.085	0.001	0.859
neutral	0.083	0.000	0.004	0.010	0.102	0.001	0.801
neutral	0.055	0.000	0.005	0.008	0.114	0.001	0.817
neutral	0.054	0.000	0.004	0.006	0.121	0.001	0.813
neutral	0.067	0.000	0.004	0.009	0.106	0.001	0.813
neutral	0.066	0.000	0.003	0.007	0.059	0.003	0.862
neutral	0.115	0.000	0.003	0.007	0.085	0.003	0.787
neutral	0.097	0.000	0.007	0.004	0.205	0.001	0.687
neutral	0.143	0.000	0.004	0.010	0.132	0.001	0.710
neutral	0.156	0.000	0.004	0.011	0.125	0.001	0.703
neutral	0.134	0.000	0.007	0.005	0.147	0.002	0.704
neutral	0.095	0.000	0.005	0.006	0.152	0.001	0.740
neutral	0.176	0.000	0.003	0.010	0.111	0.001	0.698
neutral	0.092	0.000	0.006	0.005	0.204	0.001	0.691
neutral	0.186	0.001	0.004	0.007	0.104	0.001	0.698
neutral	0.098	0.000	0.004	0.006	0.188	0.001	0.703
neutral	0.158	0.000	0.003	0.007	0.070	0.003	0.759
neutral	0.129	0.001	0.004	0.007	0.099	0.001	0.759
neutral	0.127	0.000	0.003	0.007	0.084	0.001	0.778
neutral	0.098	0.000	0.002	0.007	0.076	0.002	0.814
neutral	0.078	0.000	0.003	0.002	0.084	0.000	0.832
neutral	0.102	0.000	0.003	0.002	0.092	0.000	0.801
neutral	0.107	0.000	0.002	0.003	0.079	0.000	0.808
neutral	0.148	0.000	0.003	0.003	0.128	0.001	0.716
neutral	0.110	0.000	0.002	0.002	0.100	0.000	0.786
neutral	0.165	0.000	0.004	0.003	0.164	0.000	0.665
neutral	0.145	0.000	0.002	0.003	0.127	0.000	0.722
neutral	0.116	0.000	0.004	0.003	0.200	0.000	0.676
neutral	0.147	0.000	0.004	0.002	0.206	0.000	0.641
neutral	0.127	0.000	0.004	0.003	0.171	0.000	0.695
neutral	0.137	0.000	0.004	0.003	0.109	0.000	0.748
neutral	0.170	0.000	0.005	0.004	0.123	0.000	0.697
neutral	0.238	0.001	0.004	0.005	0.170	0.000	0.583
neutral	0.128	0.000	0.004	0.005	0.108	0.001	0.753
neutral	0.061	0.000	0.011	0.002	0.393	0.000	0.531
neutral	0.053	0.001	0.010	0.002	0.266	0.000	0.667
neutral	0.106	0.000	0.006	0.006	0.139	0.002	0.741
neutral	0.097	0.000	0.004	0.005	0.132	0.000	0.761
neutral	0.158	0.000	0.004	0.002	0.176	0.001	0.659
neutral	0.081	0.000	0.004	0.001	0.227	0.001	0.686
neutral	0.113	0.000	0.004	0.002	0.226	0.001	0.654
neutral	0.194	0.000	0.004	0.001	0.276	0.001	0.524
neutral	0.176	0.000	0.004	0.000	0.359	0.000	0.459
neutral	0.165	0.000	0.005	0.001	0.300	0.000	0.529
neutral	0.136	0.000	0.004	0.000	0.341	0.000	0.518
neutral	0.137	0.000	0.005	0.000	0.417	0.000	0.439
neutral	0.127	0.001	0.005	0.000	0.387	0.000	0.480
neutral	0.168	0.001	0.005	0.001	0.348	0.001	0.477
neutral	0.071	0.000	0.005	0.001	0.275	0.001	0.647
neutral	0.127	0.001	0.004	0.001	0.224	0.001	0.644
neutral	0.092	0.000	0.004	0.001	0.193	0.000	0.709
neutral	0.095	0.001	0.004	0.001	0.260	0.001	0.638
neutral	0.073	0.000	0.005	0.001	0.423	0.001	0.497
neutral	0.070	0.000	0.005	0.001	0.386	0.001	0.537
neutral	0.059	0.000	0.004	0.001	0.389	0.000	0.546
neutral	0.115	0.001	0.006	0.001	0.434	0.000	0.442
neutral	0.113	0.001	0.004	0.001	0.423	0.000	0.459
neutral	0.153	0.002	0.006	0.001	0.257	0.001	0.580
neutral	0.135	0.001	0.004	0.001	0.329	0.001	0.529
neutral	0.106	0.003	0.004	0.001	0.372	0.001	0.514
neutral	0.096	0.001	0.005	0.002	0.305	0.000	0.591
neutral	0.103	0.000	0.008	0.001	0.345	0.000	0.542
neutral	0.061	0.000	0.004	0.001	0.206	0.000	0.727
neutral	0.055	0.000	0.004	0.002	0.176	0.000	0.764
neutral	0.066	0.000	0.005	0.002	0.180	0.000	0.748
neutral	0.058	0.000	0.005	0.001	0.184	0.000	0.752
neutral	0.081	0.000	0.004	0.001	0.268	0.000	0.645
neutral	0.066	0.000	0.004	0.001	0.197	0.000	0.732
neutral	0.042	0.000	0.008	0.002	0.188	0.000	0.760
sad	0.041	0.000	0.006	0.001	0.513	0.000	0.440
neutral	0.050	0.000	0.006	0.001	0.186	0.000	0.758
neutral	0.075	0.000	0.005	0.001	0.205	0.001	0.712
neutral	0.073	0.001	0.008	0.001	0.225	0.001	0.692
neutral	0.059	0.000	0.006	0.001	0.274	0.001	0.660
neutral	0.074	0.000	0.004	0.001	0.276	0.000	0.643
neutral	0.079	0.000	0.004	0.001	0.239	0.001	0.677
neutral	0.083	0.001	0.005	0.001	0.196	0.001	0.714
neutral	0.066	0.000	0.004	0.001	0.223	0.001	0.706
neutral	0.118	0.001	0.006	0.001	0.278	0.001	0.596
neutral	0.104	0.000	0.004	0.001	0.275	0.001	0.616
neutral	0.071	0.000	0.006	0.001	0.301	0.001	0.619
neutral	0.070	0.000	0.004	0.001	0.289	0.001	0.635
neutral	0.073	0.000	0.005	0.001	0.301	0.000	0.619
neutral	0.096	0.001	0.004	0.001	0.294	0.001	0.604
neutral	0.120	0.001	0.004	0.000	0.408	0.001	0.466
neutral	0.204	0.001	0.004	0.000	0.345	0.001	0.445
neutral	0.170	0.000	0.005	0.001	0.403	0.001	0.420
neutral	0.211	0.001	0.003	0.000	0.351	0.001	0.433
neutral	0.159	0.000	0.003	0.000	0.409	0.001	0.427
neutral	0.192	0.001	0.003	0.001	0.340	0.001	0.461
neutral	0.064	0.001	0.004	0.000	0.435	0.001	0.495
sad	0.106	0.000	0.004	0.001	0.445	0.001	0.444
sad	0.116	0.000	0.004	0.000	0.483	0.001	0.396
neutral	0.192	0.001	0.003	0.000	0.375	0.001	0.428
neutral	0.111	0.002	0.005	0.001	0.360	0.001	0.521
neutral	0.108	0.001	0.003	0.001	0.348	0.000	0.540
neutral	0.097	0.000	0.005	0.001	0.412	0.001	0.484
neutral	0.058	0.000	0.007	0.001	0.412	0.001	0.521
neutral	0.079	0.000	0.005	0.001	0.426	0.001	0.489
sad	0.068	0.000	0.004	0.001	0.508	0.000	0.419
neutral	0.068	0.000	0.005	0.001	0.375	0.000	0.552
neutral	0.058	0.000	0.005	0.001	0.363	0.001	0.572
neutral	0.097	0.001	0.004	0.001	0.368	0.001	0.528
neutral	0.095	0.000	0.005	0.001	0.299	0.000	0.600
neutral	0.102	0.000	0.004	0.001	0.256	0.000	0.636
neutral	0.094	0.000	0.005	0.001	0.289	0.000	0.611
neutral	0.068	0.000	0.004	0.001	0.219	0.000	0.709
neutral	0.082	0.000	0.003	0.000	0.292	0.000	0.623
neutral	0.099	0.000	0.003	0.001	0.315	0.000	0.583
neutral	0.039	0.000	0.005	0.001	0.205	0.000	0.750
neutral	0.023	0.000	0.006	0.001	0.410	0.000	0.560
neutral	0.043	0.000	0.007	0.001	0.374	0.000	0.575
neutral	0.031	0.000	0.005	0.001	0.158	0.000	0.805
neutral	0.065	0.000	0.004	0.000	0.221	0.001	0.709
neutral	0.061	0.000	0.005	0.000	0.202	0.000	0.732
neutral	0.079	0.000	0.004	0.000	0.286	0.000	0.630
neutral	0.081	0.000	0.003	0.001	0.231	0.000	0.684
neutral	0.068	0.000	0.004	0.000	0.261	0.000	0.666
neutral	0.055	0.000	0.006	0.000	0.258	0.000	0.681
neutral	0.084	0.000	0.005	0.000	0.291	0.000	0.619
neutral	0.066	0.000	0.007	0.000	0.289	0.000	0.638
neutral	0.061	0.000	0.005	0.001	0.296	0.000	0.638
neutral	0.088	0.000	0.010	0.001	0.257	0.000	0.644
neutral	0.064	0.000	0.004	0.001	0.276	0.000	0.655
neutral	0.067	0.000	0.004	0.000	0.321	0.000	0.608
neutral	0.099	0.000	0.003	0.000	0.302	0.000	0.596
neutral	0.089	0.000	0.005	0.001	0.232	0.000	0.672
neutral	0.063	0.000	0.005	0.001	0.201	0.000	0.730
neutral	0.064	0.000	0.005	0.001	0.222	0.001	0.708
neutral	0.064	0.000	0.003	0.000	0.260	0.000	0.673
neutral	0.072	0.000	0.003	0.000	0.290	0.000	0.634
neutral	0.075	0.000	0.003	0.000	0.386	0.000	0.536
neutral	0.074	0.000	0.004	0.000	0.244	0.000	0.677
neutral	0.080	0.000	0.003	0.001	0.378	0.000	0.538
neutral	0.072	0.000	0.005	0.001	0.339	0.001	0.582
neutral	0.065	0.000	0.004	0.000	0.292	0.001	0.637
neutral	0.046	0.000	0.006	0.000	0.243	0.001	0.704
neutral	0.042	0.000	0.004	0.000	0.265	0.000	0.688
neutral	0.040	0.000	0.007	0.000	0.212	0.001	0.739
neutral	0.052	0.000	0.008	0.000	0.261	0.001	0.678
neutral	0.053	0.000	0.005	0.001	0.233	0.000	0.708
neutral	0.052	0.000	0.005	0.001	0.215	0.000	0.727
neutral	0.051	0.000	0.005	0.000	0.261	0.000	0.681
neutral	0.039	0.000	0.004	0.000	0.259	0.000	0.697
neutral	0.063	0.000	0.006	0.000	0.318	0.000	0.612
sad	0.040	0.000	0.011	0.001	0.493	0.000	0.456
sad	0.030	0.000	0.007	0.000	0.549	0.000	0.414
sad	0.023	0.000	0.006	0.000	0.514	0.000	0.457
sad	0.075	0.001	0.009	0.000	0.558	0.000	0.358
neutral	0.072	0.000	0.006	0.000	0.458	0.000	0.464
neutral	0.047	0.000	0.005	0.000	0.393	0.000	0.555
neutral	0.052	0.000	0.007	0.000	0.313	0.000	0.627
neutral	0.089	0.000	0.004	0.001	0.186	0.000	0.720
neutral	0.094	0.000	0.003	0.002	0.097	0.000	0.804
neutral	0.149	0.000	0.004	0.003	0.160	0.000	0.684
neutral	0.104	0.000	0.004	0.007	0.120	0.000	0.765
neutral	0.131	0.000	0.007	0.018	0.119	0.000	0.724
neutral	0.148	0.006	0.005	0.024	0.181	0.000	0.636
neutral	0.062	0.000	0.004	0.026	0.055	0.000	0.853
neutral	0.067	0.000	0.006	0.017	0.109	0.000	0.802
neutral	0.091	0.000	0.003	0.008	0.253	0.000	0.644
neutral	0.084	0.000	0.005	0.005	0.183	0.000	0.723
neutral	0.070	0.000	0.006	0.003	0.175	0.000	0.745
neutral	0.069	0.001	0.005	0.007	0.121	0.000	0.798
neutral	0.075	0.000	0.004	0.004	0.105	0.000	0.811
neutral	0.076	0.001	0.004	0.004	0.146	0.000	0.769
neutral	0.083	0.000	0.004	0.003	0.159	0.000	0.752
