prediction	angry	disgust	fear	happy	sad	surprise	neutral
neutral	0.069	0.001	0.008	0.137	0.318	0.008	0.459
neutral	0.102	0.002	0.011	0.221	0.213	0.005	0.446
neutral	0.083	0.002	0.011	0.250	0.190	0.005	0.459
neutral	0.088	0.001	0.012	0.187	0.242	0.004	0.466
sad	0.071	0.001	0.017	0.169	0.374	0.006	0.363
sad	0.107	0.002	0.020	0.118	0.382	0.003	0.368
neutral	0.094	0.003	0.015	0.260	0.280	0.002	0.347
neutral	0.099	0.003	0.015	0.147	0.299	0.002	0.434
neutral	0.134	0.005	0.012	0.066	0.294	0.002	0.487
neutral	0.091	0.003	0.015	0.197	0.216	0.006	0.472
neutral	0.104	0.004	0.013	0.173	0.204	0.005	0.497
neutral	0.087	0.003	0.014	0.152	0.226	0.005	0.512
neutral	0.055	0.003	0.013	0.186	0.191	0.007	0.545
neutral	0.042	0.004	0.014	0.363	0.191	0.010	0.377
happy	0.068	0.004	0.010	0.393	0.177	0.004	0.345
neutral	0.105	0.004	0.010	0.289	0.184	0.004	0.403
happy	0.079	0.004	0.012	0.392	0.184	0.004	0.324
happy	0.055	0.005	0.017	0.376	0.210	0.008	0.328
neutral	0.081	0.007	0.015	0.223	0.241	0.006	0.427
neutral	0.083	0.008	0.013	0.185	0.291	0.005	0.415
neutral	0.055	0.002	0.010	0.057	0.315	0.001	0.559
neutral	0.086	0.001	0.007	0.081	0.277	0.002	0.545
neutral	0.052	0.002	0.005	0.129	0.185	0.001	0.625
neutral	0.065	0.001	0.008	0.214	0.143	0.001	0.568
neutral	0.048	0.000	0.006	0.133	0.091	0.001	0.722
neutral	0.066	0.001	0.011	0.124	0.108	0.001	0.691
neutral	0.020	0.000	0.013	0.225	0.058	0.001	0.683
neutral	0.092	0.001	0.016	0.112	0.078	0.000	0.701
neutral	0.131	0.004	0.023	0.086	0.114	0.000	0.642
neutral	0.067	0.000	0.014	0.113	0.088	0.001	0.717
neutral	0.122	0.002	0.016	0.176	0.069	0.001	0.614
neutral	0.095	0.002	0.047	0.159	0.158	0.004	0.535
neutral	0.099	0.004	0.032	0.185	0.160	0.002	0.518
neutral	0.066	0.002	0.024	0.108	0.171	0.002	0.627
neutral	0.044	0.004	0.022	0.182	0.125	0.001	0.622
neutral	0.015	0.002	0.012	0.199	0.084	0.001	0.687
neutral	0.025	0.007	0.021	0.183	0.125	0.002	0.637
neutral	0.030	0.009	0.025	0.246	0.139	0.002	0.549
neutral	0.029	0.019	0.040	0.241	0.141	0.003	0.528
neutral	0.022	0.007	0.021	0.314	0.099	0.001	0.535
neutral	0.039	0.001	0.020	0.139	0.199	0.001	0.601
neutral	0.033	0.007	0.016	0.359	0.100	0.001	0.484
neutral	0.049	0.007	0.028	0.156	0.190	0.002	0.569
neutral	0.063	0.005	0.020	0.206	0.154	0.001	0.550
neutral	0.120	0.051	0.041	0.135	0.236	0.002	0.415
neutral	0.132	0.084	0.045	0.277	0.146	0.004	0.313
neutral	0.153	0.176	0.037	0.235	0.145	0.004	0.250
neutral	0.183	0.142	0.044	0.210	0.158	0.002	0.262
happy	0.151	0.052	0.039	0.308	0.186	0.003	0.262
neutral	0.152	0.069	0.047	0.184	0.232	0.003	0.314
neutral	0.112	0.021	0.038	0.208	0.212	0.003	0.406
neutral	0.143	0.014	0.050	0.179	0.202	0.004	0.408
neutral	0.146	0.021	0.051	0.199	0.246	0.004	0.333
neutral	0.147	0.020	0.052	0.272	0.228	0.006	0.275
neutral	0.127	0.014	0.047	0.272	0.220	0.005	0.314
neutral	0.135	0.010	0.052	0.230	0.261	0.003	0.310
happy	0.104	0.086	0.072	0.345	0.173	0.004	0.216
neutral	0.085	0.005	0.045	0.235	0.190	0.002	0.439
neutral	0.109	0.008	0.056	0.126	0.271	0.002	0.428
happy	0.145	0.061	0.087	0.325	0.185	0.003	0.194
happy	0.144	0.036	0.056	0.333	0.190	0.003	0.237
neutral	0.101	0.013	0.061	0.156	0.264	0.002	0.403
neutral	0.123	0.006	0.049	0.145	0.276	0.002	0.399
neutral	0.105	0.015	0.046	0.268	0.220	0.002	0.344
neutral	0.061	0.004	0.028	0.129	0.207	0.002	0.569
neutral	0.051	0.003	0.023	0.138	0.149	0.003	0.634
neutral	0.092	0.007	0.020	0.149	0.198	0.002	0.532
neutral	0.077	0.008	0.020	0.157	0.158	0.002	0.577
neutral	0.073	0.009	0.018	0.183	0.124	0.001	0.591
neutral	0.089	0.012	0.021	0.175	0.154	0.003	0.546
neutral	0.096	0.006	0.017	0.124	0.178	0.003	0.575
neutral	0.116	0.009	0.018	0.186	0.169	0.002	0.500
neutral	0.104	0.016	0.025	0.132	0.177	0.001	0.544
neutral	0.055	0.005	0.026	0.062	0.243	0.002	0.607
neutral	0.066	0.011	0.025	0.123	0.215	0.002	0.558
neutral	0.080	0.014	0.031	0.110	0.215	0.004	0.547
neutral	0.078	0.008	0.034	0.092	0.260	0.003	0.524
neutral	0.101	0.015	0.031	0.123	0.229	0.004	0.498
neutral	0.055	0.004	0.017	0.104	0.201	0.003	0.617
neutral	0.077	0.005	0.023	0.099	0.247	0.004	0.546
neutral	0.092	0.011	0.019	0.116	0.217	0.003	0.542
neutral	0.124	0.025	0.040	0.120	0.272	0.002	0.418
neutral	0.072	0.003	0.015	0.082	0.196	0.002	0.630
neutral	0.183	0.044	0.041	0.079	0.277	0.002	0.373
neutral	0.124	0.013	0.025	0.114	0.250	0.004	0.471
neutral	0.114	0.008	0.022	0.110	0.278	0.004	0.464
neutral	0.085	0.005	0.020	0.103	0.239	0.002	0.545
neutral	0.119	0.003	0.020	0.090	0.262	0.002	0.504
neutral	0.143	0.010	0.027	0.091	0.282	0.003	0.444
neutral	0.144	0.047	0.046	0.097	0.296	0.003	0.366
neutral	0.132	0.006	0.019	0.121	0.253	0.004	0.465
neutral	0.067	0.031	0.035	0.099	0.293	0.006	0.470
sad	0.148	0.035	0.053	0.086	0.379	0.005	0.293
neutral	0.147	0.017	0.037	0.130	0.251	0.004	0.414
neutral	0.163	0.016	0.034	0.143	0.254	0.004	0.386
neutral	0.126	0.014	0.035	0.126	0.267	0.007	0.425
neutral	0.131	0.006	0.026	0.140	0.283	0.005	0.408
neutral	0.199	0.020	0.049	0.084	0.265	0.004	0.380
sad	0.188	0.046	0.063	0.091	0.308	0.005	0.300
sad	0.174	0.055	0.064	0.094	0.320	0.004	0.289
neutral	0.181	0.023	0.045	0.104	0.238	0.004	0.406
neutral	0.235	0.036	0.062	0.076	0.289	0.004	0.299
neutral	0.192	0.026	0.056	0.082	0.288	0.004	0.352
sad	0.202	0.047	0.075	0.062	0.368	0.003	0.244
neutral	0.159	0.022	0.053	0.108	0.283	0.004	0.371
neutral	0.191	0.013	0.031	0.153	0.272	0.005	0.336
sad	0.198	0.066	0.068	0.105	0.324	0.005	0.235
neutral	0.121	0.015	0.029	0.107	0.307	0.005	0.416
sad	0.186	0.009	0.052	0.080	0.389	0.003	0.281
neutral	0.125	0.018	0.034	0.104	0.335	0.005	0.378
neutral	0.174	0.019	0.038	0.113	0.314	0.005	0.336
sad	0.069	0.052	0.142	0.040	0.584	0.002	0.111
sad	0.087	0.045	0.099	0.042	0.568	0.004	0.155
sad	0.194	0.047	0.071	0.067	0.365	0.003	0.254
neutral	0.188	0.016	0.045	0.116	0.261	0.005	0.368
sad	0.280	0.047	0.064	0.068	0.291	0.003	0.248
neutral	0.164	0.017	0.041	0.106	0.290	0.004	0.378
neutral	0.187	0.017	0.041	0.102	0.303	0.004	0.345
neutral	0.198	0.011	0.039	0.106	0.238	0.005	0.403
neutral	0.137	0.009	0.045	0.089	0.333	0.006	0.381
neutral	0.163	0.006	0.046	0.100	0.305	0.005	0.374
neutral	0.290	0.010	0.037	0.111	0.238	0.004	0.310
neutral	0.234	0.012	0.039	0.092	0.282	0.005	0.336
angry	0.290	0.014	0.040	0.096	0.286	0.004	0.269
sad	0.171	0.014	0.056	0.064	0.376	0.005	0.314
neutral	0.166	0.007	0.035	0.089	0.302	0.005	0.396
sad	0.194	0.025	0.071	0.062	0.369	0.006	0.273
sad	0.256	0.017	0.052	0.083	0.338	0.005	0.249
sad	0.200	0.032	0.075	0.050	0.406	0.005	0.232
sad	0.227	0.029	0.082	0.051	0.405	0.006	0.200
neutral	0.226	0.003	0.047	0.088	0.265	0.003	0.368
neutral	0.262	0.008	0.052	0.066	0.278	0.005	0.329
neutral	0.244	0.011	0.062	0.066	0.296	0.005	0.317
sad	0.245	0.015	0.056	0.059	0.334	0.006	0.286
sad	0.178	0.003	0.052	0.052	0.416	0.003	0.295
sad	0.209	0.010	0.081	0.036	0.400	0.004	0.260
sad	0.247	0.018	0.063	0.031	0.401	0.005	0.235
sad	0.241	0.013	0.067	0.044	0.353	0.006	0.276
sad	0.166	0.014	0.051	0.092	0.351	0.005	0.320
sad	0.253	0.011	0.068	0.034	0.367	0.005	0.262
sad	0.229	0.018	0.057	0.041	0.387	0.005	0.263
sad	0.242	0.006	0.064	0.039	0.380	0.004	0.266
sad	0.217	0.027	0.069	0.026	0.454	0.003	0.203
neutral	0.287	0.003	0.058	0.061	0.286	0.004	0.301
angry	0.301	0.008	0.040	0.058	0.295	0.004	0.294
sad	0.281	0.012	0.045	0.055	0.338	0.006	0.263
sad	0.250	0.015	0.041	0.056	0.337	0.005	0.296
sad	0.292	0.009	0.047	0.034	0.330	0.003	0.285
sad	0.274	0.016	0.051	0.072	0.311	0.005	0.270
sad	0.241	0.012	0.061	0.049	0.337	0.004	0.296
angry	0.315	0.010	0.049	0.073	0.270	0.003	0.279
neutral	0.245	0.014	0.046	0.071	0.304	0.004	0.316
angry	0.350	0.019	0.057	0.052	0.245	0.003	0.274
sad	0.275	0.015	0.040	0.062	0.318	0.006	0.285
sad	0.267	0.021	0.083	0.041	0.338	0.004	0.247
sad	0.297	0.017	0.044	0.078	0.319	0.004	0.240
sad	0.233	0.017	0.054	0.080	0.359	0.006	0.251
angry	0.325	0.015	0.041	0.071	0.276	0.004	0.269
angry	0.365	0.012	0.032	0.067	0.236	0.003	0.284
sad	0.258	0.030	0.049	0.118	0.275	0.006	0.264
neutral	0.291	0.026	0.038	0.117	0.233	0.004	0.292
angry	0.344	0.021	0.050	0.081	0.249	0.004	0.250
neutral	0.290	0.017	0.043	0.100	0.212	0.005	0.334
sad	0.205	0.009	0.034	0.100	0.346	0.005	0.300
sad	0.284	0.016	0.041	0.113	0.288	0.005	0.253
angry	0.289	0.014	0.038	0.147	0.259	0.004	0.248
sad	0.276	0.018	0.044	0.135	0.282	0.006	0.238
sad	0.280	0.011	0.040	0.107	0.282	0.006	0.274
angry	0.282	0.016	0.031	0.203	0.183	0.006	0.280
angry	0.297	0.012	0.032	0.157	0.229	0.005	0.268
neutral	0.291	0.012	0.046	0.077	0.233	0.005	0.337
neutral	0.230	0.006	0.049	0.092	0.306	0.004	0.312
angry	0.390	0.016	0.049	0.091	0.229	0.003	0.222
angry	0.347	0.016	0.040	0.111	0.183	0.003	0.300
angry	0.300	0.014	0.047	0.126	0.259	0.006	0.247
angry	0.357	0.022	0.048	0.123	0.246	0.003	0.202
angry	0.274	0.035	0.048	0.164	0.254	0.005	0.220
sad	0.205	0.006	0.032	0.124	0.356	0.006	0.271
sad	0.269	0.015	0.035	0.141	0.292	0.005	0.243
angry	0.317	0.021	0.042	0.166	0.217	0.005	0.231
sad	0.169	0.013	0.040	0.086	0.408	0.006	0.278
sad	0.145	0.004	0.029	0.100	0.370	0.005	0.347
sad	0.184	0.012	0.039	0.096	0.419	0.005	0.244
sad	0.266	0.017	0.041	0.108	0.347	0.006	0.214
sad	0.181	0.009	0.054	0.042	0.409	0.004	0.302
sad	0.211	0.007	0.041	0.072	0.404	0.005	0.261
sad	0.228	0.011	0.048	0.062	0.432	0.004	0.215
sad	0.265	0.019	0.048	0.073	0.400	0.004	0.191
neutral	0.136	0.004	0.031	0.057	0.352	0.004	0.417
sad	0.226	0.031	0.053	0.082	0.400	0.004	0.204
sad	0.231	0.016	0.039	0.094	0.381	0.005	0.235
sad	0.142	0.005	0.061	0.045	0.472	0.005	0.272
neutral	0.161	0.005	0.033	0.060	0.359	0.004	0.377
sad	0.198	0.010	0.035	0.077	0.353	0.004	0.323
sad	0.231	0.027	0.053	0.091	0.368	0.003	0.227
angry	0.318	0.016	0.055	0.110	0.310	0.004	0.186
neutral	0.185	0.003	0.030	0.073	0.345	0.004	0.359
sad	0.291	0.040	0.059	0.050	0.370	0.004	0.186
sad	0.304	0.026	0.055	0.039	0.363	0.003	0.209
sad	0.268	0.022	0.065	0.065	0.381	0.005	0.193
sad	0.319	0.017	0.060	0.068	0.346	0.004	0.186
sad	0.229	0.013	0.051	0.059	0.453	0.003	0.192
sad	0.289	0.012	0.048	0.055	0.385	0.002	0.209
angry	0.315	0.007	0.059	0.075	0.287	0.003	0.255
sad	0.324	0.011	0.048	0.052	0.345	0.002	0.217
angry	0.441	0.019	0.056	0.093	0.193	0.002	0.195
angry	0.363	0.019	0.041	0.090	0.242	0.002	0.242
sad	0.248	0.005	0.028	0.077	0.359	0.003	0.281
sad	0.239	0.007	0.035	0.099	0.363	0.004	0.254
sad	0.211	0.004	0.027	0.097	0.335	0.003	0.322
sad	0.257	0.006	0.036	0.107	0.378	0.003	0.214
sad	0.225	0.005	0.031	0.062	0.393	0.003	0.282
sad	0.216	0.016	0.039	0.084	0.361	0.003	0.282
neutral	0.308	0.006	0.043	0.065	0.240	0.004	0.334
angry	0.323	0.017	0.056	0.090	0.262	0.003	0.249
sad	0.305	0.021	0.051	0.079	0.318	0.003	0.223
angry	0.357	0.031	0.051	0.102	0.262	0.003	0.193
angry	0.310	0.019	0.052	0.106	0.293	0.004	0.214
sad	0.213	0.006	0.041	0.049	0.411	0.003	0.277
angry	0.329	0.019	0.056	0.065	0.329	0.003	0.199
sad	0.275	0.017	0.059	0.057	0.412	0.002	0.177
angry	0.335	0.038	0.072	0.058	0.331	0.003	0.162
sad	0.241	0.016	0.049	0.060	0.392	0.003	0.237
angry	0.348	0.021	0.057	0.088	0.272	0.004	0.210
angry	0.457	0.025	0.066	0.059	0.239	0.004	0.149
sad	0.221	0.016	0.056	0.052	0.427	0.003	0.225
sad	0.263	0.044	0.071	0.047	0.412	0.004	0.158
sad	0.170	0.007	0.047	0.053	0.423	0.005	0.295
angry	0.452	0.032	0.064	0.072	0.190	0.004	0.186
sad	0.327	0.050	0.070	0.050	0.362	0.002	0.139
angry	0.324	0.022	0.047	0.094	0.292	0.003	0.218
angry	0.340	0.024	0.049	0.110	0.277	0.004	0.197
angry	0.332	0.016	0.044	0.103	0.289	0.003	0.214
angry	0.364	0.013	0.040	0.096	0.280	0.003	0.205
angry	0.355	0.015	0.045	0.106	0.270	0.005	0.206
angry	0.386	0.013	0.041	0.105	0.257	0.004	0.193
angry	0.323	0.011	0.039	0.129	0.240	0.004	0.255
neutral	0.150	0.007	0.035	0.048	0.376	0.005	0.379
sad	0.293	0.033	0.052	0.062	0.364	0.005	0.191
angry	0.371	0.017	0.047	0.070	0.284	0.003	0.208
sad	0.286	0.016	0.051	0.080	0.345	0.004	0.218
sad	0.263	0.007	0.030	0.076	0.337	0.005	0.282
sad	0.143	0.011	0.035	0.060	0.406	0.005	0.340
sad	0.312	0.032	0.064	0.066	0.357	0.005	0.164
angry	0.354	0.038	0.059	0.104	0.304	0.003	0.138
angry	0.318	0.022	0.051	0.122	0.269	0.007	0.210
angry	0.374	0.028	0.058	0.115	0.278	0.003	0.144
sad	0.249	0.030	0.065	0.037	0.416	0.006	0.198
sad	0.232	0.020	0.057	0.060	0.400	0.007	0.224
angry	0.367	0.024	0.049	0.083	0.246	0.006	0.226
sad	0.255	0.011	0.040	0.090	0.333	0.005	0.267
sad	0.237	0.006	0.041	0.098	0.326	0.007	0.285
angry	0.380	0.037	0.045	0.176	0.198	0.004	0.159
sad	0.278	0.006	0.036	0.160	0.295	0.005	0.219
sad	0.294	0.017	0.052	0.073	0.400	0.004	0.161
sad	0.304	0.015	0.044	0.123	0.311	0.005	0.198
angry	0.345	0.025	0.061	0.142	0.218	0.006	0.203
angry	0.368	0.039	0.058	0.130	0.209	0.004	0.191
angry	0.326	0.007	0.042	0.185	0.242	0.004	0.195
angry	0.372	0.025	0.064	0.156	0.211	0.005	0.165
angry	0.381	0.025	0.054	0.103	0.269	0.006	0.162
sad	0.237	0.010	0.054	0.059	0.372	0.005	0.263
angry	0.417	0.049	0.063	0.134	0.180	0.005	0.152
angry	0.380	0.027	0.055	0.139	0.235	0.007	0.158
angry	0.431	0.020	0.047	0.151	0.195	0.005	0.151
angry	0.428	0.034	0.067	0.096	0.247	0.005	0.122
angry	0.386	0.018	0.059	0.152	0.168	0.004	0.213
angry	0.418	0.029	0.057	0.107	0.227	0.005	0.157
angry	0.417	0.022	0.053	0.122	0.218	0.005	0.162
angry	0.302	0.017	0.048	0.131	0.265	0.005	0.231
angry	0.351	0.023	0.050	0.095	0.280	0.004	0.196
sad	0.245	0.012	0.062	0.044	0.422	0.005	0.211
angry	0.354	0.014	0.057	0.086	0.273	0.005	0.210
angry	0.453	0.028	0.056	0.077	0.188	0.003	0.196
sad	0.246	0.006	0.041	0.107	0.373	0.005	0.222
angry	0.379	0.021	0.056	0.098	0.252	0.005	0.188
angry	0.431	0.021	0.048	0.107	0.195	0.004	0.194
sad	0.173	0.003	0.031	0.043	0.415	0.003	0.332
angry	0.367	0.059	0.069	0.110	0.231	0.006	0.159
sad	0.188	0.007	0.041	0.051	0.497	0.003	0.213
sad	0.277	0.042	0.065	0.070	0.356	0.003	0.187
sad	0.255	0.013	0.055	0.028	0.456	0.002	0.191
angry	0.362	0.017	0.039	0.064	0.276	0.003	0.239
angry	0.347	0.029	0.039	0.049	0.266	0.002	0.268
neutral	0.173	0.007	0.017	0.060	0.319	0.001	0.423
neutral	0.103	0.004	0.015	0.040	0.271	0.002	0.565
neutral	0.122	0.007	0.017	0.044	0.263	0.001	0.546
neutral	0.161	0.011	0.036	0.057	0.311	0.002	0.423
neutral	0.144	0.004	0.034	0.044	0.299	0.001	0.474
sad	0.195	0.008	0.055	0.046	0.358	0.001	0.338
sad	0.201	0.005	0.048	0.036	0.379	0.002	0.329
sad	0.235	0.007	0.049	0.026	0.438	0.001	0.244
neutral	0.169	0.002	0.032	0.056	0.348	0.002	0.392
sad	0.221	0.012	0.054	0.026	0.400	0.001	0.285
sad	0.241	0.008	0.048	0.020	0.435	0.001	0.246
angry	0.335	0.007	0.036	0.024	0.329	0.001	0.269
neutral	0.231	0.002	0.016	0.031	0.207	0.002	0.511
neutral	0.239	0.011	0.031	0.032	0.279	0.001	0.406
neutral	0.194	0.008	0.040	0.037	0.314	0.003	0.404
neutral	0.242	0.007	0.032	0.068	0.218	0.003	0.428
neutral	0.228	0.007	0.023	0.083	0.189	0.003	0.468
neutral	0.143	0.004	0.016	0.082	0.118	0.002	0.634
neutral	0.063	0.001	0.016	0.161	0.123	0.021	0.615
neutral	0.058	0.006	0.020	0.121	0.158	0.019	0.618
neutral	0.025	0.006	0.010	0.033	0.111	0.012	0.803
neutral	0.017	0.001	0.011	0.034	0.087	0.008	0.842
neutral	0.018	0.001	0.011	0.037	0.092	0.010	0.830
neutral	0.015	0.000	0.014	0.038	0.092	0.012	0.830
neutral	0.015	0.000	0.022	0.059	0.124	0.024	0.755
neutral	0.017	0.000	0.006	0.118	0.055	0.001	0.803
neutral	0.024	0.000	0.014	0.082	0.095	0.002	0.782
neutral	0.016	0.005	0.031	0.147	0.145	0.098	0.558
neutral	0.008	0.004	0.027	0.215	0.174	0.045	0.527
neutral	0.005	0.001	0.009	0.276	0.061	0.018	0.630
neutral	0.006	0.002	0.010	0.303	0.092	0.017	0.570
neutral	0.018	0.021	0.016	0.094	0.178	0.007	0.666
neutral	0.041	0.017	0.025	0.035	0.279	0.005	0.598
neutral	0.105	0.042	0.033	0.018	0.195	0.017	0.589
neutral	0.030	0.029	0.019	0.036	0.158	0.002	0.727
neutral	0.036	0.032	0.040	0.020	0.316	0.004	0.550
neutral	0.063	0.055	0.036	0.007	0.392	0.003	0.445
neutral	0.046	0.012	0.025	0.023	0.233	0.005	0.657
neutral	0.065	0.123	0.036	0.017	0.288	0.004	0.466
disgust	0.077	0.472	0.031	0.039	0.145	0.022	0.215
neutral	0.045	0.103	0.067	0.064	0.293	0.057	0.371
neutral	0.008	0.006	0.009	0.144	0.055	0.002	0.776
neutral	0.028	0.054	0.012	0.164	0.085	0.002	0.656
neutral	0.015	0.028	0.021	0.107	0.116	0.004	0.708
neutral	0.023	0.108	0.020	0.176	0.132	0.007	0.533
neutral	0.021	0.098	0.037	0.231	0.203	0.023	0.387
happy	0.005	0.010	0.003	0.717	0.014	0.011	0.239
happy	0.005	0.027	0.006	0.647	0.030	0.012	0.272
happy	0.010	0.018	0.008	0.504	0.040	0.017	0.403
happy	0.009	0.024	0.010	0.524	0.052	0.019	0.362
neutral	0.039	0.093	0.021	0.092	0.182	0.029	0.544
neutral	0.039	0.017	0.037	0.094	0.192	0.071	0.550
neutral	0.033	0.109	0.050	0.075	0.298	0.036	0.399
neutral	0.029	0.060	0.046	0.068	0.305	0.038	0.455
neutral	0.044	0.066	0.042	0.052	0.340	0.057	0.399
neutral	0.018	0.015	0.044	0.099	0.209	0.033	0.583
neutral	0.014	0.034	0.033	0.152	0.147	0.009	0.612
neutral	0.014	0.071	0.028	0.165	0.166	0.014	0.542
neutral	0.013	0.025	0.023	0.148	0.142	0.012	0.638
neutral	0.022	0.046	0.037	0.073	0.279	0.016	0.528
neutral	0.029	0.050	0.027	0.053	0.207	0.012	0.622
neutral	0.034	0.035	0.033	0.137	0.196	0.010	0.554
neutral	0.031	0.037	0.085	0.019	0.358	0.007	0.463
neutral	0.060	0.073	0.070	0.021	0.333	0.009	0.435
neutral	0.068	0.076	0.066	0.031	0.311	0.011	0.437
neutral	0.065	0.045	0.056	0.028	0.236	0.017	0.552
neutral	0.071	0.063	0.070	0.025	0.271	0.013	0.488
sad	0.087	0.124	0.105	0.006	0.450	0.017	0.211
neutral	0.075	0.138	0.083	0.020	0.316	0.011	0.358
neutral	0.029	0.038	0.025	0.043	0.223	0.004	0.637
neutral	0.033	0.037	0.025	0.023	0.191	0.004	0.687
neutral	0.031	0.025	0.039	0.022	0.259	0.029	0.595
neutral	0.024	0.032	0.035	0.033	0.213	0.023	0.641
neutral	0.029	0.028	0.036	0.184	0.210	0.045	0.469
neutral	0.047	0.043	0.044	0.160	0.222	0.082	0.402
neutral	0.115	0.033	0.085	0.087	0.242	0.084	0.355
sad	0.182	0.037	0.183	0.018	0.335	0.068	0.178
sad	0.107	0.016	0.337	0.012	0.398	0.055	0.075
fear	0.084	0.010	0.342	0.030	0.279	0.187	0.067
surprise	0.110	0.006	0.278	0.044	0.153	0.368	0.041
surprise	0.033	0.001	0.169	0.135	0.062	0.579	0.021
surprise	0.049	0.001	0.195	0.202	0.152	0.285	0.116
happy	0.048	0.002	0.191	0.252	0.197	0.186	0.123
surprise	0.033	0.002	0.256	0.067	0.211	0.388	0.043
surprise	0.044	0.004	0.246	0.078	0.204	0.375	0.049
sad	0.065	0.009	0.265	0.040	0.372	0.133	0.115
neutral	0.043	0.000	0.208	0.133	0.125	0.206	0.285
sad	0.140	0.009	0.238	0.019	0.317	0.094	0.182
sad	0.181	0.027	0.265	0.005	0.357	0.048	0.116
sad	0.190	0.039	0.277	0.002	0.370	0.025	0.096
sad	0.253	0.092	0.180	0.002	0.388	0.019	0.066
sad	0.203	0.016	0.154	0.007	0.429	0.032	0.158
sad	0.116	0.025	0.123	0.008	0.468	0.027	0.232
sad	0.128	0.019	0.105	0.021	0.357	0.047	0.323
sad	0.196	0.021	0.210	0.016	0.289	0.119	0.150
fear	0.273	0.053	0.390	0.002	0.128	0.123	0.033
surprise	0.113	0.028	0.236	0.057	0.211	0.291	0.065
surprise	0.103	0.010	0.185	0.067	0.212	0.384	0.039
surprise	0.106	0.026	0.088	0.169	0.172	0.376	0.064
happy	0.013	0.003	0.017	0.769	0.009	0.159	0.029
happy	0.008	0.001	0.011	0.830	0.004	0.135	0.011
happy	0.062	0.025	0.089	0.389	0.162	0.056	0.217
sad	0.109	0.048	0.180	0.090	0.278	0.094	0.201
sad	0.110	0.203	0.099	0.051	0.341	0.072	0.124
sad	0.065	0.041	0.127	0.067	0.403	0.130	0.167
neutral	0.049	0.008	0.051	0.203	0.265	0.064	0.360
neutral	0.053	0.010	0.043	0.243	0.273	0.011	0.367
neutral	0.050	0.007	0.042	0.195	0.292	0.009	0.406
neutral	0.042	0.001	0.025	0.247	0.227	0.005	0.452
neutral	0.039	0.002	0.015	0.219	0.197	0.006	0.522
neutral	0.034	0.002	0.029	0.224	0.177	0.011	0.523
neutral	0.030	0.001	0.021	0.154	0.229	0.008	0.557
neutral	0.041	0.001	0.034	0.150	0.228	0.003	0.542
neutral	0.046	0.001	0.025	0.119	0.266	0.004	0.540
sad	0.031	0.001	0.043	0.062	0.435	0.009	0.420
neutral	0.031	0.000	0.023	0.065	0.335	0.009	0.537
sad	0.048	0.000	0.058	0.070	0.413	0.003	0.408
neutral	0.032	0.000	0.034	0.096	0.362	0.005	0.471
sad	0.050	0.000	0.047	0.060	0.434	0.004	0.404
neutral	0.049	0.000	0.044	0.082	0.375	0.007	0.443
neutral	0.030	0.000	0.025	0.079	0.342	0.003	0.522
sad	0.055	0.000	0.050	0.060	0.425	0.003	0.406
neutral	0.051	0.000	0.037	0.070	0.292	0.003	0.546
neutral	0.048	0.000	0.040	0.093	0.335	0.005	0.480
neutral	0.046	0.000	0.058	0.056	0.388	0.004	0.448
neutral	0.035	0.000	0.014	0.073	0.335	0.005	0.538
neutral	0.046	0.000	0.018	0.070	0.372	0.004	0.490
neutral	0.045	0.000	0.014	0.060	0.419	0.003	0.459
sad	0.035	0.000	0.038	0.117	0.414	0.008	0.387
sad	0.036	0.000	0.036	0.088	0.422	0.008	0.410
sad	0.031	0.000	0.045	0.084	0.460	0.011	0.367
sad	0.033	0.001	0.041	0.064	0.524	0.010	0.326
sad	0.032	0.001	0.054	0.023	0.681	0.004	0.206
sad	0.033	0.002	0.074	0.036	0.634	0.005	0.216
sad	0.041	0.001	0.025	0.075	0.465	0.004	0.389
sad	0.022	0.001	0.038	0.016	0.740	0.003	0.180
sad	0.028	0.001	0.030	0.020	0.646	0.003	0.272
sad	0.019	0.001	0.032	0.058	0.546	0.003	0.340
sad	0.019	0.001	0.038	0.027	0.628	0.003	0.284
sad	0.041	0.003	0.052	0.017	0.735	0.004	0.148
sad	0.020	0.007	0.039	0.033	0.732	0.002	0.167
sad	0.030	0.009	0.053	0.037	0.684	0.002	0.184
sad	0.020	0.002	0.041	0.034	0.623	0.002	0.277
sad	0.024	0.006	0.047	0.041	0.660	0.002	0.220
sad	0.021	0.003	0.055	0.027	0.611	0.002	0.281
sad	0.024	0.002	0.033	0.029	0.631	0.002	0.278
sad	0.020	0.001	0.049	0.027	0.643	0.003	0.256
sad	0.024	0.008	0.078	0.032	0.694	0.003	0.161
sad	0.023	0.004	0.085	0.024	0.632	0.002	0.230
sad	0.021	0.005	0.067	0.024	0.716	0.003	0.164
sad	0.025	0.006	0.052	0.025	0.709	0.002	0.181
sad	0.023	0.002	0.054	0.023	0.703	0.003	0.193
sad	0.022	0.002	0.062	0.037	0.536	0.006	0.336
sad	0.027	0.002	0.054	0.040	0.502	0.003	0.373
sad	0.019	0.001	0.050	0.046	0.506	0.003	0.374
sad	0.026	0.004	0.064	0.072	0.494	0.005	0.336
neutral	0.020	0.001	0.031	0.044	0.378	0.006	0.520
neutral	0.013	0.001	0.018	0.049	0.214	0.005	0.700
neutral	0.018	0.001	0.033	0.033	0.305	0.004	0.607
sad	0.017	0.001	0.061	0.028	0.555	0.005	0.333
neutral	0.022	0.001	0.039	0.032	0.387	0.005	0.513
neutral	0.014	0.001	0.050	0.062	0.373	0.010	0.489
neutral	0.019	0.003	0.050	0.048	0.394	0.008	0.477
neutral	0.027	0.002	0.050	0.101	0.377	0.008	0.435
neutral	0.031	0.003	0.030	0.086	0.318	0.006	0.526
sad	0.020	0.005	0.062	0.006	0.799	0.001	0.108
sad	0.017	0.004	0.067	0.023	0.596	0.004	0.288
sad	0.023	0.004	0.061	0.025	0.628	0.004	0.255
neutral	0.024	0.013	0.036	0.085	0.341	0.009	0.493
neutral	0.027	0.001	0.036	0.080	0.344	0.006	0.506
neutral	0.031	0.007	0.033	0.057	0.343	0.006	0.524
neutral	0.045	0.002	0.015	0.077	0.169	0.003	0.689
neutral	0.063	0.015	0.021	0.084	0.275	0.008	0.534
neutral	0.055	0.001	0.015	0.129	0.169	0.009	0.622
neutral	0.091	0.017	0.015	0.153	0.155	0.009	0.561
neutral	0.023	0.002	0.013	0.113	0.089	0.012	0.748
neutral	0.044	0.004	0.015	0.178	0.119	0.009	0.631
neutral	0.035	0.005	0.014	0.149	0.112	0.009	0.676
neutral	0.061	0.003	0.011	0.184	0.071	0.013	0.659
neutral	0.089	0.010	0.013	0.203	0.145	0.009	0.531
neutral	0.109	0.023	0.016	0.187	0.161	0.006	0.498
neutral	0.092	0.015	0.020	0.092	0.216	0.006	0.559
neutral	0.126	0.026	0.016	0.087	0.228	0.007	0.509
neutral	0.127	0.026	0.017	0.108	0.163	0.006	0.553
neutral	0.116	0.010	0.016	0.064	0.237	0.008	0.548
neutral	0.116	0.011	0.026	0.089	0.250	0.010	0.497
neutral	0.118	0.020	0.020	0.119	0.202	0.008	0.514
neutral	0.043	0.004	0.015	0.064	0.173	0.010	0.690
neutral	0.051	0.006	0.023	0.083	0.257	0.006	0.574
neutral	0.053	0.008	0.033	0.045	0.345	0.004	0.512
neutral	0.075	0.009	0.045	0.078	0.363	0.005	0.425
sad	0.053	0.010	0.036	0.030	0.448	0.005	0.419
neutral	0.043	0.005	0.026	0.042	0.273	0.004	0.606
sad	0.060	0.014	0.046	0.024	0.472	0.004	0.380
neutral	0.053	0.006	0.028	0.052	0.287	0.005	0.569
neutral	0.063	0.016	0.037	0.034	0.397	0.005	0.448
neutral	0.039	0.002	0.025	0.018	0.389	0.004	0.524
neutral	0.042	0.001	0.034	0.014	0.423	0.005	0.481
neutral	0.037	0.001	0.025	0.022	0.336	0.004	0.575
neutral	0.042	0.001	0.028	0.017	0.424	0.005	0.483
neutral	0.036	0.001	0.023	0.019	0.346	0.004	0.571
neutral	0.037	0.002	0.026	0.032	0.322	0.007	0.574
neutral	0.044	0.001	0.019	0.025	0.263	0.003	0.645
neutral	0.034	0.002	0.024	0.036	0.325	0.005	0.574
neutral	0.039	0.003	0.028	0.025	0.374	0.005	0.528
sad	0.037	0.020	0.055	0.027	0.577	0.007	0.279
sad	0.036	0.013	0.071	0.042	0.505	0.005	0.328
sad	0.027	0.004	0.064	0.008	0.724	0.004	0.169
sad	0.026	0.008	0.061	0.008	0.736	0.003	0.157
sad	0.035	0.007	0.092	0.014	0.643	0.004	0.206
sad	0.040	0.007	0.044	0.021	0.585	0.005	0.299
sad	0.040	0.007	0.046	0.015	0.612	0.006	0.274
neutral	0.034	0.002	0.030	0.023	0.383	0.006	0.523
neutral	0.044	0.002	0.032	0.025	0.372	0.005	0.519
neutral	0.039	0.003	0.028	0.025	0.368	0.006	0.533
neutral	0.057	0.003	0.026	0.020	0.397	0.003	0.493
neutral	0.035	0.004	0.026	0.033	0.358	0.005	0.539
neutral	0.049	0.001	0.026	0.018	0.374	0.003	0.529
neutral	0.035	0.002	0.033	0.026	0.384	0.005	0.515
neutral	0.041	0.002	0.024	0.019	0.314	0.005	0.596
neutral	0.037	0.002	0.022	0.020	0.362	0.004	0.554
neutral	0.037	0.001	0.023	0.018	0.349	0.004	0.568
neutral	0.029	0.001	0.017	0.029	0.274	0.003	0.647
neutral	0.031	0.002	0.025	0.034	0.315	0.005	0.589
neutral	0.032	0.005	0.036	0.041	0.349	0.005	0.532
neutral	0.037	0.006	0.025	0.038	0.306	0.004	0.584
neutral	0.047	0.031	0.043	0.024	0.406	0.005	0.444
neutral	0.034	0.003	0.026	0.036	0.303	0.004	0.594
neutral	0.032	0.003	0.030	0.036	0.339	0.004	0.555
neutral	0.032	0.002	0.032	0.025	0.371	0.004	0.534
neutral	0.024	0.002	0.025	0.028	0.341	0.004	0.576
neutral	0.040	0.006	0.028	0.034	0.321	0.005	0.567
neutral	0.033	0.005	0.032	0.032	0.421	0.005	0.472
sad	0.041	0.011	0.046	0.028	0.519	0.004	0.351
neutral	0.051	0.007	0.040	0.048	0.371	0.005	0.479
sad	0.028	0.012	0.056	0.002	0.848	0.000	0.054
sad	0.027	0.022	0.081	0.011	0.680	0.003	0.175
sad	0.044	0.018	0.057	0.023	0.507	0.003	0.348
neutral	0.041	0.009	0.043	0.048	0.371	0.006	0.483
sad	0.038	0.005	0.050	0.017	0.491	0.007	0.393
sad	0.043	0.077	0.056	0.026	0.559	0.004	0.234
sad	0.059	0.024	0.069	0.035	0.472	0.007	0.334
neutral	0.056	0.021	0.043	0.064	0.332	0.008	0.477
sad	0.037	0.065	0.057	0.021	0.549	0.004	0.268
sad	0.035	0.007	0.047	0.033	0.444	0.008	0.426
neutral	0.039	0.008	0.033	0.078	0.318	0.008	0.516
sad	0.053	0.024	0.070	0.047	0.438	0.006	0.362
sad	0.045	0.022	0.061	0.051	0.408	0.006	0.407
sad	0.060	0.022	0.053	0.026	0.487	0.004	0.348
sad	0.057	0.009	0.035	0.015	0.474	0.004	0.406
sad	0.047	0.005	0.037	0.022	0.451	0.005	0.433
sad	0.058	0.014	0.048	0.021	0.530	0.005	0.324
neutral	0.056	0.007	0.040	0.041	0.422	0.007	0.427
sad	0.062	0.046	0.051	0.012	0.560	0.003	0.266
sad	0.057	0.010	0.043	0.029	0.439	0.004	0.418
neutral	0.038	0.005	0.030	0.044	0.356	0.005	0.521
sad	0.054	0.009	0.041	0.026	0.450	0.004	0.416
sad	0.063	0.020	0.048	0.036	0.434	0.004	0.397
sad	0.047	0.010	0.052	0.033	0.440	0.004	0.414
sad	0.061	0.017	0.059	0.048	0.410	0.006	0.399
neutral	0.065	0.009	0.046	0.039	0.391	0.004	0.447
neutral	0.057	0.008	0.048	0.034	0.354	0.005	0.494
neutral	0.060	0.008	0.034	0.071	0.295	0.006	0.527
sad	0.054	0.007	0.055	0.023	0.465	0.006	0.391
sad	0.054	0.005	0.058	0.023	0.450	0.010	0.401
sad	0.044	0.010	0.051	0.023	0.528	0.005	0.339
neutral	0.037	0.005	0.049	0.024	0.436	0.008	0.441
neutral	0.048	0.006	0.048	0.032	0.401	0.007	0.459
neutral	0.054	0.009	0.048	0.042	0.397	0.007	0.444
neutral	0.044	0.010	0.046	0.036	0.422	0.007	0.435
neutral	0.047	0.008	0.043	0.028	0.427	0.005	0.443
neutral	0.051	0.006	0.035	0.080	0.276	0.005	0.548
sad	0.051	0.012	0.057	0.033	0.477	0.007	0.363
neutral	0.049	0.002	0.036	0.036	0.323	0.015	0.538
sad	0.046	0.012	0.045	0.038	0.446	0.008	0.405
sad	0.027	0.016	0.067	0.004	0.833	0.001	0.053
sad	0.045	0.009	0.055	0.038	0.482	0.009	0.362
sad	0.050	0.015	0.058	0.020	0.596	0.003	0.258
sad	0.040	0.020	0.063	0.021	0.661	0.002	0.193
sad	0.052	0.014	0.057	0.029	0.585	0.003	0.262
sad	0.061	0.040	0.062	0.038	0.593	0.004	0.202
sad	0.077	0.030	0.064	0.036	0.551	0.007	0.236
sad	0.064	0.011	0.052	0.034	0.538	0.004	0.297
neutral	0.040	0.011	0.045	0.076	0.325	0.004	0.499
sad	0.039	0.008	0.038	0.032	0.528	0.004	0.352
sad	0.050	0.022	0.057	0.032	0.468	0.004	0.367
sad	0.047	0.012	0.063	0.039	0.451	0.005	0.382
sad	0.051	0.011	0.044	0.047	0.461	0.004	0.382
sad	0.064	0.029	0.046	0.060	0.504	0.004	0.294
sad	0.052	0.027	0.053	0.031	0.592	0.004	0.241
sad	0.056	0.034	0.064	0.028	0.589	0.005	0.225
sad	0.070	0.035	0.057	0.056	0.458	0.011	0.314
sad	0.057	0.032	0.052	0.054	0.494	0.008	0.302
sad	0.043	0.010	0.044	0.033	0.470	0.010	0.391
sad	0.045	0.013	0.052	0.032	0.552	0.006	0.301
sad	0.070	0.008	0.049	0.047	0.447	0.011	0.368
sad	0.061	0.025	0.053	0.048	0.510	0.009	0.294
sad	0.047	0.010	0.045	0.055	0.427	0.008	0.408
neutral	0.045	0.008	0.041	0.043	0.407	0.007	0.451
neutral	0.053	0.009	0.049	0.045	0.385	0.004	0.455
neutral	0.052	0.004	0.037	0.033	0.344	0.009	0.521
sad	0.053	0.027	0.048	0.025	0.464	0.004	0.379
neutral	0.056	0.009	0.059	0.040	0.407	0.004	0.425
sad	0.047	0.080	0.060	0.014	0.515	0.003	0.281
neutral	0.066	0.009	0.036	0.028	0.375	0.006	0.480
sad	0.062	0.015	0.037	0.038	0.427	0.004	0.417
neutral	0.068	0.022	0.035	0.040	0.408	0.004	0.423
sad	0.054	0.005	0.048	0.022	0.439	0.007	0.424
sad	0.068	0.008	0.065	0.022	0.539	0.005	0.293
sad	0.024	0.010	0.067	0.003	0.851	0.001	0.044
sad	0.023	0.009	0.060	0.002	0.847	0.000	0.059
sad	0.032	0.009	0.073	0.014	0.619	0.002	0.251
sad	0.048	0.008	0.064	0.031	0.507	0.002	0.340
neutral	0.051	0.014	0.058	0.053	0.403	0.003	0.417
sad	0.056	0.029	0.066	0.028	0.505	0.003	0.312
sad	0.058	0.028	0.066	0.025	0.473	0.003	0.348
sad	0.054	0.066	0.077	0.012	0.509	0.003	0.280
sad	0.050	0.016	0.072	0.028	0.480	0.003	0.351
neutral	0.059	0.008	0.051	0.050	0.400	0.003	0.429
sad	0.058	0.014	0.074	0.025	0.534	0.003	0.291
sad	0.059	0.011	0.077	0.030	0.498	0.004	0.320
sad	0.062	0.019	0.079	0.034	0.521	0.003	0.282
sad	0.058	0.017	0.072	0.030	0.484	0.003	0.335
sad	0.070	0.010	0.074	0.025	0.515	0.002	0.302
sad	0.067	0.014	0.070	0.023	0.550	0.002	0.274
sad	0.048	0.011	0.047	0.027	0.525	0.004	0.339
sad	0.045	0.022	0.065	0.016	0.521	0.002	0.329
sad	0.056	0.014	0.067	0.035	0.495	0.004	0.329
neutral	0.041	0.011	0.047	0.045	0.382	0.004	0.469
sad	0.069	0.015	0.053	0.042	0.449	0.003	0.370
sad	0.047	0.009	0.064	0.033	0.429	0.004	0.416
sad	0.053	0.021	0.057	0.035	0.468	0.004	0.362
neutral	0.054	0.008	0.051	0.046	0.387	0.004	0.450
sad	0.070	0.015	0.079	0.048	0.471	0.003	0.315
neutral	0.044	0.011	0.032	0.051	0.332	0.003	0.527
sad	0.077	0.007	0.056	0.045	0.448	0.003	0.364
neutral	0.059	0.032	0.038	0.038	0.378	0.004	0.450
sad	0.050	0.008	0.054	0.038	0.517	0.003	0.330
sad	0.055	0.014	0.062	0.037	0.466	0.003	0.362
sad	0.058	0.009	0.051	0.050	0.479	0.003	0.350
sad	0.077	0.059	0.063	0.049	0.423	0.003	0.325
sad	0.051	0.024	0.062	0.021	0.532	0.002	0.308
neutral	0.028	0.005	0.029	0.050	0.357	0.004	0.527
neutral	0.041	0.013	0.036	0.063	0.329	0.003	0.516
sad	0.041	0.024	0.056	0.031	0.427	0.004	0.416
sad	0.040	0.014	0.054	0.029	0.468	0.004	0.391
sad	0.065	0.018	0.057	0.030	0.503	0.003	0.324
sad	0.050	0.012	0.056	0.022	0.505	0.002	0.352
sad	0.060	0.017	0.061	0.035	0.578	0.005	0.243
sad	0.059	0.017	0.066	0.026	0.561	0.002	0.268
sad	0.043	0.014	0.053	0.036	0.470	0.003	0.381
sad	0.065	0.028	0.069	0.028	0.612	0.004	0.195
sad	0.053	0.015	0.051	0.067	0.476	0.007	0.331
sad	0.064	0.019	0.055	0.032	0.526	0.004	0.301
sad	0.066	0.024	0.068	0.041	0.533	0.003	0.265
sad	0.048	0.020	0.057	0.024	0.614	0.006	0.231
sad	0.078	0.031	0.088	0.034	0.588	0.003	0.178
sad	0.081	0.021	0.076	0.034	0.574	0.004	0.209
neutral	0.044	0.033	0.056	0.064	0.398	0.006	0.399
sad	0.067	0.015	0.073	0.032	0.572	0.002	0.239
sad	0.054	0.007	0.048	0.052	0.441	0.003	0.396
sad	0.053	0.009	0.052	0.047	0.481	0.002	0.356
sad	0.067	0.020	0.078	0.029	0.578	0.002	0.226
sad	0.076	0.020	0.066	0.028	0.556	0.002	0.251
sad	0.068	0.016	0.067	0.034	0.546	0.003	0.266
sad	0.060	0.026	0.066	0.028	0.506	0.004	0.310
sad	0.060	0.030	0.064	0.052	0.508	0.005	0.281
sad	0.080	0.026	0.065	0.048	0.533	0.002	0.245
sad	0.078	0.029	0.067	0.019	0.590	0.002	0.216
sad	0.074	0.026	0.071	0.022	0.596	0.002	0.208
sad	0.074	0.023	0.064	0.033	0.555	0.002	0.248
sad	0.047	0.015	0.050	0.038	0.490	0.003	0.358
sad	0.030	0.018	0.058	0.045	0.424	0.004	0.420
sad	0.041	0.029	0.061	0.032	0.475	0.004	0.359
sad	0.047	0.024	0.068	0.030	0.600	0.003	0.229
sad	0.101	0.026	0.051	0.022	0.589	0.003	0.207
sad	0.073	0.023	0.059	0.032	0.551	0.004	0.258
sad	0.068	0.019	0.054	0.039	0.525	0.003	0.292
sad	0.084	0.023	0.065	0.033	0.604	0.004	0.187
sad	0.055	0.034	0.067	0.025	0.509	0.002	0.308
sad	0.052	0.029	0.070	0.025	0.641	0.004	0.178
sad	0.061	0.037	0.078	0.028	0.629	0.002	0.165
sad	0.061	0.027	0.078	0.041	0.569	0.003	0.221
sad	0.063	0.015	0.064	0.019	0.593	0.003	0.243
sad	0.044	0.012	0.093	0.014	0.675	0.005	0.157
sad	0.094	0.013	0.074	0.024	0.517	0.003	0.275
sad	0.071	0.007	0.051	0.025	0.460	0.004	0.381
sad	0.072	0.010	0.062	0.030	0.461	0.004	0.361
sad	0.068	0.005	0.083	0.018	0.567	0.004	0.255
sad	0.074	0.011	0.068	0.025	0.518	0.003	0.301
sad	0.062	0.027	0.084	0.016	0.655	0.003	0.154
sad	0.068	0.050	0.084	0.031	0.505	0.004	0.258
sad	0.076	0.053	0.092	0.028	0.545	0.004	0.202
sad	0.122	0.033	0.058	0.037	0.498	0.003	0.249
sad	0.081	0.076	0.085	0.028	0.528	0.003	0.199
sad	0.065	0.049	0.073	0.023	0.554	0.004	0.233
sad	0.082	0.058	0.089	0.035	0.510	0.004	0.221
sad	0.079	0.044	0.070	0.029	0.511	0.003	0.263
sad	0.102	0.028	0.065	0.036	0.470	0.003	0.296
sad	0.088	0.026	0.073	0.038	0.528	0.005	0.241
sad	0.094	0.022	0.064	0.026	0.528	0.004	0.261
sad	0.103	0.014	0.057	0.043	0.441	0.004	0.338
sad	0.088	0.015	0.061	0.027	0.544	0.004	0.261
sad	0.103	0.013	0.056	0.024	0.444	0.004	0.356
sad	0.095	0.012	0.055	0.035	0.500	0.003	0.299
sad	0.057	0.030	0.059	0.026	0.565	0.004	0.259
sad	0.081	0.010	0.037	0.040	0.424	0.003	0.406
sad	0.055	0.010	0.051	0.017	0.521	0.002	0.344
sad	0.063	0.007	0.049	0.014	0.444	0.002	0.420
sad	0.084	0.010	0.046	0.034	0.439	0.003	0.384
sad	0.079	0.006	0.066	0.024	0.443	0.006	0.376
sad	0.054	0.009	0.065	0.012	0.617	0.003	0.240
sad	0.078	0.025	0.064	0.027	0.539	0.002	0.265
sad	0.077	0.014	0.046	0.032	0.476	0.002	0.353
sad	0.045	0.008	0.066	0.014	0.610	0.004	0.252
sad	0.043	0.006	0.077	0.016	0.582	0.004	0.271
sad	0.058	0.017	0.066	0.029	0.581	0.003	0.245
