prediction	angry	disgust	fear	happy	sad	surprise	neutral
neutral	0.096	0.000	0.003	0.005	0.205	0.000	0.691
neutral	0.112	0.000	0.003	0.002	0.212	0.000	0.671
neutral	0.137	0.000	0.004	0.002	0.233	0.000	0.624
neutral	0.206	0.000	0.004	0.001	0.324	0.000	0.464
neutral	0.238	0.000	0.005	0.001	0.252	0.000	0.504
neutral	0.290	0.000	0.007	0.003	0.235	0.000	0.466
neutral	0.249	0.000	0.006	0.005	0.279	0.000	0.460
angry	0.437	0.000	0.006	0.005	0.221	0.000	0.330
angry	0.431	0.000	0.006	0.007	0.216	0.000	0.338
neutral	0.377	0.000	0.008	0.007	0.229	0.001	0.378
neutral	0.359	0.000	0.006	0.007	0.170	0.001	0.457
neutral	0.321	0.000	0.005	0.004	0.233	0.001	0.436
neutral	0.108	0.000	0.003	0.003	0.164	0.000	0.722
neutral	0.212	0.000	0.007	0.005	0.220	0.001	0.555
neutral	0.360	0.000	0.008	0.006	0.215	0.000	0.410
neutral	0.313	0.000	0.007	0.010	0.185	0.001	0.484
neutral	0.158	0.000	0.005	0.003	0.196	0.001	0.637
neutral	0.102	0.000	0.007	0.004	0.201	0.001	0.685
neutral	0.085	0.000	0.005	0.002	0.176	0.000	0.732
neutral	0.098	0.000	0.002	0.004	0.162	0.000	0.734
neutral	0.262	0.000	0.006	0.018	0.181	0.001	0.532
sad	0.091	0.000	0.042	0.000	0.765	0.000	0.101
neutral	0.117	0.000	0.007	0.005	0.276	0.001	0.595
neutral	0.167	0.000	0.006	0.006	0.229	0.001	0.590
neutral	0.133	0.000	0.005	0.008	0.192	0.001	0.661
neutral	0.307	0.000	0.008	0.010	0.194	0.001	0.479
neutral	0.100	0.000	0.003	0.005	0.196	0.001	0.695
neutral	0.127	0.000	0.003	0.008	0.206	0.001	0.655
neutral	0.203	0.000	0.006	0.015	0.252	0.002	0.522
neutral	0.094	0.000	0.003	0.009	0.164	0.001	0.729
neutral	0.102	0.000	0.003	0.004	0.184	0.001	0.706
neutral	0.231	0.000	0.011	0.007	0.285	0.001	0.464
neutral	0.197	0.000	0.009	0.010	0.245	0.001	0.538
neutral	0.244	0.000	0.010	0.006	0.220	0.001	0.519
neutral	0.198	0.000	0.006	0.003	0.255	0.001	0.538
neutral	0.161	0.000	0.004	0.017	0.185	0.002	0.630
neutral	0.131	0.000	0.004	0.011	0.138	0.001	0.715
neutral	0.231	0.000	0.008	0.008	0.223	0.001	0.529
neutral	0.162	0.000	0.005	0.009	0.186	0.002	0.636
neutral	0.196	0.000	0.006	0.011	0.179	0.002	0.606
neutral	0.239	0.000	0.005	0.012	0.247	0.002	0.495
neutral	0.155	0.000	0.006	0.023	0.179	0.003	0.633
neutral	0.181	0.000	0.007	0.025	0.234	0.003	0.549
neutral	0.112	0.000	0.004	0.021	0.142	0.003	0.718
neutral	0.317	0.000	0.009	0.027	0.219	0.003	0.426
neutral	0.222	0.000	0.009	0.018	0.212	0.003	0.536
neutral	0.251	0.000	0.013	0.003	0.277	0.001	0.456
neutral	0.136	0.000	0.006	0.015	0.198	0.002	0.642
neutral	0.214	0.000	0.014	0.004	0.296	0.000	0.472
neutral	0.251	0.000	0.012	0.003	0.315	0.000	0.419
neutral	0.245	0.000	0.013	0.001	0.279	0.000	0.460
neutral	0.119	0.000	0.007	0.005	0.276	0.001	0.592
neutral	0.252	0.000	0.009	0.003	0.347	0.001	0.388
neutral	0.272	0.000	0.008	0.007	0.251	0.002	0.461
neutral	0.124	0.000	0.007	0.005	0.283	0.001	0.580
neutral	0.158	0.000	0.007	0.004	0.286	0.001	0.545
neutral	0.279	0.000	0.008	0.006	0.334	0.001	0.372
neutral	0.307	0.000	0.013	0.007	0.330	0.001	0.342
neutral	0.240	0.000	0.010	0.007	0.280	0.001	0.462
neutral	0.186	0.000	0.007	0.005	0.316	0.001	0.485
neutral	0.162	0.000	0.014	0.002	0.292	0.000	0.531
neutral	0.165	0.000	0.010	0.003	0.326	0.000	0.495
neutral	0.224	0.000	0.010	0.008	0.241	0.001	0.516
neutral	0.202	0.000	0.009	0.008	0.271	0.001	0.510
neutral	0.183	0.000	0.009	0.002	0.336	0.001	0.469
neutral	0.157	0.000	0.008	0.003	0.364	0.001	0.466
sad	0.272	0.000	0.023	0.002	0.360	0.001	0.342
neutral	0.152	0.000	0.008	0.003	0.299	0.000	0.537
neutral	0.215	0.000	0.011	0.004	0.256	0.001	0.513
neutral	0.248	0.000	0.008	0.005	0.289	0.001	0.448
neutral	0.188	0.000	0.008	0.009	0.246	0.002	0.546
neutral	0.211	0.000	0.011	0.005	0.284	0.001	0.488
neutral	0.229	0.000	0.010	0.005	0.258	0.001	0.498
neutral	0.264	0.000	0.011	0.002	0.313	0.000	0.411
neutral	0.257	0.000	0.010	0.004	0.332	0.001	0.397
neutral	0.245	0.000	0.012	0.004	0.309	0.001	0.428
neutral	0.191	0.000	0.006	0.004	0.330	0.001	0.467
neutral	0.288	0.000	0.013	0.004	0.278	0.001	0.416
neutral	0.116	0.000	0.007	0.008	0.240	0.001	0.628
neutral	0.163	0.000	0.012	0.006	0.319	0.001	0.500
neutral	0.272	0.000	0.007	0.005	0.276	0.001	0.438
neutral	0.235	0.000	0.010	0.004	0.335	0.001	0.415
neutral	0.224	0.000	0.011	0.003	0.334	0.000	0.428
neutral	0.252	0.000	0.010	0.004	0.296	0.001	0.437
neutral	0.258	0.000	0.010	0.003	0.301	0.000	0.427
neutral	0.189	0.000	0.006	0.005	0.236	0.002	0.562
neutral	0.233	0.000	0.009	0.008	0.271	0.001	0.478
neutral	0.275	0.000	0.011	0.004	0.280	0.001	0.428
neutral	0.190	0.000	0.007	0.003	0.329	0.001	0.470
neutral	0.183	0.000	0.007	0.005	0.278	0.001	0.526
neutral	0.179	0.000	0.008	0.007	0.253	0.001	0.552
neutral	0.178	0.000	0.009	0.003	0.250	0.001	0.559
neutral	0.193	0.000	0.008	0.010	0.254	0.002	0.534
neutral	0.157	0.000	0.008	0.007	0.329	0.001	0.497
neutral	0.173	0.000	0.006	0.004	0.245	0.001	0.571
neutral	0.161	0.000	0.006	0.009	0.242	0.001	0.580
neutral	0.155	0.000	0.008	0.016	0.281	0.001	0.538
neutral	0.304	0.000	0.009	0.002	0.296	0.001	0.388
neutral	0.217	0.000	0.009	0.007	0.312	0.001	0.453
neutral	0.229	0.000	0.009	0.011	0.258	0.002	0.491
sad	0.272	0.000	0.018	0.004	0.363	0.001	0.341
neutral	0.235	0.000	0.015	0.005	0.325	0.001	0.419
neutral	0.290	0.000	0.012	0.006	0.275	0.001	0.416
neutral	0.279	0.000	0.009	0.002	0.265	0.001	0.444
neutral	0.203	0.000	0.009	0.005	0.263	0.001	0.519
neutral	0.190	0.000	0.011	0.005	0.295	0.001	0.498
neutral	0.225	0.000	0.010	0.005	0.327	0.001	0.431
neutral	0.315	0.000	0.014	0.004	0.283	0.001	0.384
neutral	0.325	0.000	0.023	0.007	0.266	0.001	0.378
neutral	0.328	0.000	0.016	0.004	0.297	0.001	0.355
neutral	0.254	0.000	0.011	0.003	0.251	0.001	0.481
neutral	0.221	0.000	0.008	0.007	0.221	0.001	0.543
neutral	0.244	0.000	0.008	0.008	0.254	0.001	0.485
neutral	0.258	0.000	0.007	0.006	0.284	0.001	0.444
neutral	0.327	0.000	0.008	0.003	0.279	0.000	0.381
neutral	0.305	0.000	0.012	0.005	0.259	0.001	0.418
sad	0.293	0.000	0.018	0.002	0.378	0.001	0.307
angry	0.360	0.000	0.017	0.005	0.304	0.001	0.314
angry	0.357	0.000	0.021	0.002	0.345	0.001	0.273
angry	0.398	0.000	0.014	0.001	0.355	0.000	0.231
neutral	0.254	0.000	0.009	0.003	0.215	0.001	0.518
neutral	0.332	0.000	0.012	0.004	0.245	0.001	0.406
neutral	0.268	0.000	0.008	0.004	0.251	0.001	0.468
neutral	0.241	0.000	0.010	0.005	0.266	0.001	0.478
sad	0.307	0.000	0.010	0.002	0.349	0.001	0.331
neutral	0.274	0.000	0.010	0.005	0.331	0.001	0.380
neutral	0.307	0.000	0.011	0.005	0.228	0.001	0.449
neutral	0.247	0.000	0.010	0.004	0.274	0.001	0.464
neutral	0.266	0.000	0.006	0.004	0.310	0.000	0.414
neutral	0.331	0.000	0.009	0.005	0.311	0.001	0.344
sad	0.278	0.000	0.012	0.003	0.374	0.000	0.334
neutral	0.291	0.000	0.014	0.003	0.325	0.001	0.366
neutral	0.295	0.000	0.007	0.004	0.291	0.001	0.401
neutral	0.304	0.000	0.010	0.009	0.213	0.001	0.463
neutral	0.290	0.000	0.010	0.008	0.232	0.002	0.458
sad	0.322	0.000	0.020	0.006	0.343	0.001	0.307
neutral	0.248	0.000	0.015	0.004	0.361	0.001	0.371
neutral	0.165	0.000	0.009	0.004	0.343	0.002	0.477
neutral	0.210	0.000	0.009	0.005	0.315	0.002	0.459
neutral	0.107	0.000	0.011	0.003	0.258	0.001	0.620
sad	0.128	0.000	0.027	0.003	0.434	0.002	0.407
sad	0.271	0.000	0.043	0.001	0.586	0.002	0.097
sad	0.379	0.000	0.115	0.000	0.432	0.006	0.067
neutral	0.169	0.000	0.110	0.106	0.293	0.002	0.320
angry	0.302	0.000	0.085	0.133	0.172	0.005	0.301
sad	0.122	0.000	0.074	0.000	0.406	0.004	0.395
neutral	0.161	0.000	0.047	0.001	0.320	0.014	0.456
sad	0.147	0.000	0.071	0.000	0.431	0.005	0.345
sad	0.140	0.000	0.047	0.001	0.598	0.005	0.209
sad	0.139	0.000	0.053	0.001	0.502	0.003	0.301
sad	0.114	0.000	0.044	0.000	0.471	0.003	0.367
sad	0.295	0.000	0.070	0.000	0.487	0.006	0.141
sad	0.331	0.000	0.042	0.001	0.389	0.003	0.233
neutral	0.088	0.000	0.007	0.001	0.216	0.000	0.687
neutral	0.059	0.000	0.002	0.001	0.116	0.000	0.823
neutral	0.185	0.000	0.008	0.000	0.231	0.000	0.576
neutral	0.181	0.000	0.006	0.001	0.160	0.000	0.652
neutral	0.105	0.000	0.002	0.001	0.132	0.000	0.761
neutral	0.064	0.000	0.001	0.001	0.048	0.000	0.885
neutral	0.066	0.000	0.001	0.002	0.072	0.000	0.859
neutral	0.094	0.000	0.007	0.000	0.361	0.000	0.538
neutral	0.090	0.000	0.005	0.001	0.260	0.000	0.644
neutral	0.112	0.000	0.002	0.001	0.134	0.001	0.751
neutral	0.066	0.000	0.001	0.000	0.080	0.000	0.852
neutral	0.129	0.000	0.002	0.000	0.114	0.000	0.755
neutral	0.039	0.000	0.001	0.001	0.061	0.000	0.897
neutral	0.083	0.000	0.001	0.001	0.120	0.000	0.794
neutral	0.114	0.000	0.001	0.001	0.136	0.001	0.747
neutral	0.117	0.000	0.003	0.001	0.174	0.000	0.704
neutral	0.093	0.000	0.004	0.001	0.266	0.000	0.636
neutral	0.044	0.000	0.001	0.001	0.067	0.000	0.887
neutral	0.163	0.000	0.002	0.002	0.166	0.000	0.667
neutral	0.087	0.000	0.002	0.001	0.122	0.000	0.788
neutral	0.103	0.000	0.002	0.001	0.119	0.000	0.774
neutral	0.083	0.000	0.002	0.001	0.088	0.000	0.825
neutral	0.084	0.000	0.001	0.001	0.095	0.000	0.819
neutral	0.060	0.000	0.003	0.002	0.100	0.000	0.834
neutral	0.077	0.000	0.006	0.002	0.141	0.000	0.774
neutral	0.122	0.000	0.003	0.001	0.169	0.000	0.704
neutral	0.090	0.000	0.001	0.001	0.150	0.000	0.758
neutral	0.078	0.000	0.001	0.001	0.096	0.000	0.824
neutral	0.053	0.000	0.001	0.001	0.122	0.000	0.823
neutral	0.129	0.000	0.004	0.001	0.141	0.000	0.724
neutral	0.067	0.000	0.002	0.001	0.144	0.000	0.785
neutral	0.078	0.000	0.002	0.002	0.124	0.000	0.793
neutral	0.071	0.000	0.002	0.002	0.096	0.000	0.828
neutral	0.074	0.000	0.002	0.003	0.102	0.000	0.820
neutral	0.101	0.000	0.004	0.001	0.162	0.000	0.731
neutral	0.060	0.000	0.004	0.002	0.184	0.000	0.751
neutral	0.068	0.000	0.004	0.002	0.164	0.001	0.761
neutral	0.079	0.000	0.004	0.002	0.150	0.001	0.764
neutral	0.089	0.000	0.006	0.002	0.226	0.000	0.677
neutral	0.084	0.000	0.007	0.001	0.278	0.000	0.630
neutral	0.120	0.000	0.019	0.003	0.273	0.000	0.586
neutral	0.100	0.000	0.005	0.001	0.223	0.000	0.671
neutral	0.044	0.000	0.007	0.002	0.183	0.000	0.764
neutral	0.074	0.000	0.006	0.002	0.217	0.000	0.700
neutral	0.172	0.000	0.022	0.001	0.288	0.000	0.516
neutral	0.041	0.000	0.005	0.004	0.133	0.001	0.817
neutral	0.167	0.000	0.013	0.003	0.224	0.000	0.593
neutral	0.079	0.000	0.004	0.002	0.115	0.000	0.799
neutral	0.109	0.000	0.007	0.002	0.198	0.000	0.684
neutral	0.051	0.000	0.006	0.003	0.139	0.000	0.800
neutral	0.064	0.000	0.005	0.001	0.171	0.000	0.758
neutral	0.121	0.000	0.004	0.000	0.241	0.000	0.634
neutral	0.078	0.000	0.007	0.001	0.198	0.000	0.716
neutral	0.094	0.000	0.007	0.012	0.077	0.004	0.807
neutral	0.163	0.000	0.011	0.028	0.116	0.006	0.676
neutral	0.333	0.000	0.016	0.004	0.235	0.003	0.409
neutral	0.184	0.000	0.010	0.004	0.202	0.001	0.599
sad	0.105	0.000	0.018	0.000	0.632	0.000	0.245
neutral	0.134	0.000	0.018	0.002	0.292	0.000	0.554
neutral	0.140	0.000	0.015	0.001	0.400	0.002	0.442
neutral	0.206	0.000	0.012	0.001	0.298	0.001	0.481
neutral	0.098	0.000	0.010	0.002	0.228	0.003	0.659
neutral	0.089	0.000	0.008	0.001	0.216	0.002	0.684
neutral	0.229	0.000	0.022	0.003	0.241	0.002	0.503
neutral	0.160	0.000	0.011	0.001	0.330	0.002	0.497
neutral	0.304	0.000	0.020	0.001	0.280	0.001	0.394
neutral	0.181	0.000	0.006	0.002	0.185	0.002	0.624
neutral	0.133	0.000	0.007	0.002	0.186	0.002	0.670
neutral	0.108	0.000	0.006	0.003	0.163	0.001	0.718
neutral	0.088	0.000	0.004	0.002	0.155	0.001	0.750
neutral	0.082	0.000	0.007	0.003	0.234	0.000	0.674
neutral	0.062	0.000	0.005	0.006	0.172	0.001	0.754
neutral	0.073	0.000	0.004	0.005	0.156	0.001	0.761
neutral	0.088	0.000	0.006	0.015	0.136	0.004	0.750
neutral	0.121	0.000	0.006	0.002	0.289	0.000	0.581
neutral	0.119	0.000	0.004	0.003	0.150	0.000	0.723
neutral	0.248	0.000	0.011	0.005	0.167	0.003	0.566
neutral	0.109	0.000	0.004	0.006	0.140	0.002	0.739
neutral	0.061	0.000	0.003	0.005	0.129	0.001	0.802
neutral	0.104	0.000	0.007	0.005	0.191	0.001	0.691
neutral	0.080	0.000	0.005	0.016	0.101	0.002	0.796
neutral	0.063	0.000	0.006	0.006	0.138	0.002	0.786
neutral	0.063	0.000	0.005	0.010	0.104	0.003	0.815
neutral	0.076	0.000	0.006	0.011	0.123	0.003	0.783
neutral	0.053	0.000	0.005	0.001	0.209	0.001	0.731
neutral	0.096	0.000	0.006	0.003	0.223	0.001	0.671
neutral	0.074	0.000	0.004	0.002	0.186	0.001	0.734
neutral	0.090	0.000	0.007	0.005	0.155	0.002	0.743
neutral	0.168	0.000	0.012	0.004	0.205	0.002	0.610
neutral	0.121	0.000	0.009	0.002	0.219	0.001	0.647
neutral	0.135	0.000	0.011	0.003	0.185	0.002	0.664
neutral	0.215	0.000	0.019	0.002	0.285	0.005	0.473
neutral	0.102	0.000	0.008	0.001	0.277	0.004	0.607
neutral	0.119	0.000	0.009	0.005	0.191	0.005	0.670
neutral	0.204	0.000	0.015	0.009	0.205	0.004	0.563
neutral	0.182	0.000	0.012	0.007	0.186	0.003	0.610
neutral	0.182	0.000	0.013	0.003	0.244	0.002	0.556
neutral	0.077	0.000	0.007	0.004	0.225	0.001	0.685
neutral	0.161	0.000	0.010	0.002	0.292	0.001	0.533
neutral	0.116	0.000	0.005	0.001	0.227	0.000	0.650
neutral	0.080	0.000	0.006	0.002	0.165	0.002	0.745
neutral	0.128	0.000	0.010	0.004	0.189	0.001	0.668
neutral	0.247	0.000	0.011	0.003	0.214	0.003	0.522
neutral	0.114	0.000	0.010	0.005	0.287	0.007	0.577
angry	0.488	0.000	0.010	0.002	0.193	0.007	0.300
neutral	0.094	0.000	0.004	0.002	0.171	0.001	0.729
neutral	0.107	0.000	0.005	0.001	0.236	0.001	0.650
neutral	0.112	0.000	0.006	0.001	0.296	0.001	0.584
neutral	0.081	0.000	0.005	0.003	0.266	0.001	0.644
neutral	0.071	0.000	0.005	0.004	0.231	0.001	0.689
neutral	0.091	0.000	0.004	0.003	0.171	0.001	0.730
neutral	0.170	0.000	0.006	0.004	0.206	0.001	0.614
neutral	0.180	0.000	0.005	0.006	0.279	0.001	0.529
neutral	0.102	0.000	0.004	0.019	0.199	0.006	0.669
neutral	0.161	0.000	0.008	0.005	0.191	0.002	0.633
neutral	0.092	0.000	0.004	0.002	0.227	0.000	0.675
neutral	0.143	0.000	0.005	0.002	0.259	0.001	0.589
neutral	0.145	0.000	0.004	0.005	0.194	0.003	0.648
neutral	0.143	0.000	0.005	0.008	0.180	0.007	0.657
neutral	0.150	0.000	0.006	0.008	0.201	0.002	0.633
neutral	0.167	0.000	0.004	0.005	0.164	0.004	0.655
neutral	0.141	0.000	0.006	0.003	0.266	0.001	0.583
neutral	0.134	0.000	0.006	0.001	0.357	0.002	0.501
neutral	0.354	0.000	0.006	0.002	0.190	0.005	0.443
neutral	0.210	0.000	0.005	0.002	0.205	0.004	0.573
neutral	0.363	0.000	0.007	0.001	0.253	0.005	0.372
neutral	0.312	0.000	0.011	0.004	0.257	0.007	0.409
neutral	0.233	0.000	0.006	0.004	0.324	0.002	0.431
neutral	0.206	0.000	0.009	0.003	0.251	0.002	0.530
neutral	0.206	0.000	0.006	0.003	0.235	0.003	0.547
neutral	0.148	0.000	0.006	0.005	0.191	0.006	0.644
neutral	0.133	0.000	0.012	0.005	0.203	0.009	0.638
neutral	0.164	0.000	0.009	0.003	0.203	0.003	0.618
neutral	0.167	0.000	0.012	0.008	0.305	0.002	0.507
neutral	0.157	0.000	0.005	0.004	0.201	0.002	0.630
neutral	0.236	0.000	0.004	0.003	0.254	0.001	0.503
neutral	0.145	0.000	0.004	0.004	0.283	0.002	0.562
neutral	0.227	0.000	0.010	0.002	0.264	0.004	0.493
neutral	0.165	0.000	0.006	0.002	0.203	0.002	0.623
neutral	0.147	0.000	0.004	0.011	0.196	0.003	0.640
neutral	0.190	0.000	0.011	0.003	0.380	0.001	0.415
neutral	0.171	0.000	0.005	0.010	0.213	0.001	0.599
neutral	0.096	0.000	0.003	0.012	0.230	0.001	0.657
neutral	0.273	0.000	0.005	0.008	0.340	0.001	0.373
angry	0.414	0.000	0.005	0.009	0.256	0.001	0.315
neutral	0.353	0.000	0.005	0.007	0.254	0.001	0.380
angry	0.357	0.000	0.007	0.006	0.282	0.002	0.346
neutral	0.226	0.000	0.004	0.002	0.269	0.001	0.498
neutral	0.211	0.000	0.004	0.002	0.333	0.002	0.447
neutral	0.171	0.000	0.004	0.003	0.273	0.003	0.547
neutral	0.243	0.000	0.006	0.009	0.296	0.002	0.444
neutral	0.155	0.000	0.003	0.003	0.212	0.001	0.625
sad	0.121	0.000	0.015	0.003	0.546	0.002	0.312
neutral	0.151	0.000	0.008	0.018	0.300	0.003	0.521
neutral	0.151	0.000	0.006	0.015	0.339	0.004	0.485
neutral	0.180	0.000	0.007	0.032	0.268	0.004	0.509
sad	0.201	0.000	0.008	0.003	0.463	0.001	0.324
sad	0.160	0.000	0.008	0.010	0.450	0.002	0.370
sad	0.233	0.000	0.011	0.006	0.446	0.002	0.303
sad	0.147	0.000	0.007	0.005	0.461	0.001	0.378
sad	0.218	0.000	0.010	0.002	0.547	0.001	0.223
sad	0.251	0.000	0.009	0.003	0.409	0.001	0.326
sad	0.146	0.000	0.011	0.003	0.508	0.001	0.330
sad	0.225	0.000	0.013	0.003	0.424	0.001	0.333
sad	0.188	0.000	0.013	0.001	0.545	0.001	0.252
sad	0.204	0.000	0.017	0.002	0.503	0.001	0.273
sad	0.191	0.000	0.015	0.001	0.489	0.000	0.304
sad	0.228	0.000	0.019	0.001	0.494	0.002	0.256
sad	0.158	0.000	0.013	0.003	0.552	0.001	0.273
sad	0.176	0.000	0.019	0.002	0.543	0.001	0.259
sad	0.181	0.000	0.012	0.004	0.473	0.001	0.329
sad	0.256	0.000	0.011	0.007	0.433	0.001	0.292
sad	0.227	0.000	0.009	0.005	0.415	0.001	0.343
sad	0.158	0.000	0.013	0.002	0.556	0.001	0.271
sad	0.191	0.000	0.010	0.007	0.451	0.002	0.338
neutral	0.150	0.000	0.011	0.003	0.377	0.001	0.457
sad	0.186	0.000	0.019	0.004	0.492	0.003	0.296
sad	0.177	0.000	0.010	0.002	0.464	0.001	0.347
sad	0.176	0.000	0.016	0.004	0.467	0.002	0.335
sad	0.148	0.000	0.008	0.007	0.449	0.001	0.386
neutral	0.140	0.000	0.009	0.005	0.423	0.001	0.423
sad	0.137	0.000	0.010	0.006	0.462	0.001	0.383
sad	0.173	0.000	0.023	0.021	0.459	0.003	0.321
sad	0.157	0.000	0.022	0.010	0.513	0.003	0.295
sad	0.147	0.000	0.015	0.004	0.544	0.002	0.288
sad	0.097	0.000	0.005	0.006	0.483	0.001	0.408
sad	0.185	0.000	0.017	0.003	0.556	0.002	0.237
sad	0.145	0.000	0.007	0.005	0.559	0.001	0.284
sad	0.233	0.000	0.017	0.013	0.482	0.004	0.250
sad	0.202	0.000	0.011	0.019	0.399	0.003	0.367
sad	0.161	0.000	0.008	0.010	0.441	0.001	0.380
sad	0.150	0.000	0.006	0.009	0.532	0.001	0.303
sad	0.181	0.000	0.022	0.014	0.481	0.003	0.300
sad	0.130	0.000	0.008	0.008	0.514	0.001	0.339
sad	0.223	0.000	0.008	0.036	0.401	0.005	0.327
sad	0.170	0.000	0.008	0.005	0.475	0.001	0.342
sad	0.211	0.000	0.010	0.005	0.448	0.002	0.325
sad	0.164	0.000	0.005	0.005	0.491	0.001	0.334
sad	0.128	0.000	0.007	0.014	0.494	0.002	0.355
sad	0.285	0.000	0.013	0.007	0.395	0.002	0.297
neutral	0.114	0.000	0.008	0.005	0.381	0.001	0.491
sad	0.305	0.000	0.017	0.013	0.444	0.002	0.219
sad	0.158	0.000	0.004	0.009	0.416	0.001	0.411
sad	0.192	0.000	0.007	0.015	0.448	0.002	0.336
sad	0.268	0.000	0.011	0.014	0.362	0.003	0.343
neutral	0.166	0.000	0.004	0.013	0.375	0.002	0.440
sad	0.256	0.000	0.013	0.008	0.447	0.002	0.275
sad	0.335	0.000	0.015	0.014	0.369	0.003	0.264
sad	0.238	0.000	0.009	0.040	0.367	0.005	0.341
sad	0.272	0.000	0.010	0.011	0.435	0.002	0.270
sad	0.200	0.000	0.007	0.018	0.405	0.003	0.367
neutral	0.154	0.000	0.012	0.004	0.412	0.001	0.417
sad	0.282	0.000	0.015	0.001	0.439	0.000	0.262
sad	0.175	0.000	0.012	0.006	0.481	0.001	0.325
neutral	0.134	0.000	0.006	0.006	0.422	0.000	0.432
sad	0.172	0.000	0.016	0.007	0.468	0.001	0.335
sad	0.251	0.000	0.011	0.013	0.390	0.001	0.334
neutral	0.123	0.000	0.010	0.002	0.428	0.000	0.436
sad	0.168	0.000	0.019	0.022	0.448	0.003	0.340
sad	0.269	0.000	0.018	0.007	0.450	0.002	0.254
neutral	0.103	0.000	0.009	0.004	0.366	0.001	0.517
sad	0.100	0.000	0.009	0.001	0.495	0.000	0.395
sad	0.161	0.000	0.015	0.002	0.503	0.001	0.318
sad	0.053	0.000	0.025	0.000	0.838	0.000	0.083
sad	0.118	0.000	0.038	0.001	0.750	0.000	0.093
sad	0.188	0.000	0.023	0.004	0.481	0.001	0.302
sad	0.119	0.000	0.017	0.004	0.530	0.001	0.329
sad	0.136	0.000	0.016	0.004	0.482	0.001	0.361
sad	0.140	0.000	0.028	0.008	0.451	0.003	0.371
neutral	0.137	0.000	0.008	0.003	0.372	0.001	0.479
neutral	0.113	0.000	0.007	0.001	0.423	0.000	0.457
sad	0.129	0.000	0.015	0.011	0.433	0.002	0.411
sad	0.106	0.000	0.017	0.003	0.446	0.001	0.427
neutral	0.092	0.000	0.006	0.001	0.414	0.000	0.488
sad	0.091	0.000	0.024	0.001	0.786	0.000	0.098
sad	0.068	0.000	0.037	0.000	0.824	0.000	0.070
sad	0.109	0.000	0.010	0.001	0.543	0.000	0.337
neutral	0.089	0.000	0.006	0.002	0.328	0.001	0.574
neutral	0.187	0.000	0.011	0.001	0.297	0.000	0.503
neutral	0.112	0.000	0.012	0.004	0.337	0.001	0.534
neutral	0.119	0.000	0.008	0.006	0.296	0.001	0.570
neutral	0.141	0.000	0.006	0.002	0.272	0.001	0.578
neutral	0.107	0.000	0.008	0.006	0.298	0.001	0.580
neutral	0.107	0.000	0.008	0.006	0.302	0.000	0.575
neutral	0.170	0.000	0.003	0.002	0.255	0.001	0.568
neutral	0.287	0.000	0.007	0.001	0.349	0.001	0.355
neutral	0.358	0.000	0.005	0.002	0.239	0.001	0.394
neutral	0.261	0.000	0.005	0.002	0.234	0.002	0.496
angry	0.351	0.000	0.011	0.002	0.306	0.001	0.329
neutral	0.218	0.000	0.013	0.004	0.346	0.001	0.419
sad	0.042	0.000	0.028	0.000	0.821	0.000	0.108
neutral	0.205	0.000	0.008	0.005	0.245	0.000	0.536
neutral	0.134	0.000	0.006	0.008	0.266	0.001	0.585
neutral	0.195	0.000	0.008	0.002	0.332	0.001	0.461
neutral	0.262	0.000	0.006	0.001	0.234	0.001	0.497
neutral	0.236	0.000	0.009	0.002	0.208	0.001	0.544
neutral	0.232	0.000	0.004	0.001	0.212	0.001	0.550
neutral	0.162	0.000	0.007	0.001	0.252	0.001	0.577
neutral	0.283	0.000	0.012	0.002	0.281	0.001	0.422
sad	0.302	0.000	0.016	0.003	0.391	0.000	0.288
sad	0.254	0.000	0.012	0.002	0.403	0.001	0.327
sad	0.336	0.000	0.020	0.004	0.377	0.000	0.262
sad	0.336	0.000	0.018	0.002	0.368	0.000	0.276
angry	0.341	0.000	0.019	0.002	0.332	0.000	0.306
neutral	0.299	0.000	0.010	0.004	0.280	0.002	0.404
angry	0.475	0.000	0.007	0.001	0.196	0.001	0.320
neutral	0.319	0.000	0.011	0.006	0.285	0.002	0.379
neutral	0.290	0.000	0.007	0.001	0.273	0.001	0.429
neutral	0.264	0.000	0.009	0.007	0.262	0.005	0.452
neutral	0.108	0.000	0.011	0.001	0.387	0.000	0.494
neutral	0.177	0.000	0.004	0.002	0.329	0.001	0.488
neutral	0.226	0.000	0.011	0.002	0.359	0.001	0.401
neutral	0.125	0.000	0.016	0.001	0.424	0.000	0.434
neutral	0.107	0.000	0.012	0.001	0.352	0.001	0.527
neutral	0.156	0.000	0.005	0.001	0.242	0.000	0.595
neutral	0.158	0.000	0.009	0.006	0.266	0.002	0.559
neutral	0.127	0.000	0.004	0.003	0.230	0.001	0.634
neutral	0.133	0.000	0.006	0.005	0.263	0.001	0.593
neutral	0.261	0.000	0.007	0.009	0.278	0.003	0.441
neutral	0.333	0.000	0.008	0.006	0.270	0.001	0.382
neutral	0.295	0.000	0.007	0.004	0.276	0.001	0.418
neutral	0.167	0.000	0.018	0.007	0.281	0.001	0.526
neutral	0.273	0.000	0.009	0.004	0.351	0.001	0.361
neutral	0.286	0.000	0.006	0.008	0.286	0.003	0.412
neutral	0.151	0.000	0.008	0.006	0.223	0.001	0.611
neutral	0.157	0.000	0.011	0.002	0.249	0.000	0.581
neutral	0.118	0.000	0.006	0.002	0.224	0.000	0.650
neutral	0.230	0.000	0.018	0.004	0.287	0.001	0.459
neutral	0.157	0.000	0.008	0.004	0.250	0.000	0.581
neutral	0.297	0.000	0.009	0.004	0.326	0.001	0.363
neutral	0.112	0.000	0.010	0.002	0.220	0.000	0.655
neutral	0.200	0.000	0.008	0.006	0.240	0.001	0.545
neutral	0.245	0.000	0.011	0.002	0.355	0.001	0.386
angry	0.377	0.000	0.007	0.006	0.245	0.001	0.364
neutral	0.094	0.000	0.008	0.004	0.187	0.001	0.706
neutral	0.103	0.000	0.007	0.002	0.300	0.000	0.587
neutral	0.185	0.000	0.007	0.007	0.261	0.000	0.539
neutral	0.221	0.000	0.007	0.005	0.259	0.001	0.507
neutral	0.122	0.000	0.007	0.003	0.258	0.000	0.611
neutral	0.252	0.000	0.007	0.001	0.365	0.000	0.374
neutral	0.070	0.000	0.005	0.002	0.180	0.001	0.743
neutral	0.110	0.000	0.008	0.002	0.255	0.000	0.624
neutral	0.224	0.000	0.020	0.004	0.267	0.001	0.485
neutral	0.123	0.000	0.013	0.005	0.240	0.002	0.618
neutral	0.111	0.000	0.008	0.001	0.329	0.000	0.550
neutral	0.186	0.000	0.013	0.002	0.242	0.001	0.556
neutral	0.136	0.000	0.007	0.001	0.353	0.000	0.503
neutral	0.370	0.000	0.016	0.004	0.180	0.002	0.428
angry	0.432	0.000	0.014	0.003	0.160	0.001	0.390
angry	0.353	0.000	0.018	0.002	0.309	0.001	0.318
angry	0.430	0.000	0.016	0.001	0.283	0.001	0.269
neutral	0.284	0.000	0.026	0.002	0.309	0.001	0.378
angry	0.378	0.000	0.009	0.002	0.283	0.001	0.328
neutral	0.346	0.000	0.017	0.001	0.274	0.001	0.360
sad	0.346	0.000	0.031	0.001	0.364	0.000	0.258
neutral	0.118	0.000	0.007	0.001	0.327	0.001	0.546
angry	0.564	0.000	0.018	0.001	0.262	0.000	0.155
neutral	0.326	0.000	0.013	0.001	0.259	0.001	0.400
angry	0.535	0.000	0.019	0.003	0.160	0.002	0.281
neutral	0.174	0.000	0.015	0.004	0.274	0.002	0.530
neutral	0.235	0.000	0.011	0.001	0.312	0.000	0.441
neutral	0.142	0.000	0.008	0.003	0.301	0.001	0.545
sad	0.330	0.000	0.018	0.002	0.367	0.001	0.281
neutral	0.321	0.000	0.012	0.002	0.227	0.001	0.437
neutral	0.220	0.000	0.007	0.007	0.256	0.001	0.510
neutral	0.192	0.000	0.016	0.003	0.388	0.001	0.400
neutral	0.309	0.000	0.015	0.004	0.329	0.001	0.343
neutral	0.167	0.000	0.013	0.005	0.346	0.001	0.468
neutral	0.267	0.000	0.011	0.003	0.276	0.002	0.442
neutral	0.290	0.000	0.016	0.002	0.273	0.001	0.419
neutral	0.327	0.000	0.024	0.002	0.298	0.000	0.348
neutral	0.305	0.000	0.017	0.003	0.296	0.001	0.378
neutral	0.316	0.000	0.012	0.002	0.209	0.001	0.460
neutral	0.221	0.000	0.012	0.008	0.275	0.002	0.483
angry	0.402	0.000	0.024	0.006	0.218	0.001	0.349
neutral	0.292	0.000	0.011	0.007	0.283	0.003	0.404
angry	0.419	0.000	0.011	0.005	0.262	0.002	0.301
angry	0.376	0.000	0.013	0.005	0.233	0.001	0.372
neutral	0.328	0.000	0.006	0.004	0.191	0.002	0.470
angry	0.393	0.000	0.013	0.004	0.198	0.001	0.392
neutral	0.327	0.000	0.012	0.005	0.309	0.001	0.345
sad	0.278	0.000	0.015	0.002	0.379	0.001	0.326
angry	0.452	0.000	0.020	0.002	0.324	0.001	0.200
neutral	0.280	0.000	0.008	0.003	0.305	0.001	0.403
angry	0.341	0.000	0.013	0.002	0.302	0.001	0.340
neutral	0.277	0.000	0.009	0.004	0.261	0.001	0.448
sad	0.342	0.000	0.011	0.001	0.368	0.000	0.277
angry	0.464	0.000	0.014	0.005	0.231	0.001	0.286
angry	0.507	0.000	0.028	0.001	0.295	0.001	0.167
angry	0.446	0.000	0.017	0.005	0.276	0.002	0.255
neutral	0.273	0.000	0.018	0.003	0.316	0.002	0.388
neutral	0.217	0.000	0.021	0.003	0.356	0.001	0.402
neutral	0.290	0.000	0.017	0.001	0.306	0.001	0.385
neutral	0.279	0.000	0.016	0.005	0.322	0.001	0.376
neutral	0.343	0.000	0.016	0.003	0.276	0.001	0.361
neutral	0.300	0.000	0.006	0.004	0.235	0.001	0.453
angry	0.348	0.000	0.019	0.008	0.282	0.002	0.341
angry	0.406	0.000	0.010	0.003	0.252	0.002	0.328
angry	0.398	0.000	0.014	0.004	0.265	0.001	0.318
angry	0.354	0.000	0.012	0.003	0.283	0.002	0.346
neutral	0.277	0.000	0.011	0.002	0.226	0.001	0.483
neutral	0.333	0.000	0.020	0.003	0.253	0.002	0.389
neutral	0.242	0.000	0.013	0.002	0.277	0.002	0.465
angry	0.519	0.000	0.012	0.001	0.215	0.001	0.253
angry	0.454	0.000	0.012	0.002	0.340	0.001	0.191
sad	0.070	0.000	0.049	0.000	0.819	0.000	0.062
sad	0.184	0.000	0.020	0.001	0.536	0.000	0.259
neutral	0.364	0.000	0.008	0.005	0.232	0.001	0.389
neutral	0.361	0.000	0.006	0.004	0.183	0.001	0.444
neutral	0.320	0.000	0.014	0.002	0.256	0.001	0.407
angry	0.475	0.000	0.012	0.003	0.210	0.002	0.298
neutral	0.244	0.000	0.019	0.002	0.341	0.000	0.394
neutral	0.273	0.000	0.016	0.001	0.286	0.001	0.424
sad	0.332	0.000	0.023	0.002	0.377	0.001	0.266
sad	0.293	0.000	0.015	0.002	0.384	0.001	0.305
angry	0.388	0.000	0.018	0.003	0.342	0.001	0.248
sad	0.361	0.000	0.020	0.001	0.409	0.001	0.208
sad	0.237	0.000	0.016	0.001	0.462	0.000	0.283
angry	0.358	0.000	0.013	0.003	0.272	0.001	0.352
sad	0.378	0.000	0.026	0.001	0.452	0.001	0.142
angry	0.497	0.000	0.031	0.001	0.370	0.002	0.099
sad	0.400	0.000	0.028	0.001	0.436	0.002	0.133
sad	0.377	0.000	0.039	0.001	0.448	0.000	0.135
sad	0.377	0.000	0.033	0.002	0.393	0.003	0.192
angry	0.501	0.000	0.034	0.001	0.375	0.002	0.087
sad	0.365	0.000	0.036	0.001	0.474	0.001	0.124
sad	0.318	0.000	0.024	0.002	0.426	0.002	0.228
angry	0.462	0.000	0.019	0.002	0.290	0.002	0.225
angry	0.447	0.000	0.036	0.002	0.310	0.002	0.202
angry	0.425	0.000	0.029	0.001	0.418	0.000	0.126
angry	0.449	0.000	0.034	0.001	0.365	0.002	0.148
sad	0.368	0.000	0.031	0.001	0.458	0.001	0.141
sad	0.348	0.000	0.035	0.001	0.485	0.001	0.130
angry	0.373	0.000	0.035	0.002	0.357	0.002	0.231
angry	0.500	0.000	0.028	0.001	0.351	0.002	0.117
angry	0.422	0.000	0.031	0.002	0.380	0.002	0.162
sad	0.320	0.000	0.053	0.002	0.399	0.002	0.224
angry	0.443	0.001	0.059	0.001	0.375	0.001	0.120
angry	0.462	0.001	0.033	0.003	0.300	0.001	0.200
angry	0.426	0.000	0.064	0.002	0.412	0.001	0.094
angry	0.396	0.000	0.028	0.005	0.301	0.001	0.269
sad	0.318	0.000	0.041	0.001	0.463	0.001	0.175
sad	0.336	0.000	0.040	0.003	0.391	0.001	0.229
angry	0.482	0.000	0.030	0.006	0.267	0.002	0.214
angry	0.387	0.000	0.027	0.003	0.323	0.001	0.258
sad	0.338	0.000	0.028	0.004	0.374	0.002	0.254
angry	0.635	0.000	0.020	0.000	0.211	0.000	0.133
angry	0.445	0.000	0.021	0.002	0.312	0.001	0.219
angry	0.429	0.000	0.027	0.002	0.355	0.001	0.186
angry	0.404	0.000	0.027	0.003	0.332	0.002	0.232
neutral	0.307	0.000	0.019	0.006	0.326	0.001	0.341
angry	0.497	0.000	0.033	0.001	0.374	0.001	0.094
angry	0.392	0.000	0.041	0.003	0.357	0.002	0.206
angry	0.416	0.000	0.049	0.002	0.321	0.001	0.211
sad	0.268	0.000	0.020	0.002	0.380	0.001	0.329
sad	0.377	0.000	0.026	0.001	0.383	0.001	0.211
neutral	0.315	0.000	0.015	0.003	0.326	0.001	0.340
angry	0.371	0.000	0.032	0.002	0.356	0.001	0.238
angry	0.423	0.000	0.032	0.003	0.355	0.001	0.186
sad	0.248	0.000	0.032	0.002	0.431	0.001	0.286
sad	0.318	0.000	0.010	0.002	0.338	0.001	0.331
angry	0.476	0.000	0.025	0.002	0.271	0.002	0.223
angry	0.477	0.000	0.020	0.003	0.310	0.001	0.189
sad	0.300	0.000	0.024	0.001	0.404	0.002	0.269
sad	0.272	0.000	0.014	0.001	0.372	0.001	0.340
sad	0.306	0.000	0.020	0.002	0.349	0.001	0.321
sad	0.197	0.000	0.025	0.001	0.430	0.000	0.347
sad	0.277	0.000	0.021	0.003	0.432	0.002	0.266
angry	0.346	0.000	0.017	0.002	0.313	0.001	0.320
sad	0.322	0.000	0.026	0.001	0.372	0.000	0.279
angry	0.377	0.000	0.014	0.001	0.307	0.001	0.300
neutral	0.207	0.000	0.010	0.002	0.304	0.000	0.477
sad	0.325	0.000	0.019	0.003	0.352	0.002	0.297
neutral	0.231	0.000	0.022	0.001	0.331	0.001	0.415
sad	0.273	0.000	0.030	0.001	0.461	0.001	0.235
angry	0.537	0.000	0.016	0.001	0.241	0.001	0.205
neutral	0.362	0.000	0.014	0.001	0.248	0.002	0.374
neutral	0.345	0.000	0.013	0.001	0.217	0.001	0.423
neutral	0.281	0.000	0.029	0.001	0.317	0.001	0.371
angry	0.451	0.000	0.029	0.001	0.242	0.001	0.276
angry	0.393	0.000	0.021	0.002	0.322	0.001	0.260
neutral	0.244	0.000	0.021	0.001	0.354	0.001	0.379
neutral	0.248	0.000	0.008	0.001	0.245	0.001	0.497
neutral	0.267	0.000	0.010	0.001	0.289	0.001	0.431
angry	0.388	0.000	0.018	0.001	0.286	0.001	0.307
angry	0.462	0.000	0.026	0.002	0.372	0.001	0.137
neutral	0.238	0.000	0.023	0.001	0.339	0.001	0.398
neutral	0.250	0.000	0.018	0.001	0.321	0.000	0.410
angry	0.511	0.000	0.036	0.001	0.327	0.001	0.124
sad	0.253	0.000	0.026	0.003	0.406	0.001	0.311
angry	0.505	0.000	0.033	0.001	0.339	0.000	0.121
sad	0.315	0.000	0.032	0.001	0.413	0.000	0.238
angry	0.463	0.000	0.029	0.001	0.318	0.001	0.188
angry	0.390	0.000	0.023	0.002	0.361	0.001	0.223
angry	0.452	0.000	0.045	0.001	0.350	0.001	0.151
sad	0.184	0.000	0.023	0.001	0.469	0.001	0.322
angry	0.383	0.000	0.023	0.001	0.348	0.002	0.242
sad	0.286	0.000	0.020	0.002	0.415	0.001	0.276
angry	0.517	0.000	0.028	0.001	0.327	0.001	0.126
sad	0.392	0.000	0.031	0.001	0.402	0.001	0.173
sad	0.289	0.000	0.022	0.000	0.423	0.001	0.264
sad	0.323	0.000	0.018	0.001	0.380	0.001	0.277
angry	0.502	0.000	0.024	0.001	0.318	0.001	0.155
sad	0.338	0.000	0.022	0.001	0.365	0.001	0.273
sad	0.373	0.001	0.034	0.002	0.426	0.002	0.163
angry	0.382	0.000	0.022	0.000	0.380	0.000	0.215
sad	0.284	0.001	0.040	0.002	0.478	0.002	0.194
angry	0.471	0.000	0.033	0.000	0.389	0.000	0.106
sad	0.220	0.000	0.021	0.002	0.404	0.001	0.352
neutral	0.186	0.000	0.009	0.001	0.255	0.000	0.549
angry	0.388	0.000	0.019	0.001	0.318	0.000	0.273
angry	0.620	0.000	0.026	0.001	0.223	0.000	0.130
angry	0.384	0.000	0.031	0.001	0.323	0.001	0.259
angry	0.359	0.000	0.032	0.001	0.322	0.000	0.285
angry	0.518	0.000	0.018	0.001	0.307	0.001	0.155
angry	0.468	0.000	0.022	0.002	0.338	0.001	0.169
angry	0.442	0.000	0.014	0.004	0.317	0.001	0.222
angry	0.591	0.000	0.018	0.001	0.283	0.001	0.106
angry	0.454	0.000	0.019	0.002	0.249	0.001	0.275
angry	0.462	0.000	0.032	0.001	0.305	0.000	0.199
angry	0.535	0.000	0.017	0.003	0.257	0.001	0.186
neutral	0.257	0.000	0.013	0.005	0.266	0.001	0.458
angry	0.383	0.000	0.020	0.003	0.287	0.001	0.306
angry	0.348	0.000	0.014	0.002	0.312	0.001	0.323
sad	0.304	0.000	0.025	0.001	0.379	0.001	0.291
sad	0.314	0.000	0.022	0.001	0.332	0.001	0.329
neutral	0.206	0.000	0.014	0.001	0.308	0.001	0.470
neutral	0.239	0.000	0.016	0.001	0.317	0.001	0.426
angry	0.536	0.000	0.019	0.001	0.278	0.001	0.165
angry	0.380	0.000	0.022	0.001	0.292	0.001	0.305
angry	0.539	0.000	0.034	0.001	0.251	0.002	0.172
angry	0.353	0.000	0.015	0.000	0.308	0.001	0.322
angry	0.439	0.000	0.027	0.000	0.309	0.001	0.224
neutral	0.327	0.000	0.017	0.002	0.296	0.000	0.359
neutral	0.166	0.000	0.014	0.002	0.375	0.000	0.443
sad	0.287	0.000	0.026	0.000	0.395	0.000	0.292
neutral	0.307	0.000	0.010	0.004	0.253	0.001	0.426
neutral	0.250	0.000	0.010	0.006	0.241	0.001	0.492
sad	0.327	0.000	0.027	0.000	0.418	0.000	0.227
neutral	0.223	0.000	0.012	0.001	0.339	0.000	0.424
angry	0.482	0.000	0.023	0.001	0.285	0.001	0.208
angry	0.618	0.000	0.030	0.001	0.245	0.000	0.104
neutral	0.323	0.000	0.018	0.001	0.325	0.001	0.332
neutral	0.286	0.000	0.013	0.002	0.251	0.000	0.447
neutral	0.258	0.000	0.017	0.002	0.284	0.001	0.439
neutral	0.301	0.000	0.012	0.002	0.235	0.001	0.449
angry	0.389	0.000	0.016	0.001	0.309	0.001	0.283
angry	0.388	0.000	0.011	0.002	0.261	0.001	0.337
sad	0.066	0.000	0.044	0.000	0.815	0.000	0.075
sad	0.185	0.001	0.030	0.002	0.544	0.000	0.238
neutral	0.252	0.000	0.013	0.007	0.234	0.001	0.493
neutral	0.276	0.000	0.009	0.003	0.245	0.001	0.466
angry	0.530	0.000	0.015	0.002	0.263	0.001	0.189
angry	0.377	0.000	0.015	0.002	0.312	0.001	0.293
angry	0.466	0.000	0.017	0.003	0.281	0.001	0.233
angry	0.458	0.000	0.013	0.003	0.222	0.001	0.303
angry	0.415	0.000	0.015	0.001	0.245	0.001	0.323
angry	0.474	0.000	0.011	0.002	0.247	0.001	0.265
angry	0.419	0.000	0.010	0.001	0.290	0.001	0.278
sad	0.313	0.000	0.014	0.002	0.337	0.001	0.333
angry	0.391	0.000	0.020	0.002	0.327	0.001	0.260
angry	0.398	0.000	0.022	0.002	0.298	0.001	0.279
neutral	0.289	0.000	0.016	0.002	0.327	0.001	0.365
neutral	0.361	0.000	0.015	0.001	0.259	0.000	0.363
neutral	0.230	0.000	0.012	0.002	0.364	0.001	0.391
angry	0.572	0.000	0.011	0.003	0.194	0.001	0.220
sad	0.286	0.000	0.025	0.002	0.375	0.001	0.311
angry	0.431	0.000	0.037	0.002	0.332	0.001	0.198
sad	0.167	0.000	0.024	0.001	0.406	0.001	0.401
angry	0.426	0.000	0.014	0.003	0.254	0.001	0.303
angry	0.421	0.000	0.026	0.005	0.313	0.002	0.234
angry	0.415	0.000	0.038	0.001	0.359	0.001	0.186
angry	0.423	0.000	0.026	0.001	0.323	0.001	0.225
