prediction	angry	disgust	fear	happy	sad	surprise	neutral
sad	0.078	0.000	0.024	0.015	0.508	0.003	0.372
neutral	0.140	0.000	0.058	0.012	0.246	0.005	0.538
neutral	0.090	0.000	0.061	0.016	0.257	0.007	0.571
neutral	0.047	0.000	0.054	0.009	0.231	0.013	0.646
neutral	0.062	0.000	0.037	0.013	0.152	0.012	0.724
neutral	0.042	0.000	0.072	0.019	0.219	0.015	0.633
neutral	0.055	0.000	0.060	0.021	0.169	0.015	0.680
neutral	0.065	0.000	0.150	0.026	0.170	0.036	0.555
neutral	0.071	0.000	0.071	0.022	0.192	0.023	0.622
neutral	0.052	0.000	0.037	0.012	0.142	0.023	0.734
neutral	0.081	0.000	0.077	0.040	0.172	0.016	0.614
neutral	0.038	0.000	0.074	0.019	0.213	0.015	0.642
neutral	0.062	0.000	0.064	0.036	0.173	0.028	0.637
neutral	0.060	0.000	0.068	0.013	0.136	0.037	0.687
neutral	0.048	0.000	0.101	0.022	0.222	0.028	0.577
neutral	0.053	0.000	0.062	0.022	0.200	0.016	0.646
neutral	0.058	0.000	0.081	0.015	0.195	0.012	0.640
neutral	0.058	0.000	0.048	0.018	0.151	0.024	0.700
neutral	0.061	0.000	0.093	0.029	0.101	0.050	0.666
neutral	0.047	0.000	0.063	0.013	0.178	0.023	0.676
neutral	0.079	0.000	0.082	0.023	0.147	0.018	0.651
neutral	0.072	0.000	0.069	0.025	0.190	0.018	0.627
neutral	0.063	0.000	0.085	0.028	0.191	0.023	0.611
neutral	0.065	0.000	0.070	0.033	0.186	0.017	0.629
neutral	0.060	0.000	0.055	0.021	0.136	0.015	0.714
neutral	0.040	0.000	0.078	0.021	0.112	0.018	0.732
neutral	0.127	0.000	0.055	0.024	0.199	0.018	0.578
neutral	0.180	0.000	0.114	0.020	0.164	0.012	0.511
neutral	0.067	0.000	0.086	0.028	0.144	0.025	0.648
neutral	0.042	0.000	0.084	0.021	0.121	0.021	0.711
neutral	0.107	0.000	0.126	0.026	0.157	0.038	0.545
neutral	0.079	0.000	0.098	0.022	0.129	0.032	0.640
neutral	0.047	0.000	0.055	0.019	0.133	0.022	0.725
neutral	0.065	0.000	0.070	0.030	0.170	0.019	0.647
neutral	0.051	0.000	0.068	0.017	0.159	0.017	0.688
neutral	0.063	0.000	0.113	0.016	0.205	0.028	0.575
neutral	0.079	0.000	0.046	0.021	0.233	0.013	0.609
neutral	0.098	0.000	0.061	0.024	0.213	0.014	0.589
neutral	0.090	0.000	0.055	0.015	0.178	0.013	0.650
neutral	0.102	0.000	0.078	0.023	0.177	0.011	0.609
neutral	0.094	0.000	0.066	0.015	0.267	0.010	0.548
neutral	0.075	0.000	0.096	0.032	0.180	0.016	0.601
neutral	0.065	0.000	0.067	0.019	0.235	0.012	0.602
neutral	0.077	0.000	0.081	0.023	0.216	0.011	0.591
neutral	0.116	0.000	0.045	0.021	0.213	0.008	0.597
neutral	0.140	0.000	0.060	0.007	0.293	0.008	0.493
neutral	0.130	0.000	0.051	0.008	0.235	0.006	0.569
neutral	0.108	0.000	0.063	0.018	0.225	0.015	0.571
neutral	0.082	0.000	0.072	0.031	0.177	0.025	0.613
neutral	0.067	0.000	0.098	0.023	0.163	0.026	0.623
neutral	0.065	0.000	0.052	0.033	0.173	0.017	0.660
neutral	0.072	0.000	0.095	0.058	0.219	0.023	0.533
neutral	0.063	0.000	0.061	0.043	0.238	0.013	0.581
neutral	0.108	0.000	0.067	0.027	0.204	0.012	0.583
neutral	0.039	0.000	0.061	0.040	0.148	0.017	0.695
neutral	0.070	0.000	0.056	0.025	0.217	0.009	0.623
neutral	0.064	0.000	0.087	0.025	0.183	0.019	0.623
neutral	0.060	0.000	0.082	0.020	0.275	0.018	0.546
neutral	0.104	0.000	0.051	0.022	0.183	0.013	0.627
neutral	0.090	0.000	0.071	0.015	0.243	0.017	0.565
neutral	0.044	0.000	0.025	0.015	0.100	0.012	0.805
neutral	0.057	0.000	0.046	0.018	0.157	0.015	0.708
neutral	0.056	0.000	0.054	0.011	0.156	0.017	0.705
neutral	0.038	0.000	0.065	0.018	0.146	0.030	0.703
neutral	0.026	0.000	0.046	0.036	0.094	0.026	0.772
neutral	0.043	0.000	0.066	0.035	0.128	0.019	0.709
neutral	0.056	0.000	0.084	0.040	0.090	0.019	0.710
neutral	0.040	0.000	0.090	0.032	0.075	0.039	0.725
neutral	0.039	0.000	0.066	0.028	0.124	0.036	0.708
neutral	0.027	0.000	0.063	0.031	0.133	0.014	0.731
neutral	0.039	0.000	0.065	0.038	0.142	0.038	0.679
neutral	0.049	0.000	0.064	0.042	0.103	0.026	0.717
neutral	0.164	0.000	0.103	0.034	0.149	0.028	0.521
neutral	0.055	0.000	0.069	0.029	0.105	0.022	0.720
neutral	0.071	0.000	0.072	0.047	0.109	0.027	0.674
neutral	0.078	0.000	0.077	0.036	0.138	0.032	0.640
neutral	0.070	0.000	0.076	0.025	0.167	0.043	0.621
neutral	0.055	0.000	0.048	0.034	0.137	0.027	0.698
neutral	0.101	0.000	0.082	0.029	0.155	0.048	0.585
neutral	0.032	0.000	0.087	0.044	0.152	0.024	0.661
neutral	0.042	0.000	0.074	0.045	0.122	0.025	0.692
neutral	0.049	0.000	0.067	0.050	0.098	0.039	0.696
neutral	0.034	0.000	0.050	0.049	0.116	0.038	0.713
neutral	0.065	0.000	0.064	0.054	0.094	0.022	0.701
neutral	0.066	0.000	0.078	0.032	0.119	0.035	0.669
neutral	0.031	0.000	0.066	0.055	0.098	0.051	0.699
neutral	0.028	0.000	0.067	0.037	0.097	0.013	0.758
neutral	0.027	0.000	0.037	0.038	0.071	0.016	0.811
neutral	0.046	0.000	0.057	0.026	0.142	0.033	0.696
neutral	0.053	0.000	0.123	0.085	0.171	0.067	0.501
neutral	0.077	0.000	0.083	0.019	0.194	0.028	0.599
neutral	0.043	0.000	0.053	0.033	0.103	0.038	0.730
neutral	0.074	0.000	0.039	0.032	0.122	0.023	0.710
neutral	0.066	0.000	0.037	0.014	0.161	0.021	0.701
neutral	0.031	0.000	0.027	0.014	0.120	0.013	0.795
neutral	0.059	0.000	0.026	0.015	0.137	0.016	0.746
neutral	0.059	0.000	0.039	0.018	0.182	0.016	0.686
neutral	0.098	0.000	0.066	0.015	0.178	0.011	0.632
neutral	0.038	0.000	0.026	0.019	0.107	0.017	0.792
neutral	0.034	0.000	0.048	0.065	0.081	0.032	0.741
neutral	0.051	0.000	0.049	0.036	0.150	0.013	0.700
neutral	0.026	0.000	0.058	0.073	0.053	0.027	0.763
neutral	0.052	0.000	0.108	0.094	0.094	0.085	0.568
neutral	0.033	0.000	0.045	0.045	0.097	0.017	0.764
neutral	0.065	0.000	0.032	0.024	0.102	0.013	0.765
neutral	0.078	0.000	0.080	0.035	0.124	0.035	0.648
neutral	0.097	0.000	0.090	0.029	0.177	0.030	0.576
neutral	0.097	0.000	0.075	0.019	0.245	0.043	0.521
neutral	0.189	0.000	0.101	0.015	0.165	0.030	0.498
neutral	0.079	0.000	0.088	0.027	0.233	0.008	0.565
neutral	0.098	0.000	0.029	0.013	0.372	0.007	0.481
neutral	0.153	0.000	0.021	0.033	0.301	0.013	0.479
neutral	0.082	0.000	0.047	0.020	0.328	0.017	0.506
happy	0.189	0.000	0.128	0.273	0.154	0.015	0.239
neutral	0.055	0.000	0.056	0.034	0.196	0.014	0.645
neutral	0.124	0.000	0.036	0.013	0.302	0.008	0.517
neutral	0.075	0.000	0.027	0.033	0.245	0.008	0.612
neutral	0.070	0.000	0.023	0.029	0.170	0.008	0.699
neutral	0.061	0.000	0.028	0.029	0.241	0.005	0.636
neutral	0.116	0.000	0.025	0.014	0.211	0.008	0.626
angry	0.370	0.000	0.140	0.089	0.234	0.021	0.145
neutral	0.047	0.000	0.059	0.054	0.345	0.007	0.488
neutral	0.096	0.000	0.025	0.066	0.210	0.012	0.591
neutral	0.041	0.000	0.051	0.017	0.276	0.011	0.603
neutral	0.061	0.000	0.035	0.004	0.215	0.008	0.677
neutral	0.076	0.000	0.033	0.004	0.376	0.006	0.506
neutral	0.082	0.000	0.026	0.007	0.314	0.008	0.563
neutral	0.098	0.000	0.046	0.017	0.288	0.011	0.540
neutral	0.114	0.000	0.056	0.009	0.318	0.011	0.493
neutral	0.087	0.000	0.025	0.004	0.257	0.005	0.621
neutral	0.076	0.000	0.049	0.006	0.258	0.010	0.601
neutral	0.112	0.000	0.046	0.003	0.347	0.006	0.485
neutral	0.080	0.000	0.035	0.003	0.235	0.010	0.636
neutral	0.086	0.000	0.052	0.004	0.240	0.014	0.604
neutral	0.083	0.000	0.039	0.004	0.186	0.007	0.680
neutral	0.084	0.000	0.057	0.005	0.231	0.010	0.614
neutral	0.100	0.000	0.056	0.009	0.212	0.007	0.616
neutral	0.072	0.000	0.029	0.008	0.189	0.010	0.692
neutral	0.094	0.000	0.044	0.013	0.179	0.011	0.660
neutral	0.127	0.000	0.044	0.009	0.211	0.007	0.602
neutral	0.067	0.000	0.040	0.033	0.161	0.029	0.670
neutral	0.096	0.000	0.051	0.033	0.156	0.010	0.654
neutral	0.055	0.000	0.051	0.049	0.166	0.033	0.647
neutral	0.100	0.000	0.028	0.055	0.256	0.022	0.538
neutral	0.085	0.000	0.035	0.047	0.326	0.014	0.492
neutral	0.145	0.000	0.040	0.046	0.261	0.013	0.495
neutral	0.104	0.000	0.041	0.031	0.247	0.027	0.550
neutral	0.089	0.000	0.040	0.013	0.261	0.012	0.585
neutral	0.094	0.000	0.083	0.018	0.246	0.016	0.542
neutral	0.095	0.000	0.054	0.028	0.278	0.017	0.528
neutral	0.083	0.000	0.043	0.049	0.317	0.017	0.492
neutral	0.094	0.000	0.059	0.031	0.244	0.024	0.548
neutral	0.072	0.000	0.020	0.008	0.207	0.012	0.681
neutral	0.066	0.000	0.045	0.035	0.248	0.014	0.592
neutral	0.090	0.000	0.049	0.022	0.267	0.017	0.555
neutral	0.103	0.000	0.036	0.019	0.191	0.023	0.629
neutral	0.061	0.000	0.021	0.046	0.136	0.036	0.700
neutral	0.053	0.000	0.036	0.017	0.273	0.013	0.607
neutral	0.056	0.000	0.023	0.013	0.198	0.009	0.701
neutral	0.082	0.000	0.031	0.011	0.203	0.013	0.661
neutral	0.070	0.000	0.019	0.026	0.325	0.005	0.554
neutral	0.069	0.000	0.030	0.021	0.185	0.012	0.683
neutral	0.165	0.000	0.045	0.029	0.146	0.021	0.594
neutral	0.047	0.000	0.044	0.018	0.173	0.023	0.695
neutral	0.057	0.000	0.056	0.020	0.144	0.033	0.690
neutral	0.076	0.000	0.050	0.013	0.178	0.022	0.661
neutral	0.136	0.000	0.044	0.036	0.169	0.015	0.599
neutral	0.078	0.000	0.032	0.026	0.159	0.020	0.686
neutral	0.066	0.000	0.022	0.014	0.198	0.010	0.690
neutral	0.053	0.000	0.034	0.034	0.194	0.016	0.668
neutral	0.081	0.000	0.031	0.020	0.189	0.022	0.656
neutral	0.039	0.000	0.025	0.009	0.177	0.016	0.733
neutral	0.116	0.000	0.052	0.010	0.258	0.016	0.548
neutral	0.132	0.000	0.099	0.006	0.272	0.013	0.479
neutral	0.084	0.000	0.051	0.005	0.226	0.012	0.622
neutral	0.034	0.000	0.119	0.031	0.200	0.024	0.591
neutral	0.038	0.000	0.043	0.004	0.322	0.014	0.579
neutral	0.089	0.000	0.127	0.006	0.339	0.011	0.428
sad	0.138	0.000	0.327	0.012	0.333	0.063	0.127
fear	0.064	0.000	0.460	0.012	0.118	0.219	0.127
fear	0.007	0.000	0.541	0.003	0.047	0.358	0.044
fear	0.049	0.000	0.546	0.008	0.091	0.227	0.078
angry	0.514	0.001	0.084	0.007	0.056	0.116	0.222
surprise	0.175	0.000	0.189	0.012	0.064	0.383	0.177
surprise	0.079	0.000	0.304	0.015	0.096	0.383	0.123
surprise	0.110	0.000	0.221	0.019	0.104	0.283	0.263
angry	0.329	0.000	0.142	0.028	0.189	0.041	0.270
neutral	0.212	0.001	0.125	0.040	0.098	0.071	0.452
neutral	0.223	0.003	0.122	0.249	0.025	0.107	0.271
neutral	0.346	0.001	0.047	0.033	0.043	0.048	0.482
neutral	0.135	0.000	0.162	0.052	0.057	0.085	0.508
neutral	0.150	0.000	0.160	0.095	0.074	0.067	0.454
neutral	0.174	0.001	0.098	0.104	0.040	0.093	0.490
neutral	0.233	0.000	0.101	0.039	0.068	0.059	0.499
neutral	0.176	0.000	0.159	0.046	0.058	0.069	0.492
neutral	0.337	0.001	0.124	0.043	0.063	0.057	0.375
surprise	0.123	0.001	0.335	0.021	0.018	0.472	0.031
fear	0.204	0.001	0.294	0.021	0.055	0.137	0.288
neutral	0.335	0.001	0.103	0.034	0.050	0.094	0.384
neutral	0.160	0.000	0.178	0.031	0.068	0.075	0.487
neutral	0.144	0.001	0.098	0.095	0.035	0.058	0.569
neutral	0.274	0.001	0.063	0.076	0.021	0.044	0.522
neutral	0.213	0.000	0.084	0.046	0.024	0.111	0.522
neutral	0.282	0.001	0.203	0.062	0.030	0.094	0.329
neutral	0.166	0.000	0.111	0.049	0.035	0.167	0.471
neutral	0.251	0.001	0.082	0.025	0.072	0.068	0.500
neutral	0.319	0.001	0.174	0.037	0.048	0.101	0.321
neutral	0.169	0.001	0.163	0.047	0.061	0.234	0.325
surprise	0.083	0.001	0.258	0.044	0.055	0.508	0.052
neutral	0.196	0.000	0.083	0.041	0.056	0.047	0.577
neutral	0.167	0.000	0.199	0.060	0.030	0.103	0.441
neutral	0.202	0.000	0.130	0.035	0.040	0.064	0.528
neutral	0.135	0.001	0.282	0.030	0.052	0.084	0.417
neutral	0.219	0.000	0.213	0.039	0.048	0.155	0.326
neutral	0.095	0.000	0.131	0.032	0.042	0.178	0.523
surprise	0.145	0.000	0.135	0.044	0.031	0.452	0.193
neutral	0.158	0.001	0.143	0.150	0.035	0.077	0.435
neutral	0.163	0.000	0.117	0.076	0.052	0.070	0.520
neutral	0.188	0.001	0.193	0.047	0.039	0.108	0.424
neutral	0.294	0.000	0.151	0.022	0.038	0.199	0.297
neutral	0.137	0.000	0.109	0.028	0.059	0.155	0.513
angry	0.345	0.000	0.182	0.020	0.063	0.152	0.238
angry	0.337	0.001	0.168	0.072	0.043	0.151	0.228
neutral	0.179	0.000	0.085	0.066	0.102	0.028	0.540
neutral	0.187	0.001	0.199	0.108	0.047	0.227	0.232
surprise	0.173	0.002	0.273	0.023	0.046	0.365	0.118
neutral	0.284	0.002	0.191	0.020	0.049	0.101	0.353
neutral	0.181	0.000	0.083	0.029	0.072	0.024	0.611
neutral	0.372	0.000	0.043	0.011	0.061	0.025	0.488
angry	0.448	0.000	0.094	0.017	0.034	0.032	0.375
neutral	0.047	0.000	0.189	0.152	0.039	0.114	0.460
neutral	0.086	0.000	0.146	0.069	0.037	0.121	0.541
neutral	0.121	0.001	0.233	0.228	0.056	0.110	0.250
neutral	0.171	0.001	0.191	0.055	0.058	0.144	0.379
fear	0.077	0.002	0.245	0.137	0.087	0.211	0.241
neutral	0.171	0.001	0.119	0.056	0.057	0.113	0.483
neutral	0.162	0.001	0.044	0.014	0.074	0.073	0.633
neutral	0.210	0.000	0.039	0.042	0.046	0.035	0.627
neutral	0.174	0.001	0.059	0.085	0.071	0.050	0.559
neutral	0.218	0.002	0.109	0.053	0.114	0.034	0.469
neutral	0.118	0.001	0.106	0.103	0.104	0.114	0.455
neutral	0.237	0.001	0.059	0.025	0.060	0.037	0.582
neutral	0.106	0.000	0.052	0.016	0.123	0.032	0.671
neutral	0.311	0.000	0.073	0.011	0.082	0.086	0.436
neutral	0.136	0.000	0.131	0.007	0.064	0.054	0.608
neutral	0.242	0.001	0.091	0.008	0.064	0.015	0.580
neutral	0.261	0.001	0.107	0.029	0.051	0.027	0.524
neutral	0.338	0.000	0.105	0.018	0.046	0.068	0.425
neutral	0.274	0.002	0.112	0.019	0.082	0.040	0.470
angry	0.346	0.001	0.152	0.012	0.147	0.016	0.326
neutral	0.278	0.001	0.142	0.016	0.081	0.089	0.394
neutral	0.276	0.000	0.145	0.008	0.115	0.016	0.440
neutral	0.322	0.001	0.059	0.012	0.036	0.052	0.519
neutral	0.315	0.000	0.082	0.014	0.056	0.036	0.496
neutral	0.277	0.000	0.141	0.018	0.094	0.044	0.427
neutral	0.214	0.000	0.149	0.020	0.085	0.035	0.497
neutral	0.150	0.000	0.057	0.030	0.040	0.030	0.693
neutral	0.248	0.000	0.057	0.028	0.044	0.048	0.575
neutral	0.137	0.000	0.077	0.079	0.037	0.065	0.605
neutral	0.133	0.000	0.076	0.019	0.024	0.034	0.712
neutral	0.159	0.000	0.055	0.039	0.038	0.058	0.650
neutral	0.092	0.000	0.072	0.039	0.046	0.019	0.732
neutral	0.153	0.000	0.053	0.045	0.015	0.050	0.683
neutral	0.098	0.000	0.065	0.032	0.012	0.042	0.750
angry	0.363	0.001	0.134	0.011	0.155	0.022	0.314
neutral	0.069	0.000	0.021	0.082	0.050	0.009	0.768
neutral	0.080	0.000	0.043	0.012	0.046	0.015	0.802
neutral	0.047	0.000	0.037	0.023	0.041	0.020	0.832
neutral	0.182	0.000	0.046	0.041	0.022	0.052	0.656
neutral	0.058	0.000	0.061	0.055	0.035	0.067	0.725
neutral	0.137	0.000	0.039	0.068	0.051	0.040	0.666
neutral	0.136	0.000	0.022	0.015	0.028	0.022	0.776
neutral	0.112	0.000	0.037	0.021	0.037	0.032	0.762
neutral	0.178	0.000	0.022	0.026	0.027	0.013	0.734
neutral	0.344	0.001	0.120	0.019	0.137	0.016	0.364
neutral	0.335	0.000	0.035	0.039	0.027	0.026	0.538
neutral	0.180	0.000	0.031	0.022	0.025	0.023	0.719
neutral	0.136	0.000	0.044	0.068	0.036	0.025	0.690
neutral	0.197	0.000	0.027	0.016	0.029	0.014	0.717
neutral	0.130	0.000	0.044	0.027	0.032	0.046	0.720
neutral	0.171	0.000	0.051	0.023	0.044	0.032	0.679
neutral	0.102	0.000	0.066	0.063	0.025	0.036	0.709
neutral	0.131	0.000	0.069	0.030	0.026	0.086	0.659
neutral	0.170	0.000	0.071	0.028	0.047	0.072	0.612
neutral	0.094	0.000	0.027	0.018	0.072	0.010	0.778
neutral	0.360	0.000	0.025	0.002	0.034	0.131	0.448
angry	0.560	0.002	0.019	0.000	0.164	0.026	0.230
angry	0.508	0.000	0.029	0.003	0.075	0.056	0.329
neutral	0.138	0.000	0.021	0.009	0.137	0.006	0.689
neutral	0.166	0.000	0.039	0.008	0.183	0.016	0.590
neutral	0.266	0.001	0.171	0.023	0.181	0.021	0.337
angry	0.428	0.000	0.033	0.066	0.105	0.105	0.263
neutral	0.164	0.000	0.016	0.011	0.118	0.002	0.690
neutral	0.261	0.000	0.087	0.007	0.132	0.081	0.431
neutral	0.186	0.000	0.052	0.004	0.113	0.005	0.639
neutral	0.224	0.000	0.010	0.010	0.124	0.004	0.628
neutral	0.126	0.000	0.011	0.010	0.086	0.003	0.764
neutral	0.215	0.000	0.012	0.011	0.137	0.003	0.622
neutral	0.230	0.000	0.016	0.019	0.160	0.009	0.564
neutral	0.213	0.000	0.030	0.008	0.104	0.007	0.637
neutral	0.174	0.000	0.014	0.013	0.127	0.004	0.668
neutral	0.255	0.000	0.033	0.005	0.035	0.012	0.660
neutral	0.115	0.001	0.033	0.010	0.146	0.011	0.684
angry	0.373	0.001	0.039	0.019	0.143	0.053	0.372
angry	0.526	0.001	0.031	0.011	0.075	0.032	0.325
angry	0.493	0.001	0.033	0.015	0.120	0.029	0.310
angry	0.398	0.001	0.050	0.008	0.183	0.026	0.334
neutral	0.071	0.000	0.051	0.004	0.155	0.006	0.712
neutral	0.083	0.000	0.044	0.004	0.131	0.005	0.734
neutral	0.056	0.000	0.039	0.008	0.179	0.005	0.713
neutral	0.118	0.000	0.028	0.009	0.171	0.003	0.670
neutral	0.092	0.000	0.035	0.015	0.159	0.005	0.694
neutral	0.189	0.001	0.145	0.027	0.107	0.054	0.478
angry	0.553	0.000	0.018	0.066	0.061	0.105	0.197
neutral	0.148	0.000	0.027	0.009	0.174	0.004	0.638
neutral	0.082	0.000	0.034	0.007	0.186	0.004	0.687
neutral	0.207	0.001	0.161	0.039	0.136	0.039	0.417
angry	0.510	0.000	0.014	0.066	0.085	0.081	0.244
neutral	0.166	0.000	0.050	0.013	0.106	0.015	0.649
neutral	0.106	0.000	0.112	0.034	0.108	0.052	0.588
neutral	0.243	0.000	0.100	0.015	0.085	0.038	0.519
neutral	0.075	0.000	0.015	0.009	0.129	0.001	0.771
neutral	0.248	0.000	0.022	0.015	0.029	0.016	0.670
neutral	0.086	0.000	0.044	0.015	0.135	0.006	0.713
neutral	0.243	0.000	0.027	0.011	0.043	0.016	0.660
neutral	0.229	0.000	0.042	0.014	0.089	0.008	0.619
neutral	0.211	0.000	0.022	0.008	0.067	0.009	0.683
neutral	0.207	0.000	0.146	0.013	0.065	0.112	0.456
neutral	0.121	0.000	0.103	0.016	0.096	0.047	0.617
neutral	0.116	0.000	0.056	0.014	0.064	0.019	0.731
neutral	0.123	0.000	0.082	0.009	0.039	0.055	0.691
neutral	0.218	0.001	0.036	0.013	0.034	0.013	0.687
neutral	0.057	0.000	0.064	0.022	0.078	0.016	0.764
neutral	0.114	0.000	0.056	0.007	0.023	0.029	0.771
neutral	0.084	0.000	0.076	0.024	0.082	0.021	0.713
neutral	0.234	0.000	0.094	0.011	0.144	0.014	0.503
neutral	0.142	0.000	0.033	0.006	0.037	0.009	0.774
neutral	0.066	0.000	0.034	0.012	0.041	0.008	0.839
neutral	0.086	0.000	0.056	0.028	0.065	0.041	0.723
neutral	0.208	0.000	0.021	0.006	0.033	0.009	0.723
neutral	0.222	0.000	0.040	0.007	0.043	0.017	0.671
neutral	0.174	0.000	0.090	0.007	0.066	0.098	0.565
neutral	0.153	0.000	0.067	0.014	0.046	0.038	0.681
neutral	0.134	0.000	0.160	0.014	0.090	0.083	0.519
neutral	0.114	0.000	0.023	0.013	0.053	0.010	0.787
neutral	0.089	0.000	0.063	0.011	0.043	0.059	0.735
neutral	0.173	0.000	0.071	0.013	0.057	0.032	0.654
neutral	0.261	0.000	0.028	0.002	0.057	0.014	0.638
neutral	0.251	0.000	0.048	0.005	0.150	0.027	0.519
neutral	0.244	0.001	0.062	0.007	0.168	0.035	0.484
neutral	0.191	0.000	0.116	0.013	0.109	0.048	0.523
neutral	0.231	0.000	0.053	0.006	0.036	0.025	0.648
neutral	0.230	0.000	0.041	0.009	0.029	0.085	0.604
neutral	0.243	0.000	0.082	0.018	0.031	0.060	0.565
neutral	0.178	0.000	0.120	0.011	0.118	0.042	0.531
neutral	0.167	0.000	0.042	0.019	0.058	0.051	0.664
neutral	0.109	0.000	0.071	0.029	0.129	0.029	0.633
neutral	0.089	0.000	0.040	0.008	0.051	0.008	0.804
neutral	0.212	0.000	0.045	0.010	0.058	0.031	0.645
neutral	0.173	0.000	0.114	0.013	0.103	0.042	0.554
neutral	0.131	0.000	0.036	0.012	0.028	0.016	0.776
neutral	0.087	0.000	0.059	0.030	0.078	0.034	0.711
neutral	0.125	0.000	0.043	0.015	0.037	0.018	0.763
neutral	0.115	0.000	0.031	0.015	0.048	0.014	0.777
neutral	0.304	0.000	0.065	0.005	0.056	0.030	0.540
neutral	0.238	0.000	0.052	0.014	0.047	0.022	0.626
neutral	0.392	0.001	0.043	0.007	0.041	0.039	0.477
neutral	0.183	0.000	0.075	0.005	0.063	0.032	0.642
neutral	0.220	0.000	0.112	0.013	0.099	0.026	0.530
neutral	0.151	0.000	0.058	0.016	0.072	0.026	0.677
neutral	0.243	0.000	0.041	0.008	0.068	0.016	0.623
neutral	0.207	0.001	0.086	0.022	0.069	0.030	0.585
angry	0.419	0.000	0.050	0.004	0.129	0.028	0.369
neutral	0.294	0.000	0.038	0.007	0.082	0.020	0.559
neutral	0.368	0.000	0.035	0.005	0.088	0.013	0.490
neutral	0.371	0.001	0.052	0.009	0.130	0.031	0.405
neutral	0.318	0.000	0.065	0.010	0.116	0.021	0.469
neutral	0.104	0.000	0.054	0.028	0.057	0.027	0.729
neutral	0.203	0.000	0.090	0.005	0.274	0.023	0.404
angry	0.476	0.000	0.015	0.006	0.136	0.013	0.353
neutral	0.177	0.000	0.030	0.008	0.093	0.011	0.680
neutral	0.432	0.000	0.019	0.004	0.052	0.017	0.476
neutral	0.250	0.000	0.081	0.013	0.076	0.044	0.536
neutral	0.202	0.001	0.077	0.012	0.065	0.030	0.613
neutral	0.179	0.000	0.043	0.008	0.051	0.012	0.706
neutral	0.223	0.000	0.069	0.011	0.049	0.036	0.612
neutral	0.164	0.000	0.034	0.006	0.038	0.011	0.747
neutral	0.196	0.000	0.157	0.010	0.085	0.058	0.495
neutral	0.168	0.000	0.080	0.011	0.062	0.056	0.624
neutral	0.206	0.000	0.067	0.013	0.084	0.036	0.594
neutral	0.211	0.000	0.024	0.005	0.037	0.010	0.713
neutral	0.164	0.001	0.083	0.007	0.038	0.064	0.642
neutral	0.154	0.000	0.028	0.004	0.035	0.010	0.768
neutral	0.200	0.000	0.052	0.005	0.041	0.009	0.692
neutral	0.145	0.000	0.046	0.012	0.086	0.020	0.691
neutral	0.075	0.000	0.042	0.022	0.067	0.017	0.776
neutral	0.105	0.000	0.039	0.012	0.068	0.011	0.764
neutral	0.222	0.000	0.060	0.013	0.055	0.025	0.624
neutral	0.206	0.000	0.084	0.006	0.054	0.030	0.620
neutral	0.197	0.000	0.079	0.011	0.066	0.033	0.614
neutral	0.254	0.001	0.078	0.007	0.063	0.042	0.556
neutral	0.084	0.000	0.052	0.012	0.089	0.020	0.742
neutral	0.267	0.000	0.034	0.006	0.056	0.018	0.618
neutral	0.194	0.001	0.061	0.007	0.084	0.032	0.622
neutral	0.166	0.000	0.052	0.007	0.056	0.020	0.699
neutral	0.167	0.000	0.087	0.015	0.055	0.049	0.626
neutral	0.196	0.000	0.051	0.009	0.060	0.023	0.660
neutral	0.201	0.001	0.117	0.012	0.051	0.060	0.558
neutral	0.248	0.002	0.088	0.010	0.059	0.031	0.562
neutral	0.215	0.001	0.058	0.013	0.074	0.024	0.615
neutral	0.327	0.001	0.058	0.010	0.093	0.021	0.491
neutral	0.132	0.000	0.049	0.018	0.041	0.034	0.726
neutral	0.266	0.001	0.047	0.009	0.074	0.019	0.585
neutral	0.279	0.000	0.049	0.008	0.078	0.020	0.565
neutral	0.236	0.001	0.048	0.007	0.063	0.013	0.632
neutral	0.275	0.001	0.057	0.009	0.073	0.024	0.562
neutral	0.175	0.000	0.041	0.008	0.050	0.019	0.706
neutral	0.280	0.001	0.079	0.010	0.075	0.025	0.528
neutral	0.307	0.001	0.061	0.015	0.065	0.019	0.533
neutral	0.120	0.000	0.044	0.015	0.040	0.032	0.749
neutral	0.248	0.001	0.068	0.006	0.081	0.024	0.572
neutral	0.138	0.000	0.050	0.012	0.077	0.014	0.709
neutral	0.188	0.000	0.048	0.015	0.101	0.015	0.633
neutral	0.225	0.001	0.093	0.014	0.062	0.049	0.556
neutral	0.231	0.000	0.035	0.008	0.047	0.018	0.659
neutral	0.130	0.000	0.074	0.005	0.106	0.033	0.652
neutral	0.207	0.001	0.044	0.010	0.053	0.016	0.670
neutral	0.172	0.000	0.048	0.010	0.049	0.009	0.711
neutral	0.214	0.000	0.066	0.008	0.057	0.033	0.623
neutral	0.290	0.001	0.062	0.006	0.058	0.028	0.556
neutral	0.204	0.001	0.132	0.016	0.062	0.049	0.536
neutral	0.174	0.000	0.100	0.011	0.096	0.025	0.594
neutral	0.176	0.001	0.030	0.005	0.044	0.020	0.724
neutral	0.105	0.000	0.060	0.022	0.055	0.054	0.704
neutral	0.110	0.000	0.061	0.031	0.074	0.044	0.680
neutral	0.219	0.000	0.049	0.013	0.056	0.013	0.649
neutral	0.236	0.001	0.102	0.012	0.085	0.023	0.542
neutral	0.160	0.000	0.065	0.009	0.079	0.023	0.664
neutral	0.230	0.000	0.093	0.006	0.088	0.012	0.571
neutral	0.166	0.000	0.233	0.031	0.114	0.025	0.431
neutral	0.212	0.000	0.165	0.026	0.075	0.039	0.483
neutral	0.174	0.000	0.064	0.014	0.071	0.015	0.661
neutral	0.248	0.001	0.129	0.009	0.070	0.038	0.506
neutral	0.252	0.000	0.055	0.009	0.060	0.022	0.602
neutral	0.198	0.000	0.043	0.005	0.082	0.026	0.646
neutral	0.209	0.002	0.024	0.011	0.179	0.006	0.569
neutral	0.147	0.001	0.039	0.037	0.033	0.025	0.719
neutral	0.179	0.000	0.035	0.015	0.035	0.013	0.722
neutral	0.114	0.000	0.115	0.027	0.062	0.058	0.624
neutral	0.175	0.000	0.047	0.013	0.034	0.041	0.690
neutral	0.090	0.000	0.046	0.017	0.062	0.015	0.770
neutral	0.142	0.000	0.075	0.023	0.075	0.026	0.659
angry	0.430	0.000	0.036	0.004	0.103	0.007	0.420
angry	0.512	0.001	0.042	0.005	0.104	0.027	0.309
neutral	0.158	0.000	0.036	0.012	0.095	0.022	0.677
neutral	0.235	0.000	0.036	0.016	0.130	0.012	0.570
neutral	0.311	0.000	0.058	0.012	0.075	0.028	0.516
neutral	0.349	0.000	0.067	0.008	0.103	0.021	0.451
neutral	0.160	0.000	0.032	0.014	0.074	0.015	0.704
neutral	0.363	0.000	0.058	0.013	0.101	0.019	0.447
neutral	0.298	0.000	0.071	0.008	0.118	0.013	0.492
neutral	0.076	0.000	0.024	0.030	0.028	0.020	0.822
neutral	0.081	0.000	0.051	0.029	0.174	0.008	0.657
neutral	0.119	0.000	0.042	0.037	0.091	0.012	0.699
neutral	0.166	0.000	0.089	0.024	0.176	0.016	0.529
neutral	0.257	0.000	0.061	0.019	0.107	0.013	0.543
neutral	0.283	0.000	0.034	0.007	0.061	0.016	0.599
neutral	0.192	0.000	0.056	0.013	0.092	0.011	0.636
neutral	0.103	0.000	0.062	0.027	0.119	0.012	0.676
neutral	0.347	0.001	0.034	0.007	0.041	0.041	0.530
neutral	0.278	0.000	0.087	0.010	0.104	0.051	0.470
neutral	0.109	0.000	0.016	0.017	0.051	0.008	0.798
neutral	0.123	0.000	0.034	0.020	0.091	0.015	0.716
neutral	0.238	0.000	0.026	0.031	0.124	0.010	0.570
neutral	0.156	0.000	0.016	0.008	0.114	0.007	0.698
neutral	0.149	0.000	0.019	0.012	0.072	0.008	0.741
neutral	0.188	0.001	0.014	0.021	0.062	0.007	0.706
neutral	0.182	0.000	0.028	0.016	0.178	0.011	0.585
neutral	0.099	0.000	0.046	0.045	0.160	0.013	0.637
sad	0.110	0.000	0.069	0.014	0.438	0.021	0.347
sad	0.039	0.000	0.220	0.025	0.427	0.024	0.265
sad	0.065	0.000	0.104	0.029	0.389	0.043	0.369
sad	0.101	0.000	0.026	0.027	0.431	0.020	0.395
sad	0.048	0.000	0.046	0.008	0.483	0.004	0.412
neutral	0.087	0.000	0.052	0.007	0.198	0.005	0.650
neutral	0.102	0.000	0.023	0.006	0.377	0.003	0.488
neutral	0.100	0.000	0.011	0.003	0.376	0.001	0.510
neutral	0.124	0.000	0.010	0.006	0.369	0.002	0.489
neutral	0.099	0.000	0.016	0.006	0.407	0.002	0.470
neutral	0.194	0.000	0.023	0.008	0.281	0.003	0.491
neutral	0.143	0.000	0.017	0.046	0.266	0.013	0.514
neutral	0.146	0.000	0.011	0.052	0.184	0.007	0.599
neutral	0.186	0.000	0.015	0.019	0.342	0.005	0.432
neutral	0.121	0.000	0.009	0.091	0.146	0.005	0.628
neutral	0.066	0.000	0.019	0.018	0.136	0.012	0.749
neutral	0.026	0.000	0.005	0.018	0.072	0.007	0.871
neutral	0.049	0.000	0.014	0.002	0.192	0.006	0.738
neutral	0.056	0.000	0.014	0.007	0.221	0.003	0.698
angry	0.271	0.000	0.267	0.129	0.153	0.042	0.138
neutral	0.079	0.000	0.031	0.015	0.251	0.045	0.579
neutral	0.121	0.000	0.021	0.009	0.190	0.036	0.624
neutral	0.145	0.000	0.053	0.027	0.303	0.015	0.457
neutral	0.241	0.000	0.023	0.022	0.264	0.006	0.444
neutral	0.097	0.000	0.021	0.020	0.239	0.009	0.614
neutral	0.204	0.000	0.021	0.043	0.234	0.003	0.494
neutral	0.228	0.000	0.019	0.053	0.262	0.013	0.425
sad	0.187	0.000	0.016	0.012	0.460	0.004	0.320
neutral	0.150	0.000	0.017	0.012	0.216	0.007	0.597
neutral	0.146	0.000	0.014	0.067	0.220	0.002	0.550
angry	0.341	0.000	0.267	0.098	0.104	0.032	0.159
neutral	0.043	0.000	0.061	0.043	0.102	0.020	0.732
neutral	0.202	0.000	0.034	0.010	0.040	0.040	0.674
neutral	0.236	0.000	0.031	0.008	0.119	0.014	0.592
neutral	0.278	0.000	0.022	0.010	0.088	0.004	0.598
neutral	0.274	0.000	0.016	0.019	0.062	0.004	0.625
neutral	0.176	0.000	0.086	0.027	0.057	0.030	0.624
neutral	0.253	0.000	0.041	0.030	0.026	0.015	0.635
neutral	0.239	0.000	0.068	0.077	0.052	0.019	0.544
neutral	0.343	0.000	0.049	0.053	0.072	0.014	0.469
neutral	0.261	0.000	0.058	0.039	0.095	0.018	0.529
angry	0.512	0.000	0.047	0.030	0.040	0.005	0.366
angry	0.493	0.000	0.057	0.021	0.061	0.014	0.354
neutral	0.448	0.000	0.031	0.031	0.024	0.018	0.448
angry	0.440	0.000	0.062	0.008	0.065	0.011	0.414
neutral	0.302	0.000	0.091	0.023	0.038	0.063	0.483
neutral	0.274	0.000	0.097	0.004	0.096	0.010	0.518
neutral	0.313	0.000	0.069	0.010	0.046	0.008	0.553
neutral	0.231	0.000	0.087	0.006	0.064	0.035	0.576
angry	0.429	0.007	0.011	0.071	0.045	0.063	0.375
angry	0.593	0.098	0.088	0.019	0.087	0.012	0.102
angry	0.613	0.108	0.028	0.010	0.066	0.012	0.163
angry	0.677	0.063	0.050	0.017	0.066	0.009	0.119
angry	0.559	0.132	0.075	0.022	0.100	0.010	0.103
angry	0.651	0.043	0.058	0.012	0.147	0.006	0.083
angry	0.462	0.189	0.046	0.026	0.099	0.022	0.156
angry	0.752	0.086	0.029	0.011	0.035	0.012	0.075
neutral	0.214	0.000	0.148	0.006	0.133	0.012	0.487
neutral	0.247	0.000	0.094	0.006	0.111	0.009	0.532
neutral	0.240	0.000	0.105	0.015	0.089	0.012	0.538
neutral	0.255	0.000	0.073	0.013	0.094	0.007	0.559
