prediction	angry	disgust	fear	happy	sad	surprise	neutral
neutral	0.132	0.002	0.009	0.002	0.270	0.000	0.584
neutral	0.227	0.002	0.008	0.001	0.239	0.000	0.523
neutral	0.148	0.002	0.006	0.002	0.278	0.000	0.564
neutral	0.185	0.002	0.007	0.001	0.285	0.000	0.518
neutral	0.117	0.001	0.007	0.001	0.294	0.000	0.580
neutral	0.151	0.001	0.008	0.002	0.249	0.000	0.588
neutral	0.125	0.001	0.005	0.001	0.230	0.000	0.639
neutral	0.139	0.002	0.007	0.001	0.269	0.000	0.581
neutral	0.125	0.001	0.007	0.002	0.250	0.000	0.615
neutral	0.152	0.001	0.009	0.001	0.275	0.000	0.562
neutral	0.150	0.001	0.009	0.001	0.326	0.000	0.513
neutral	0.131	0.001	0.007	0.001	0.325	0.000	0.535
neutral	0.149	0.001	0.008	0.001	0.368	0.000	0.473
neutral	0.171	0.001	0.009	0.001	0.362	0.000	0.455
neutral	0.219	0.002	0.007	0.001	0.322	0.000	0.449
neutral	0.168	0.001	0.004	0.002	0.336	0.000	0.488
neutral	0.189	0.001	0.004	0.002	0.263	0.000	0.540
neutral	0.309	0.006	0.010	0.001	0.286	0.000	0.388
neutral	0.262	0.003	0.008	0.001	0.308	0.000	0.418
neutral	0.206	0.004	0.008	0.001	0.347	0.000	0.434
neutral	0.255	0.004	0.005	0.001	0.295	0.000	0.440
neutral	0.213	0.004	0.008	0.001	0.269	0.000	0.504
neutral	0.216	0.004	0.008	0.001	0.373	0.000	0.397
neutral	0.205	0.002	0.005	0.001	0.236	0.000	0.551
sad	0.178	0.004	0.020	0.002	0.453	0.000	0.343
sad	0.134	0.002	0.011	0.001	0.449	0.000	0.403
neutral	0.219	0.003	0.008	0.001	0.283	0.000	0.486
neutral	0.201	0.002	0.005	0.002	0.292	0.000	0.498
neutral	0.260	0.003	0.007	0.001	0.236	0.000	0.492
neutral	0.262	0.003	0.008	0.001	0.213	0.000	0.513
neutral	0.203	0.001	0.007	0.001	0.256	0.000	0.531
neutral	0.223	0.002	0.007	0.001	0.203	0.000	0.564
neutral	0.223	0.002	0.007	0.001	0.255	0.000	0.511
neutral	0.179	0.001	0.006	0.001	0.293	0.000	0.519
neutral	0.198	0.001	0.009	0.001	0.224	0.000	0.567
neutral	0.250	0.004	0.010	0.001	0.248	0.000	0.487
neutral	0.140	0.002	0.005	0.001	0.221	0.000	0.631
neutral	0.181	0.004	0.008	0.001	0.279	0.000	0.527
neutral	0.155	0.002	0.009	0.001	0.272	0.000	0.560
neutral	0.186	0.004	0.006	0.001	0.160	0.000	0.643
neutral	0.185	0.001	0.019	0.001	0.199	0.000	0.594
neutral	0.092	0.003	0.018	0.001	0.394	0.000	0.492
sad	0.053	0.009	0.046	0.001	0.729	0.000	0.161
sad	0.182	0.009	0.055	0.000	0.625	0.000	0.128
sad	0.175	0.003	0.053	0.001	0.437	0.000	0.331
sad	0.215	0.027	0.054	0.001	0.425	0.000	0.278
sad	0.227	0.055	0.162	0.000	0.439	0.000	0.118
sad	0.204	0.092	0.159	0.000	0.399	0.000	0.145
sad	0.265	0.137	0.126	0.000	0.344	0.000	0.128
sad	0.282	0.080	0.151	0.000	0.293	0.000	0.193
angry	0.357	0.056	0.087	0.001	0.311	0.000	0.188
sad	0.287	0.033	0.094	0.000	0.389	0.000	0.197
angry	0.436	0.074	0.126	0.000	0.273	0.000	0.091
angry	0.358	0.146	0.170	0.000	0.245	0.000	0.081
sad	0.189	0.190	0.089	0.000	0.409	0.000	0.122
angry	0.332	0.224	0.082	0.000	0.291	0.001	0.071
angry	0.467	0.020	0.055	0.002	0.389	0.001	0.066
sad	0.334	0.027	0.129	0.003	0.431	0.001	0.074
sad	0.142	0.005	0.079	0.022	0.409	0.001	0.343
sad	0.104	0.016	0.052	0.107	0.432	0.001	0.289
sad	0.101	0.010	0.061	0.161	0.385	0.001	0.281
sad	0.096	0.032	0.052	0.159	0.350	0.001	0.312
sad	0.121	0.007	0.051	0.107	0.404	0.000	0.309
sad	0.153	0.010	0.040	0.115	0.377	0.000	0.304
neutral	0.122	0.016	0.029	0.069	0.347	0.000	0.417
sad	0.192	0.005	0.042	0.083	0.363	0.000	0.315
sad	0.164	0.007	0.041	0.055	0.369	0.000	0.363
sad	0.237	0.008	0.058	0.039	0.367	0.000	0.291
sad	0.220	0.017	0.050	0.020	0.440	0.000	0.253
sad	0.276	0.005	0.038	0.006	0.456	0.000	0.219
sad	0.355	0.014	0.024	0.005	0.436	0.000	0.165
sad	0.322	0.011	0.023	0.003	0.486	0.000	0.154
sad	0.310	0.004	0.024	0.003	0.479	0.000	0.180
sad	0.346	0.004	0.018	0.002	0.388	0.000	0.242
sad	0.218	0.002	0.016	0.005	0.401	0.000	0.358
neutral	0.192	0.001	0.011	0.010	0.355	0.000	0.431
neutral	0.109	0.002	0.018	0.026	0.406	0.000	0.439
sad	0.105	0.005	0.008	0.027	0.478	0.000	0.377
sad	0.104	0.005	0.014	0.017	0.467	0.000	0.392
sad	0.118	0.002	0.013	0.017	0.450	0.000	0.401
sad	0.192	0.001	0.011	0.017	0.424	0.000	0.354
neutral	0.205	0.001	0.023	0.015	0.376	0.000	0.380
neutral	0.123	0.001	0.024	0.019	0.351	0.000	0.483
neutral	0.097	0.001	0.014	0.004	0.330	0.000	0.554
neutral	0.224	0.004	0.026	0.001	0.358	0.000	0.387
sad	0.182	0.009	0.064	0.001	0.374	0.000	0.369
sad	0.158	0.024	0.039	0.001	0.518	0.000	0.260
sad	0.145	0.031	0.047	0.001	0.539	0.001	0.237
sad	0.195	0.152	0.234	0.001	0.294	0.052	0.071
sad	0.195	0.081	0.138	0.000	0.447	0.025	0.114
angry	0.339	0.114	0.099	0.000	0.337	0.007	0.104
sad	0.308	0.054	0.063	0.001	0.348	0.004	0.222
sad	0.200	0.022	0.082	0.001	0.357	0.008	0.330
neutral	0.276	0.008	0.030	0.007	0.239	0.001	0.439
neutral	0.278	0.002	0.019	0.027	0.197	0.001	0.476
sad	0.261	0.006	0.099	0.095	0.273	0.127	0.139
sad	0.218	0.014	0.170	0.050	0.421	0.059	0.068
angry	0.382	0.009	0.135	0.070	0.182	0.021	0.201
angry	0.404	0.003	0.159	0.009	0.248	0.004	0.174
sad	0.198	0.000	0.061	0.023	0.417	0.001	0.300
neutral	0.213	0.000	0.126	0.027	0.233	0.016	0.384
neutral	0.308	0.001	0.053	0.009	0.247	0.001	0.382
neutral	0.188	0.000	0.054	0.010	0.332	0.002	0.413
neutral	0.244	0.001	0.044	0.007	0.291	0.002	0.411
neutral	0.218	0.002	0.082	0.005	0.339	0.002	0.352
sad	0.144	0.021	0.305	0.003	0.376	0.017	0.134
sad	0.188	0.011	0.254	0.005	0.382	0.013	0.147
sad	0.157	0.001	0.139	0.017	0.473	0.012	0.201
neutral	0.130	0.000	0.035	0.058	0.129	0.002	0.647
neutral	0.307	0.000	0.021	0.018	0.186	0.001	0.467
sad	0.239	0.001	0.124	0.019	0.423	0.012	0.182
angry	0.355	0.017	0.138	0.005	0.322	0.006	0.157
neutral	0.262	0.003	0.111	0.014	0.289	0.008	0.314
sad	0.096	0.001	0.148	0.021	0.393	0.010	0.330
sad	0.148	0.004	0.228	0.005	0.344	0.005	0.266
sad	0.123	0.006	0.222	0.003	0.413	0.005	0.227
sad	0.104	0.015	0.163	0.003	0.541	0.009	0.165
sad	0.180	0.014	0.247	0.003	0.421	0.061	0.073
sad	0.178	0.004	0.182	0.004	0.468	0.071	0.092
sad	0.123	0.000	0.184	0.014	0.371	0.013	0.295
sad	0.162	0.000	0.150	0.024	0.335	0.011	0.319
sad	0.182	0.001	0.140	0.012	0.345	0.006	0.315
sad	0.129	0.000	0.153	0.010	0.367	0.015	0.326
sad	0.166	0.002	0.161	0.005	0.362	0.008	0.297
sad	0.162	0.003	0.090	0.004	0.469	0.003	0.269
sad	0.134	0.002	0.092	0.005	0.513	0.004	0.250
sad	0.204	0.003	0.086	0.003	0.612	0.004	0.088
sad	0.125	0.002	0.076	0.005	0.623	0.005	0.165
neutral	0.219	0.000	0.033	0.049	0.189	0.001	0.508
neutral	0.188	0.000	0.014	0.046	0.157	0.000	0.595
neutral	0.183	0.000	0.054	0.034	0.114	0.004	0.611
sad	0.158	0.001	0.176	0.020	0.323	0.005	0.318
sad	0.149	0.002	0.212	0.015	0.407	0.020	0.195
sad	0.181	0.002	0.144	0.008	0.426	0.005	0.233
sad	0.144	0.002	0.049	0.009	0.563	0.002	0.231
sad	0.238	0.006	0.067	0.009	0.417	0.003	0.260
sad	0.265	0.011	0.182	0.003	0.411	0.009	0.119
sad	0.163	0.008	0.235	0.003	0.462	0.038	0.090
sad	0.170	0.020	0.300	0.006	0.307	0.081	0.116
sad	0.066	0.022	0.226	0.003	0.504	0.020	0.159
sad	0.106	0.012	0.137	0.002	0.584	0.009	0.151
sad	0.094	0.001	0.151	0.002	0.511	0.008	0.233
sad	0.141	0.001	0.159	0.003	0.464	0.010	0.222
sad	0.098	0.001	0.160	0.011	0.410	0.008	0.312
sad	0.089	0.000	0.124	0.021	0.386	0.004	0.375
neutral	0.038	0.000	0.066	0.014	0.387	0.009	0.485
neutral	0.034	0.000	0.043	0.030	0.214	0.002	0.677
neutral	0.057	0.000	0.042	0.017	0.232	0.001	0.652
neutral	0.078	0.000	0.098	0.020	0.352	0.006	0.446
sad	0.103	0.000	0.201	0.016	0.538	0.034	0.108
sad	0.193	0.000	0.212	0.005	0.509	0.029	0.053
sad	0.083	0.000	0.254	0.008	0.411	0.012	0.232
sad	0.257	0.005	0.059	0.010	0.510	0.002	0.157
sad	0.238	0.017	0.080	0.006	0.442	0.003	0.213
sad	0.181	0.011	0.048	0.003	0.451	0.000	0.306
sad	0.171	0.009	0.069	0.002	0.503	0.001	0.246
sad	0.118	0.032	0.102	0.002	0.541	0.002	0.204
sad	0.115	0.030	0.098	0.002	0.544	0.002	0.210
sad	0.285	0.024	0.031	0.002	0.373	0.001	0.284
sad	0.281	0.061	0.077	0.001	0.485	0.006	0.089
sad	0.297	0.026	0.122	0.001	0.403	0.007	0.145
sad	0.252	0.028	0.205	0.001	0.444	0.012	0.058
sad	0.225	0.012	0.316	0.001	0.351	0.052	0.043
sad	0.218	0.023	0.208	0.002	0.464	0.018	0.067
angry	0.313	0.043	0.067	0.009	0.304	0.002	0.262
angry	0.431	0.066	0.074	0.003	0.259	0.001	0.166
angry	0.412	0.091	0.050	0.003	0.256	0.001	0.186
sad	0.285	0.062	0.077	0.001	0.415	0.004	0.157
sad	0.263	0.019	0.045	0.001	0.434	0.002	0.237
angry	0.357	0.014	0.053	0.002	0.321	0.002	0.251
sad	0.223	0.009	0.042	0.003	0.407	0.002	0.314
sad	0.146	0.010	0.042	0.002	0.479	0.002	0.320
neutral	0.264	0.005	0.016	0.014	0.238	0.000	0.462
angry	0.491	0.007	0.026	0.010	0.158	0.001	0.307
angry	0.461	0.010	0.182	0.002	0.266	0.032	0.047
angry	0.515	0.018	0.198	0.003	0.152	0.074	0.039
angry	0.430	0.013	0.250	0.004	0.136	0.121	0.046
sad	0.250	0.006	0.146	0.001	0.535	0.029	0.031
sad	0.194	0.002	0.112	0.010	0.546	0.024	0.111
angry	0.413	0.001	0.029	0.008	0.226	0.001	0.324
angry	0.463	0.000	0.037	0.006	0.248	0.001	0.244
neutral	0.279	0.000	0.027	0.009	0.173	0.001	0.511
neutral	0.290	0.000	0.023	0.009	0.194	0.001	0.484
neutral	0.301	0.000	0.027	0.005	0.266	0.001	0.399
neutral	0.302	0.000	0.028	0.004	0.272	0.000	0.394
neutral	0.339	0.000	0.030	0.006	0.251	0.001	0.374
neutral	0.277	0.000	0.026	0.006	0.178	0.001	0.512
neutral	0.297	0.000	0.035	0.005	0.247	0.001	0.414
neutral	0.189	0.000	0.052	0.005	0.232	0.003	0.520
neutral	0.158	0.000	0.047	0.004	0.220	0.002	0.569
neutral	0.172	0.000	0.057	0.004	0.204	0.003	0.559
neutral	0.117	0.000	0.051	0.004	0.276	0.002	0.550
neutral	0.152	0.000	0.047	0.004	0.250	0.002	0.545
neutral	0.197	0.000	0.058	0.005	0.293	0.004	0.443
neutral	0.145	0.000	0.060	0.004	0.304	0.003	0.483
neutral	0.220	0.000	0.047	0.003	0.252	0.002	0.475
neutral	0.332	0.000	0.043	0.003	0.258	0.002	0.361
neutral	0.269	0.000	0.035	0.003	0.264	0.002	0.427
neutral	0.260	0.000	0.044	0.003	0.307	0.001	0.384
neutral	0.288	0.000	0.045	0.003	0.262	0.002	0.401
neutral	0.257	0.000	0.039	0.003	0.281	0.002	0.417
neutral	0.253	0.000	0.042	0.003	0.252	0.001	0.448
neutral	0.274	0.000	0.033	0.002	0.293	0.001	0.397
neutral	0.293	0.000	0.024	0.002	0.221	0.002	0.458
angry	0.350	0.000	0.023	0.002	0.277	0.002	0.346
neutral	0.324	0.000	0.020	0.002	0.268	0.001	0.385
sad	0.332	0.000	0.022	0.001	0.347	0.001	0.297
angry	0.380	0.001	0.022	0.001	0.359	0.001	0.236
angry	0.357	0.001	0.015	0.001	0.344	0.002	0.281
angry	0.363	0.001	0.013	0.001	0.346	0.002	0.275
sad	0.326	0.001	0.014	0.001	0.409	0.001	0.249
neutral	0.249	0.001	0.011	0.001	0.364	0.001	0.374
neutral	0.249	0.001	0.016	0.001	0.338	0.001	0.394
sad	0.256	0.001	0.012	0.001	0.370	0.001	0.360
sad	0.287	0.001	0.009	0.000	0.383	0.000	0.319
sad	0.317	0.002	0.008	0.000	0.373	0.000	0.299
sad	0.289	0.002	0.008	0.001	0.391	0.001	0.309
sad	0.253	0.001	0.009	0.000	0.460	0.000	0.276
sad	0.293	0.002	0.010	0.000	0.404	0.000	0.291
angry	0.379	0.002	0.008	0.000	0.373	0.000	0.238
sad	0.340	0.002	0.009	0.000	0.379	0.000	0.269
sad	0.335	0.002	0.010	0.000	0.364	0.001	0.289
sad	0.318	0.003	0.012	0.000	0.434	0.001	0.233
sad	0.289	0.002	0.012	0.001	0.422	0.001	0.274
sad	0.317	0.002	0.010	0.000	0.451	0.000	0.219
sad	0.328	0.003	0.013	0.000	0.370	0.001	0.286
sad	0.337	0.003	0.008	0.000	0.379	0.001	0.272
sad	0.299	0.002	0.010	0.000	0.405	0.001	0.284
sad	0.293	0.002	0.010	0.000	0.450	0.000	0.246
sad	0.294	0.001	0.009	0.000	0.457	0.000	0.238
sad	0.272	0.002	0.008	0.000	0.491	0.000	0.227
sad	0.249	0.002	0.010	0.000	0.433	0.000	0.306
sad	0.297	0.001	0.009	0.000	0.423	0.000	0.269
sad	0.279	0.002	0.013	0.000	0.509	0.000	0.197
sad	0.256	0.002	0.011	0.000	0.466	0.000	0.264
sad	0.275	0.002	0.011	0.000	0.485	0.000	0.226
sad	0.258	0.001	0.014	0.000	0.515	0.000	0.211
sad	0.238	0.001	0.016	0.000	0.565	0.000	0.180
sad	0.283	0.001	0.012	0.000	0.452	0.000	0.252
sad	0.284	0.001	0.014	0.000	0.464	0.001	0.236
neutral	0.178	0.001	0.014	0.000	0.401	0.003	0.403
sad	0.139	0.000	0.044	0.000	0.412	0.023	0.382
sad	0.065	0.000	0.039	0.000	0.678	0.002	0.216
sad	0.044	0.001	0.077	0.001	0.595	0.004	0.280
sad	0.046	0.000	0.032	0.000	0.742	0.000	0.178
sad	0.034	0.000	0.042	0.000	0.769	0.000	0.154
sad	0.054	0.000	0.015	0.000	0.683	0.000	0.247
sad	0.062	0.000	0.020	0.000	0.730	0.000	0.188
sad	0.131	0.002	0.031	0.001	0.598	0.000	0.237
sad	0.062	0.001	0.020	0.000	0.732	0.000	0.186
sad	0.116	0.002	0.023	0.000	0.663	0.000	0.196
sad	0.063	0.000	0.026	0.000	0.760	0.000	0.149
sad	0.105	0.001	0.022	0.000	0.652	0.000	0.220
sad	0.071	0.001	0.019	0.000	0.700	0.000	0.209
sad	0.065	0.000	0.016	0.000	0.728	0.000	0.191
sad	0.122	0.001	0.027	0.000	0.602	0.000	0.247
sad	0.129	0.001	0.032	0.000	0.569	0.000	0.268
sad	0.148	0.001	0.027	0.001	0.569	0.000	0.253
sad	0.126	0.001	0.025	0.000	0.605	0.000	0.242
sad	0.136	0.001	0.026	0.001	0.630	0.000	0.206
sad	0.127	0.001	0.026	0.000	0.630	0.000	0.215
sad	0.193	0.002	0.020	0.000	0.611	0.000	0.173
sad	0.165	0.001	0.019	0.001	0.611	0.000	0.202
sad	0.173	0.002	0.020	0.000	0.665	0.000	0.140
sad	0.181	0.002	0.017	0.001	0.641	0.000	0.159
sad	0.156	0.001	0.020	0.000	0.673	0.000	0.149
sad	0.114	0.002	0.019	0.000	0.664	0.000	0.201
sad	0.170	0.002	0.015	0.000	0.680	0.000	0.133
sad	0.178	0.003	0.016	0.000	0.650	0.000	0.151
sad	0.159	0.002	0.021	0.000	0.691	0.000	0.127
sad	0.195	0.001	0.020	0.001	0.655	0.000	0.128
sad	0.162	0.002	0.015	0.001	0.661	0.000	0.160
sad	0.143	0.001	0.017	0.001	0.641	0.000	0.198
sad	0.115	0.001	0.023	0.000	0.626	0.000	0.235
sad	0.091	0.001	0.015	0.000	0.653	0.000	0.239
sad	0.114	0.001	0.012	0.000	0.688	0.000	0.184
sad	0.177	0.001	0.014	0.000	0.602	0.000	0.206
sad	0.115	0.005	0.015	0.000	0.578	0.000	0.287
sad	0.119	0.002	0.008	0.000	0.638	0.000	0.232
sad	0.112	0.002	0.010	0.000	0.679	0.000	0.198
sad	0.238	0.006	0.009	0.000	0.511	0.001	0.235
sad	0.206	0.002	0.009	0.000	0.484	0.001	0.299
sad	0.103	0.001	0.010	0.000	0.716	0.000	0.170
sad	0.097	0.001	0.009	0.000	0.743	0.000	0.149
sad	0.070	0.000	0.008	0.000	0.776	0.000	0.146
sad	0.096	0.001	0.009	0.000	0.705	0.000	0.188
sad	0.096	0.001	0.011	0.000	0.721	0.000	0.172
sad	0.106	0.002	0.008	0.000	0.667	0.000	0.217
sad	0.101	0.001	0.010	0.000	0.715	0.000	0.173
sad	0.122	0.002	0.010	0.000	0.632	0.000	0.233
sad	0.247	0.007	0.008	0.000	0.490	0.000	0.247
sad	0.264	0.005	0.013	0.000	0.443	0.001	0.274
sad	0.299	0.008	0.008	0.000	0.458	0.001	0.227
angry	0.393	0.001	0.015	0.000	0.309	0.003	0.280
sad	0.270	0.002	0.022	0.000	0.373	0.011	0.323
angry	0.342	0.002	0.018	0.000	0.302	0.008	0.329
angry	0.371	0.003	0.019	0.000	0.307	0.015	0.285
sad	0.264	0.002	0.023	0.000	0.408	0.008	0.296
neutral	0.300	0.001	0.027	0.000	0.318	0.015	0.339
angry	0.401	0.002	0.015	0.000	0.300	0.004	0.277
angry	0.357	0.001	0.024	0.000	0.339	0.004	0.274
sad	0.113	0.001	0.017	0.000	0.542	0.000	0.327
sad	0.130	0.001	0.017	0.000	0.654	0.000	0.197
sad	0.144	0.001	0.019	0.001	0.612	0.000	0.224
sad	0.109	0.001	0.021	0.000	0.619	0.000	0.249
sad	0.108	0.001	0.018	0.000	0.613	0.000	0.260
sad	0.131	0.001	0.022	0.000	0.635	0.000	0.210
sad	0.164	0.000	0.023	0.001	0.585	0.000	0.227
sad	0.206	0.001	0.024	0.001	0.580	0.000	0.188
sad	0.116	0.000	0.013	0.000	0.669	0.000	0.201
sad	0.143	0.000	0.023	0.001	0.644	0.000	0.188
sad	0.147	0.000	0.022	0.001	0.616	0.000	0.213
sad	0.117	0.001	0.011	0.000	0.694	0.000	0.177
sad	0.153	0.001	0.016	0.000	0.690	0.000	0.140
sad	0.212	0.003	0.011	0.000	0.638	0.000	0.135
sad	0.146	0.004	0.013	0.000	0.651	0.000	0.184
sad	0.213	0.002	0.016	0.000	0.518	0.000	0.250
sad	0.319	0.002	0.017	0.000	0.459	0.001	0.203
sad	0.259	0.001	0.015	0.000	0.464	0.001	0.261
sad	0.250	0.002	0.017	0.000	0.471	0.000	0.259
sad	0.242	0.001	0.017	0.000	0.448	0.001	0.291
sad	0.266	0.001	0.016	0.000	0.437	0.000	0.279
sad	0.258	0.006	0.016	0.000	0.401	0.001	0.319
sad	0.220	0.004	0.019	0.000	0.447	0.001	0.309
sad	0.300	0.005	0.018	0.001	0.389	0.001	0.287
sad	0.257	0.003	0.010	0.001	0.379	0.001	0.349
neutral	0.242	0.001	0.009	0.001	0.310	0.001	0.438
neutral	0.151	0.000	0.027	0.001	0.287	0.002	0.531
neutral	0.106	0.000	0.045	0.002	0.316	0.005	0.526
neutral	0.128	0.000	0.057	0.005	0.372	0.005	0.433
sad	0.145	0.000	0.094	0.005	0.396	0.005	0.354
neutral	0.237	0.000	0.077	0.005	0.294	0.002	0.386
angry	0.338	0.000	0.050	0.003	0.294	0.001	0.314
angry	0.323	0.000	0.056	0.002	0.318	0.001	0.300
angry	0.550	0.000	0.022	0.004	0.195	0.001	0.228
neutral	0.314	0.000	0.030	0.008	0.260	0.002	0.386
sad	0.299	0.000	0.026	0.012	0.351	0.001	0.311
neutral	0.315	0.000	0.017	0.007	0.327	0.001	0.333
sad	0.327	0.000	0.017	0.006	0.344	0.001	0.305
neutral	0.288	0.000	0.019	0.003	0.240	0.001	0.448
neutral	0.214	0.000	0.034	0.006	0.268	0.003	0.475
neutral	0.229	0.000	0.043	0.005	0.263	0.004	0.455
neutral	0.231	0.000	0.052	0.005	0.237	0.009	0.465
neutral	0.230	0.000	0.032	0.004	0.253	0.008	0.472
neutral	0.158	0.000	0.031	0.008	0.219	0.005	0.579
neutral	0.122	0.000	0.043	0.006	0.251	0.011	0.565
neutral	0.111	0.000	0.072	0.004	0.285	0.010	0.517
neutral	0.076	0.000	0.090	0.002	0.319	0.007	0.506
neutral	0.066	0.000	0.082	0.002	0.359	0.007	0.484
neutral	0.064	0.000	0.099	0.002	0.371	0.008	0.457
neutral	0.058	0.000	0.068	0.002	0.311	0.008	0.553
neutral	0.060	0.000	0.079	0.002	0.326	0.009	0.522
sad	0.062	0.000	0.137	0.002	0.463	0.004	0.331
neutral	0.073	0.000	0.100	0.004	0.355	0.006	0.461
neutral	0.056	0.000	0.055	0.002	0.332	0.004	0.551
neutral	0.076	0.000	0.123	0.003	0.373	0.009	0.415
neutral	0.074	0.000	0.126	0.004	0.359	0.007	0.429
neutral	0.060	0.000	0.100	0.004	0.382	0.005	0.449
neutral	0.075	0.000	0.069	0.003	0.330	0.004	0.519
neutral	0.060	0.000	0.089	0.003	0.310	0.006	0.532
neutral	0.078	0.000	0.052	0.004	0.264	0.005	0.597
neutral	0.112	0.000	0.079	0.004	0.327	0.008	0.470
neutral	0.053	0.000	0.056	0.004	0.262	0.003	0.623
neutral	0.087	0.000	0.079	0.004	0.349	0.006	0.474
neutral	0.059	0.000	0.073	0.005	0.341	0.004	0.518
neutral	0.075	0.000	0.061	0.006	0.280	0.005	0.572
neutral	0.066	0.000	0.075	0.004	0.374	0.004	0.476
neutral	0.070	0.000	0.067	0.004	0.322	0.003	0.534
neutral	0.057	0.000	0.065	0.004	0.339	0.003	0.533
neutral	0.054	0.000	0.061	0.005	0.307	0.002	0.571
neutral	0.059	0.000	0.044	0.004	0.261	0.002	0.631
neutral	0.113	0.000	0.070	0.004	0.357	0.002	0.453
neutral	0.051	0.000	0.052	0.004	0.361	0.003	0.529
neutral	0.065	0.000	0.077	0.002	0.399	0.004	0.453
neutral	0.052	0.000	0.054	0.004	0.305	0.004	0.580
neutral	0.053	0.000	0.067	0.003	0.328	0.004	0.546
neutral	0.119	0.000	0.044	0.001	0.352	0.003	0.480
sad	0.087	0.000	0.049	0.002	0.478	0.001	0.382
neutral	0.082	0.000	0.069	0.001	0.388	0.002	0.458
neutral	0.145	0.000	0.069	0.002	0.374	0.002	0.408
sad	0.172	0.001	0.086	0.006	0.418	0.005	0.311
sad	0.233	0.000	0.041	0.008	0.435	0.002	0.281
sad	0.202	0.000	0.070	0.001	0.465	0.001	0.260
angry	0.395	0.000	0.086	0.002	0.257	0.003	0.256
angry	0.514	0.000	0.056	0.001	0.257	0.001	0.171
angry	0.374	0.000	0.079	0.002	0.323	0.002	0.220
sad	0.271	0.000	0.056	0.002	0.382	0.002	0.287
sad	0.139	0.000	0.074	0.003	0.463	0.004	0.315
sad	0.132	0.000	0.064	0.004	0.508	0.002	0.291
sad	0.126	0.000	0.086	0.002	0.510	0.004	0.271
sad	0.104	0.000	0.128	0.001	0.531	0.004	0.231
sad	0.115	0.000	0.107	0.002	0.550	0.002	0.224
sad	0.115	0.000	0.086	0.002	0.587	0.002	0.207
sad	0.130	0.000	0.080	0.001	0.584	0.001	0.202
sad	0.077	0.000	0.064	0.002	0.522	0.001	0.332
sad	0.087	0.000	0.084	0.003	0.428	0.004	0.394
sad	0.078	0.000	0.088	0.003	0.509	0.004	0.318
sad	0.067	0.000	0.089	0.002	0.480	0.002	0.359
neutral	0.051	0.000	0.080	0.002	0.399	0.002	0.466
sad	0.049	0.000	0.064	0.001	0.452	0.002	0.431
neutral	0.053	0.000	0.054	0.002	0.397	0.002	0.492
neutral	0.051	0.000	0.049	0.002	0.430	0.004	0.464
sad	0.071	0.001	0.056	0.002	0.547	0.002	0.322
sad	0.104	0.001	0.075	0.001	0.611	0.002	0.207
sad	0.090	0.001	0.091	0.001	0.520	0.002	0.295
sad	0.099	0.002	0.076	0.001	0.595	0.001	0.226
sad	0.065	0.002	0.079	0.001	0.631	0.001	0.222
sad	0.082	0.002	0.132	0.000	0.616	0.001	0.166
sad	0.065	0.001	0.127	0.001	0.604	0.002	0.199
sad	0.058	0.001	0.137	0.001	0.560	0.003	0.240
sad	0.053	0.001	0.120	0.001	0.563	0.003	0.259
sad	0.094	0.001	0.106	0.001	0.513	0.004	0.281
sad	0.065	0.000	0.116	0.001	0.517	0.005	0.296
sad	0.064	0.001	0.075	0.001	0.581	0.002	0.276
sad	0.061	0.000	0.059	0.001	0.528	0.002	0.350
sad	0.031	0.000	0.055	0.001	0.653	0.000	0.259
sad	0.029	0.001	0.077	0.001	0.672	0.001	0.219
sad	0.024	0.001	0.044	0.001	0.743	0.001	0.186
sad	0.042	0.001	0.030	0.001	0.685	0.000	0.240
sad	0.055	0.001	0.042	0.001	0.732	0.000	0.169
sad	0.054	0.000	0.062	0.001	0.650	0.001	0.232
sad	0.064	0.000	0.063	0.001	0.571	0.002	0.299
sad	0.059	0.000	0.066	0.001	0.547	0.003	0.324
sad	0.066	0.001	0.072	0.001	0.531	0.002	0.328
sad	0.074	0.000	0.080	0.001	0.562	0.002	0.281
sad	0.079	0.000	0.065	0.001	0.520	0.002	0.334
sad	0.066	0.000	0.069	0.001	0.520	0.003	0.341
sad	0.081	0.000	0.068	0.001	0.446	0.003	0.401
sad	0.076	0.000	0.069	0.001	0.461	0.005	0.387
sad	0.065	0.000	0.077	0.001	0.558	0.005	0.294
sad	0.060	0.000	0.066	0.001	0.446	0.005	0.421
sad	0.074	0.000	0.069	0.001	0.455	0.004	0.396
sad	0.066	0.001	0.075	0.001	0.537	0.003	0.317
sad	0.041	0.000	0.054	0.001	0.551	0.002	0.351
sad	0.036	0.000	0.043	0.001	0.649	0.001	0.270
sad	0.037	0.000	0.041	0.001	0.545	0.002	0.375
sad	0.038	0.000	0.036	0.001	0.522	0.001	0.400
sad	0.046	0.000	0.057	0.001	0.581	0.002	0.313
sad	0.043	0.000	0.049	0.001	0.618	0.002	0.287
sad	0.045	0.000	0.053	0.001	0.537	0.002	0.362
sad	0.031	0.000	0.048	0.001	0.580	0.001	0.339
sad	0.043	0.000	0.050	0.001	0.518	0.002	0.385
sad	0.046	0.000	0.046	0.001	0.549	0.002	0.357
sad	0.040	0.000	0.039	0.001	0.533	0.001	0.385
sad	0.044	0.000	0.039	0.001	0.586	0.001	0.329
sad	0.043	0.000	0.048	0.001	0.579	0.001	0.327
sad	0.049	0.000	0.056	0.001	0.618	0.001	0.274
sad	0.045	0.000	0.042	0.001	0.556	0.001	0.354
sad	0.045	0.000	0.044	0.002	0.498	0.001	0.411
sad	0.056	0.000	0.053	0.001	0.628	0.001	0.260
sad	0.040	0.000	0.041	0.001	0.543	0.002	0.373
sad	0.050	0.000	0.054	0.001	0.623	0.001	0.269
sad	0.043	0.000	0.037	0.002	0.513	0.001	0.404
sad	0.051	0.000	0.042	0.001	0.579	0.001	0.326
sad	0.060	0.000	0.054	0.001	0.592	0.002	0.291
sad	0.039	0.000	0.043	0.001	0.542	0.001	0.373
sad	0.058	0.000	0.051	0.001	0.634	0.002	0.254
sad	0.068	0.000	0.068	0.001	0.591	0.002	0.270
sad	0.059	0.001	0.066	0.001	0.612	0.002	0.260
sad	0.055	0.000	0.050	0.001	0.602	0.002	0.290
sad	0.064	0.000	0.059	0.001	0.633	0.002	0.241
sad	0.056	0.000	0.064	0.001	0.652	0.001	0.225
sad	0.048	0.000	0.073	0.001	0.576	0.002	0.299
sad	0.027	0.001	0.057	0.002	0.675	0.001	0.238
sad	0.026	0.000	0.070	0.002	0.589	0.001	0.311
sad	0.035	0.000	0.051	0.001	0.614	0.001	0.298
sad	0.039	0.000	0.045	0.001	0.640	0.001	0.273
sad	0.053	0.001	0.059	0.001	0.625	0.001	0.262
sad	0.049	0.000	0.058	0.001	0.615	0.001	0.274
sad	0.041	0.001	0.055	0.001	0.554	0.001	0.347
sad	0.041	0.000	0.051	0.001	0.571	0.001	0.334
sad	0.054	0.000	0.047	0.002	0.570	0.001	0.326
sad	0.050	0.000	0.051	0.002	0.549	0.001	0.347
sad	0.044	0.001	0.062	0.001	0.568	0.001	0.324
sad	0.048	0.000	0.062	0.001	0.554	0.001	0.334
sad	0.051	0.000	0.067	0.001	0.549	0.001	0.330
sad	0.043	0.001	0.068	0.001	0.569	0.001	0.318
sad	0.051	0.000	0.044	0.002	0.569	0.001	0.332
sad	0.038	0.000	0.058	0.001	0.550	0.001	0.352
sad	0.047	0.001	0.060	0.002	0.547	0.002	0.342
sad	0.051	0.000	0.062	0.001	0.612	0.002	0.272
sad	0.061	0.001	0.061	0.001	0.535	0.002	0.340
sad	0.042	0.000	0.054	0.001	0.543	0.002	0.357
sad	0.049	0.001	0.049	0.001	0.600	0.002	0.298
sad	0.054	0.000	0.055	0.001	0.514	0.002	0.374
sad	0.046	0.000	0.061	0.001	0.524	0.001	0.367
sad	0.058	0.000	0.046	0.001	0.509	0.002	0.384
sad	0.056	0.000	0.050	0.002	0.536	0.002	0.353
sad	0.068	0.000	0.057	0.001	0.520	0.002	0.351
sad	0.053	0.000	0.060	0.001	0.522	0.003	0.360
sad	0.051	0.000	0.057	0.001	0.501	0.002	0.388
sad	0.055	0.000	0.053	0.001	0.518	0.002	0.370
sad	0.050	0.000	0.053	0.001	0.531	0.003	0.362
sad	0.054	0.000	0.060	0.001	0.607	0.001	0.276
sad	0.035	0.000	0.053	0.002	0.583	0.001	0.326
sad	0.047	0.000	0.048	0.002	0.583	0.002	0.319
sad	0.062	0.000	0.049	0.002	0.545	0.002	0.340
sad	0.039	0.000	0.085	0.001	0.565	0.001	0.309
sad	0.044	0.000	0.061	0.001	0.590	0.001	0.304
sad	0.031	0.000	0.057	0.001	0.674	0.001	0.237
sad	0.056	0.000	0.059	0.001	0.689	0.000	0.194
sad	0.053	0.000	0.058	0.001	0.652	0.000	0.236
sad	0.082	0.001	0.116	0.001	0.520	0.001	0.279
sad	0.048	0.000	0.121	0.000	0.561	0.001	0.270
sad	0.056	0.000	0.143	0.000	0.563	0.000	0.237
sad	0.079	0.001	0.090	0.000	0.603	0.001	0.227
sad	0.071	0.001	0.111	0.001	0.623	0.001	0.192
sad	0.036	0.000	0.120	0.001	0.621	0.002	0.221
sad	0.039	0.000	0.098	0.000	0.733	0.000	0.128
sad	0.045	0.000	0.056	0.001	0.594	0.001	0.304
sad	0.059	0.000	0.077	0.001	0.638	0.000	0.224
sad	0.098	0.001	0.101	0.000	0.577	0.000	0.223
sad	0.087	0.000	0.078	0.000	0.480	0.000	0.353
sad	0.128	0.000	0.138	0.000	0.555	0.001	0.178
sad	0.127	0.000	0.131	0.001	0.572	0.001	0.168
sad	0.098	0.000	0.105	0.001	0.616	0.001	0.178
sad	0.094	0.001	0.103	0.001	0.648	0.001	0.152
sad	0.054	0.000	0.067	0.002	0.663	0.001	0.213
sad	0.076	0.000	0.101	0.001	0.686	0.002	0.135
sad	0.138	0.000	0.084	0.002	0.574	0.003	0.200
sad	0.095	0.000	0.097	0.002	0.582	0.003	0.220
sad	0.115	0.000	0.065	0.001	0.571	0.001	0.246
sad	0.113	0.000	0.052	0.001	0.630	0.001	0.203
sad	0.085	0.000	0.045	0.001	0.448	0.003	0.417
sad	0.151	0.000	0.067	0.001	0.523	0.002	0.256
sad	0.133	0.000	0.064	0.002	0.444	0.002	0.354
sad	0.105	0.000	0.078	0.001	0.464	0.002	0.350
sad	0.123	0.000	0.066	0.001	0.542	0.002	0.265
sad	0.103	0.000	0.059	0.001	0.623	0.001	0.213
sad	0.080	0.000	0.052	0.001	0.633	0.000	0.233
sad	0.084	0.000	0.057	0.001	0.611	0.001	0.246
sad	0.095	0.000	0.067	0.001	0.661	0.000	0.176
sad	0.104	0.000	0.062	0.001	0.668	0.000	0.165
sad	0.103	0.000	0.055	0.001	0.625	0.000	0.217
