prediction	angry	disgust	fear	happy	sad	surprise	neutral
neutral	0.217	0.001	0.006	0.024	0.223	0.008	0.521
neutral	0.124	0.000	0.005	0.003	0.194	0.004	0.670
neutral	0.226	0.000	0.010	0.004	0.297	0.004	0.458
neutral	0.117	0.000	0.022	0.006	0.390	0.007	0.458
sad	0.148	0.000	0.022	0.007	0.486	0.004	0.334
sad	0.106	0.000	0.015	0.006	0.526	0.004	0.342
sad	0.079	0.000	0.013	0.002	0.598	0.001	0.305
sad	0.143	0.000	0.027	0.005	0.576	0.004	0.246
sad	0.176	0.000	0.081	0.005	0.336	0.073	0.330
sad	0.127	0.000	0.036	0.004	0.452	0.008	0.372
sad	0.192	0.000	0.015	0.003	0.441	0.003	0.347
sad	0.184	0.000	0.010	0.011	0.445	0.002	0.348
neutral	0.156	0.000	0.010	0.011	0.355	0.002	0.465
neutral	0.125	0.000	0.012	0.002	0.257	0.004	0.601
neutral	0.047	0.000	0.027	0.010	0.378	0.006	0.532
neutral	0.065	0.000	0.025	0.020	0.266	0.003	0.621
neutral	0.082	0.000	0.016	0.027	0.148	0.004	0.723
neutral	0.052	0.000	0.012	0.107	0.132	0.004	0.693
neutral	0.038	0.000	0.007	0.044	0.099	0.004	0.808
neutral	0.064	0.000	0.012	0.062	0.099	0.011	0.752
neutral	0.063	0.000	0.013	0.046	0.186	0.007	0.685
neutral	0.084	0.000	0.005	0.031	0.210	0.000	0.671
neutral	0.056	0.000	0.018	0.031	0.334	0.003	0.559
neutral	0.093	0.000	0.012	0.030	0.278	0.004	0.583
neutral	0.116	0.000	0.026	0.010	0.293	0.005	0.551
neutral	0.160	0.000	0.038	0.029	0.201	0.048	0.524
neutral	0.116	0.000	0.047	0.031	0.200	0.055	0.550
neutral	0.220	0.000	0.065	0.014	0.263	0.059	0.378
neutral	0.159	0.000	0.075	0.015	0.198	0.139	0.413
neutral	0.110	0.000	0.077	0.006	0.378	0.030	0.399
neutral	0.089	0.000	0.047	0.009	0.206	0.054	0.595
neutral	0.171	0.001	0.056	0.008	0.307	0.055	0.402
neutral	0.168	0.001	0.044	0.011	0.257	0.037	0.482
neutral	0.150	0.001	0.046	0.010	0.338	0.042	0.413
neutral	0.116	0.000	0.039	0.020	0.275	0.021	0.529
happy	0.118	0.001	0.051	0.403	0.211	0.036	0.180
neutral	0.121	0.000	0.056	0.022	0.359	0.015	0.426
sad	0.122	0.000	0.097	0.016	0.444	0.019	0.302
neutral	0.095	0.000	0.036	0.020	0.287	0.020	0.542
neutral	0.097	0.000	0.035	0.033	0.332	0.020	0.483
sad	0.168	0.001	0.049	0.026	0.438	0.013	0.305
sad	0.135	0.001	0.067	0.008	0.483	0.006	0.299
sad	0.072	0.000	0.113	0.054	0.581	0.014	0.166
neutral	0.152	0.001	0.082	0.045	0.325	0.035	0.361
sad	0.047	0.000	0.063	0.005	0.613	0.002	0.271
sad	0.078	0.000	0.060	0.006	0.486	0.005	0.366
neutral	0.218	0.000	0.033	0.017	0.201	0.031	0.500
neutral	0.170	0.000	0.068	0.020	0.194	0.166	0.382
neutral	0.216	0.001	0.139	0.013	0.238	0.127	0.266
surprise	0.201	0.002	0.174	0.033	0.237	0.261	0.091
surprise	0.074	0.001	0.358	0.024	0.091	0.438	0.013
surprise	0.089	0.002	0.341	0.006	0.075	0.475	0.012
surprise	0.048	0.000	0.173	0.021	0.149	0.558	0.052
angry	0.429	0.000	0.015	0.007	0.241	0.158	0.150
surprise	0.020	0.001	0.178	0.038	0.030	0.730	0.003
surprise	0.079	0.000	0.198	0.081	0.076	0.560	0.005
happy	0.063	0.000	0.088	0.527	0.161	0.144	0.018
happy	0.092	0.001	0.045	0.642	0.163	0.013	0.045
happy	0.229	0.000	0.044	0.327	0.277	0.007	0.116
angry	0.439	0.000	0.069	0.042	0.378	0.002	0.070
sad	0.154	0.000	0.060	0.009	0.649	0.001	0.127
sad	0.062	0.001	0.036	0.019	0.687	0.001	0.194
sad	0.087	0.001	0.062	0.118	0.528	0.047	0.157
fear	0.076	0.000	0.351	0.153	0.203	0.192	0.025
sad	0.144	0.001	0.035	0.060	0.478	0.003	0.279
sad	0.088	0.001	0.041	0.076	0.690	0.005	0.100
sad	0.153	0.001	0.156	0.162	0.434	0.060	0.034
sad	0.125	0.000	0.081	0.187	0.453	0.030	0.124
surprise	0.143	0.000	0.113	0.054	0.329	0.342	0.019
surprise	0.039	0.003	0.214	0.022	0.104	0.600	0.019
sad	0.206	0.003	0.060	0.003	0.613	0.019	0.097
sad	0.092	0.003	0.264	0.010	0.499	0.063	0.068
sad	0.160	0.001	0.044	0.013	0.631	0.007	0.144
sad	0.096	0.000	0.038	0.003	0.758	0.003	0.102
sad	0.172	0.001	0.090	0.023	0.569	0.021	0.126
sad	0.189	0.000	0.029	0.026	0.441	0.047	0.267
sad	0.173	0.000	0.013	0.006	0.661	0.001	0.145
sad	0.046	0.000	0.296	0.036	0.366	0.172	0.083
fear	0.036	0.000	0.369	0.044	0.297	0.227	0.026
sad	0.234	0.001	0.033	0.011	0.461	0.002	0.258
sad	0.328	0.002	0.037	0.025	0.353	0.005	0.250
sad	0.218	0.003	0.091	0.050	0.510	0.063	0.066
sad	0.148	0.005	0.096	0.140	0.371	0.176	0.065
sad	0.037	0.001	0.127	0.140	0.451	0.028	0.216
sad	0.068	0.001	0.021	0.216	0.425	0.006	0.263
sad	0.112	0.001	0.089	0.196	0.477	0.030	0.095
surprise	0.134	0.001	0.097	0.072	0.162	0.526	0.009
sad	0.226	0.003	0.111	0.090	0.456	0.048	0.066
sad	0.098	0.002	0.032	0.042	0.649	0.008	0.169
sad	0.071	0.000	0.013	0.003	0.795	0.001	0.117
neutral	0.132	0.001	0.040	0.068	0.360	0.008	0.393
sad	0.172	0.000	0.140	0.025	0.473	0.022	0.167
sad	0.125	0.001	0.031	0.062	0.438	0.005	0.337
surprise	0.018	0.000	0.078	0.001	0.122	0.748	0.033
sad	0.126	0.000	0.033	0.013	0.632	0.022	0.174
sad	0.043	0.000	0.134	0.006	0.352	0.251	0.214
surprise	0.110	0.000	0.198	0.020	0.241	0.400	0.029
surprise	0.063	0.001	0.163	0.067	0.220	0.472	0.014
neutral	0.112	0.000	0.131	0.119	0.292	0.024	0.321
sad	0.101	0.001	0.176	0.127	0.468	0.010	0.117
sad	0.243	0.001	0.146	0.047	0.463	0.022	0.077
sad	0.068	0.000	0.072	0.043	0.629	0.006	0.182
sad	0.059	0.000	0.072	0.031	0.646	0.002	0.190
sad	0.054	0.000	0.029	0.042	0.536	0.005	0.336
fear	0.136	0.000	0.372	0.039	0.254	0.177	0.023
fear	0.086	0.000	0.307	0.063	0.215	0.293	0.037
sad	0.122	0.000	0.167	0.136	0.311	0.224	0.041
sad	0.046	0.000	0.171	0.052	0.520	0.020	0.190
sad	0.062	0.000	0.081	0.043	0.577	0.004	0.233
sad	0.062	0.000	0.043	0.015	0.625	0.003	0.252
sad	0.091	0.000	0.031	0.013	0.461	0.004	0.401
neutral	0.113	0.000	0.015	0.027	0.410	0.006	0.429
neutral	0.141	0.000	0.026	0.022	0.380	0.008	0.424
neutral	0.093	0.000	0.021	0.022	0.384	0.004	0.476
sad	0.082	0.000	0.038	0.043	0.478	0.003	0.357
sad	0.121	0.000	0.038	0.025	0.597	0.003	0.216
sad	0.066	0.000	0.038	0.011	0.652	0.003	0.231
sad	0.078	0.000	0.044	0.019	0.633	0.004	0.223
sad	0.072	0.000	0.039	0.011	0.678	0.003	0.197
sad	0.132	0.000	0.039	0.015	0.537	0.008	0.268
sad	0.056	0.000	0.031	0.008	0.567	0.003	0.335
sad	0.087	0.000	0.024	0.005	0.569	0.002	0.312
sad	0.097	0.000	0.024	0.005	0.576	0.002	0.295
sad	0.093	0.000	0.029	0.013	0.593	0.003	0.268
sad	0.092	0.000	0.021	0.007	0.597	0.003	0.281
sad	0.098	0.000	0.027	0.004	0.618	0.002	0.251
sad	0.078	0.000	0.019	0.002	0.588	0.001	0.312
sad	0.134	0.000	0.030	0.002	0.647	0.002	0.185
sad	0.140	0.000	0.028	0.002	0.664	0.004	0.162
sad	0.212	0.000	0.036	0.002	0.564	0.007	0.179
sad	0.224	0.000	0.032	0.004	0.518	0.015	0.207
sad	0.156	0.000	0.024	0.005	0.436	0.008	0.371
sad	0.147	0.000	0.031	0.004	0.519	0.010	0.289
neutral	0.102	0.000	0.015	0.004	0.404	0.002	0.473
neutral	0.130	0.000	0.009	0.004	0.350	0.002	0.505
sad	0.063	0.000	0.020	0.002	0.484	0.001	0.429
sad	0.110	0.000	0.024	0.002	0.467	0.003	0.393
sad	0.117	0.000	0.024	0.001	0.593	0.001	0.264
sad	0.122	0.000	0.017	0.002	0.656	0.001	0.203
neutral	0.126	0.000	0.012	0.002	0.409	0.001	0.449
neutral	0.113	0.000	0.013	0.002	0.421	0.002	0.448
sad	0.194	0.000	0.013	0.002	0.418	0.002	0.371
sad	0.088	0.000	0.017	0.003	0.488	0.002	0.402
sad	0.148	0.000	0.019	0.005	0.456	0.003	0.369
neutral	0.111	0.000	0.012	0.002	0.396	0.002	0.478
sad	0.063	0.000	0.014	0.001	0.531	0.001	0.390
neutral	0.106	0.000	0.012	0.002	0.436	0.001	0.443
sad	0.128	0.000	0.018	0.003	0.433	0.001	0.417
sad	0.151	0.000	0.015	0.002	0.565	0.001	0.267
sad	0.077	0.000	0.021	0.001	0.635	0.000	0.265
sad	0.121	0.000	0.034	0.002	0.587	0.001	0.256
sad	0.126	0.000	0.025	0.001	0.640	0.001	0.207
sad	0.153	0.000	0.024	0.002	0.531	0.001	0.289
sad	0.163	0.000	0.020	0.002	0.566	0.001	0.248
sad	0.123	0.000	0.027	0.001	0.479	0.002	0.368
sad	0.126	0.000	0.017	0.001	0.566	0.001	0.290
sad	0.161	0.000	0.021	0.001	0.528	0.001	0.288
sad	0.137	0.000	0.017	0.002	0.528	0.001	0.314
sad	0.118	0.000	0.012	0.001	0.556	0.001	0.312
sad	0.091	0.000	0.017	0.002	0.539	0.001	0.350
sad	0.088	0.000	0.012	0.001	0.533	0.000	0.365
sad	0.086	0.000	0.019	0.001	0.550	0.001	0.343
sad	0.111	0.000	0.012	0.002	0.524	0.001	0.350
neutral	0.085	0.000	0.010	0.004	0.416	0.002	0.483
sad	0.103	0.000	0.010	0.002	0.594	0.001	0.291
sad	0.063	0.000	0.023	0.001	0.662	0.000	0.251
sad	0.097	0.000	0.015	0.002	0.690	0.001	0.195
sad	0.085	0.000	0.017	0.002	0.480	0.002	0.414
sad	0.179	0.000	0.013	0.002	0.432	0.002	0.371
sad	0.121	0.000	0.025	0.003	0.493	0.004	0.354
sad	0.092	0.000	0.016	0.003	0.474	0.002	0.413
neutral	0.120	0.000	0.016	0.002	0.410	0.002	0.449
neutral	0.150	0.000	0.016	0.004	0.408	0.002	0.421
sad	0.176	0.000	0.019	0.002	0.421	0.002	0.380
neutral	0.178	0.000	0.016	0.002	0.348	0.002	0.453
neutral	0.164	0.000	0.014	0.002	0.398	0.001	0.421
neutral	0.116	0.000	0.012	0.007	0.334	0.002	0.528
sad	0.099	0.000	0.017	0.003	0.489	0.001	0.392
neutral	0.116	0.000	0.014	0.004	0.422	0.002	0.442
neutral	0.159	0.000	0.011	0.005	0.342	0.003	0.480
neutral	0.062	0.000	0.009	0.004	0.383	0.001	0.541
neutral	0.156	0.000	0.011	0.005	0.336	0.002	0.489
neutral	0.153	0.000	0.012	0.005	0.354	0.002	0.474
neutral	0.170	0.000	0.010	0.008	0.341	0.003	0.466
sad	0.090	0.000	0.014	0.002	0.572	0.001	0.320
neutral	0.176	0.000	0.010	0.010	0.323	0.003	0.477
sad	0.110	0.000	0.015	0.001	0.619	0.001	0.255
sad	0.136	0.000	0.008	0.001	0.602	0.000	0.253
sad	0.175	0.000	0.021	0.002	0.430	0.004	0.368
sad	0.161	0.000	0.036	0.001	0.494	0.010	0.299
neutral	0.119	0.000	0.015	0.001	0.406	0.004	0.455
sad	0.147	0.000	0.037	0.001	0.479	0.005	0.331
sad	0.098	0.000	0.027	0.001	0.738	0.000	0.137
sad	0.136	0.000	0.021	0.002	0.548	0.002	0.290
sad	0.162	0.000	0.019	0.002	0.415	0.003	0.399
sad	0.123	0.000	0.022	0.001	0.514	0.002	0.338
sad	0.113	0.000	0.017	0.001	0.547	0.001	0.322
sad	0.180	0.000	0.019	0.001	0.411	0.002	0.386
sad	0.170	0.000	0.012	0.001	0.461	0.003	0.353
sad	0.169	0.000	0.031	0.001	0.535	0.008	0.256
sad	0.157	0.000	0.034	0.001	0.545	0.008	0.255
sad	0.216	0.000	0.034	0.001	0.512	0.008	0.229
sad	0.118	0.001	0.036	0.002	0.578	0.005	0.261
neutral	0.119	0.001	0.022	0.002	0.373	0.006	0.477
sad	0.108	0.001	0.014	0.003	0.571	0.004	0.300
sad	0.205	0.001	0.032	0.003	0.450	0.008	0.301
sad	0.152	0.000	0.026	0.002	0.544	0.003	0.273
sad	0.149	0.000	0.035	0.002	0.525	0.003	0.285
sad	0.162	0.000	0.017	0.004	0.421	0.004	0.393
sad	0.075	0.000	0.134	0.058	0.542	0.006	0.185
sad	0.114	0.000	0.028	0.002	0.458	0.004	0.394
sad	0.101	0.000	0.016	0.005	0.461	0.003	0.414
sad	0.096	0.000	0.161	0.045	0.529	0.006	0.164
neutral	0.063	0.000	0.022	0.017	0.319	0.004	0.574
neutral	0.056	0.000	0.085	0.116	0.249	0.049	0.444
sad	0.070	0.000	0.175	0.036	0.547	0.006	0.167
happy	0.032	0.000	0.011	0.477	0.073	0.011	0.395
happy	0.010	0.000	0.003	0.565	0.021	0.004	0.397
happy	0.022	0.000	0.004	0.548	0.035	0.004	0.387
neutral	0.047	0.000	0.009	0.060	0.095	0.007	0.783
neutral	0.058	0.000	0.006	0.017	0.128	0.004	0.788
neutral	0.130	0.000	0.025	0.009	0.353	0.008	0.475
neutral	0.073	0.000	0.008	0.005	0.244	0.003	0.667
neutral	0.111	0.000	0.015	0.003	0.291	0.009	0.571
sad	0.096	0.000	0.024	0.002	0.487	0.005	0.386
neutral	0.111	0.000	0.024	0.002	0.404	0.007	0.451
neutral	0.106	0.000	0.027	0.004	0.348	0.012	0.503
neutral	0.115	0.000	0.028	0.002	0.387	0.007	0.461
neutral	0.138	0.000	0.054	0.003	0.371	0.043	0.390
sad	0.183	0.000	0.021	0.002	0.444	0.014	0.336
neutral	0.117	0.000	0.028	0.002	0.384	0.007	0.462
sad	0.095	0.000	0.027	0.001	0.514	0.002	0.360
sad	0.076	0.000	0.020	0.001	0.498	0.001	0.402
sad	0.074	0.000	0.174	0.110	0.508	0.007	0.126
sad	0.085	0.000	0.020	0.002	0.457	0.003	0.433
neutral	0.063	0.000	0.014	0.004	0.406	0.002	0.511
sad	0.082	0.000	0.022	0.002	0.588	0.003	0.303
sad	0.122	0.000	0.023	0.002	0.464	0.005	0.384
neutral	0.099	0.000	0.015	0.002	0.441	0.002	0.441
sad	0.131	0.000	0.025	0.002	0.507	0.004	0.332
sad	0.141	0.000	0.016	0.001	0.513	0.002	0.326
neutral	0.108	0.000	0.023	0.003	0.333	0.005	0.528
neutral	0.073	0.000	0.026	0.005	0.436	0.003	0.457
sad	0.115	0.000	0.040	0.006	0.448	0.005	0.386
sad	0.149	0.000	0.022	0.001	0.510	0.003	0.316
sad	0.109	0.000	0.023	0.002	0.498	0.002	0.367
sad	0.086	0.000	0.023	0.001	0.475	0.001	0.413
sad	0.101	0.000	0.026	0.001	0.469	0.002	0.400
sad	0.098	0.000	0.023	0.003	0.437	0.003	0.435
neutral	0.109	0.000	0.019	0.004	0.256	0.006	0.607
neutral	0.069	0.000	0.016	0.009	0.185	0.011	0.710
neutral	0.034	0.000	0.007	0.051	0.143	0.006	0.759
neutral	0.065	0.000	0.006	0.139	0.140	0.006	0.643
neutral	0.072	0.000	0.009	0.133	0.128	0.014	0.644
neutral	0.066	0.000	0.016	0.049	0.193	0.008	0.667
neutral	0.081	0.000	0.012	0.026	0.254	0.003	0.624
neutral	0.059	0.000	0.016	0.038	0.215	0.008	0.664
neutral	0.041	0.000	0.010	0.046	0.194	0.007	0.701
neutral	0.086	0.000	0.025	0.038	0.235	0.008	0.609
neutral	0.083	0.000	0.015	0.009	0.318	0.002	0.574
neutral	0.058	0.000	0.012	0.035	0.181	0.010	0.704
neutral	0.080	0.000	0.009	0.007	0.235	0.003	0.665
neutral	0.056	0.000	0.012	0.022	0.201	0.007	0.702
neutral	0.059	0.000	0.019	0.011	0.269	0.003	0.639
neutral	0.127	0.000	0.007	0.004	0.294	0.001	0.567
neutral	0.099	0.000	0.008	0.001	0.224	0.002	0.666
neutral	0.161	0.000	0.017	0.001	0.332	0.004	0.486
neutral	0.096	0.000	0.014	0.001	0.356	0.001	0.532
neutral	0.067	0.000	0.033	0.002	0.353	0.002	0.542
neutral	0.089	0.001	0.032	0.003	0.368	0.002	0.504
neutral	0.067	0.000	0.032	0.002	0.389	0.002	0.507
neutral	0.081	0.000	0.019	0.003	0.323	0.002	0.571
sad	0.104	0.000	0.027	0.002	0.454	0.002	0.411
neutral	0.078	0.000	0.013	0.003	0.319	0.001	0.585
neutral	0.165	0.000	0.012	0.003	0.366	0.002	0.451
neutral	0.120	0.000	0.019	0.005	0.298	0.003	0.555
sad	0.146	0.001	0.046	0.007	0.450	0.006	0.345
sad	0.112	0.001	0.034	0.006	0.477	0.003	0.367
neutral	0.126	0.000	0.024	0.001	0.414	0.003	0.431
neutral	0.114	0.000	0.011	0.001	0.418	0.002	0.454
sad	0.134	0.000	0.015	0.001	0.448	0.001	0.400
neutral	0.188	0.000	0.009	0.001	0.312	0.001	0.489
neutral	0.164	0.000	0.006	0.004	0.326	0.000	0.499
neutral	0.101	0.000	0.010	0.001	0.272	0.001	0.616
sad	0.129	0.000	0.015	0.001	0.499	0.000	0.355
neutral	0.115	0.000	0.013	0.004	0.356	0.001	0.511
neutral	0.105	0.000	0.008	0.003	0.391	0.001	0.492
neutral	0.120	0.000	0.011	0.002	0.394	0.001	0.472
sad	0.091	0.000	0.007	0.001	0.454	0.000	0.447
sad	0.082	0.000	0.012	0.001	0.462	0.001	0.442
neutral	0.131	0.000	0.011	0.003	0.375	0.001	0.479
