prediction	angry	disgust	fear	happy	sad	surprise	neutral
neutral	0.016	0.000	0.014	0.072	0.045	0.001	0.852
neutral	0.025	0.000	0.021	0.190	0.117	0.000	0.647
neutral	0.027	0.000	0.025	0.077	0.154	0.002	0.715
neutral	0.044	0.000	0.031	0.027	0.134	0.003	0.761
neutral	0.049	0.000	0.038	0.054	0.138	0.004	0.717
neutral	0.024	0.000	0.027	0.080	0.151	0.000	0.717
neutral	0.022	0.000	0.015	0.132	0.104	0.001	0.726
neutral	0.025	0.000	0.025	0.044	0.109	0.002	0.794
neutral	0.020	0.000	0.016	0.078	0.063	0.001	0.822
neutral	0.028	0.000	0.029	0.144	0.110	0.002	0.687
neutral	0.025	0.000	0.030	0.145	0.123	0.001	0.676
neutral	0.026	0.000	0.038	0.138	0.157	0.001	0.639
neutral	0.029	0.000	0.028	0.037	0.181	0.002	0.724
neutral	0.024	0.000	0.022	0.138	0.083	0.001	0.732
neutral	0.035	0.000	0.026	0.127	0.239	0.001	0.573
neutral	0.022	0.000	0.017	0.047	0.134	0.004	0.777
neutral	0.016	0.000	0.009	0.137	0.079	0.000	0.758
neutral	0.023	0.000	0.009	0.073	0.094	0.000	0.802
neutral	0.042	0.000	0.029	0.038	0.175	0.004	0.712
neutral	0.016	0.000	0.014	0.027	0.164	0.002	0.776
neutral	0.019	0.000	0.024	0.028	0.216	0.001	0.713
neutral	0.087	0.000	0.025	0.025	0.234	0.002	0.628
neutral	0.027	0.000	0.016	0.066	0.100	0.000	0.791
neutral	0.023	0.000	0.034	0.055	0.156	0.001	0.731
neutral	0.033	0.000	0.024	0.006	0.166	0.000	0.771
neutral	0.032	0.000	0.029	0.035	0.147	0.001	0.755
neutral	0.017	0.000	0.022	0.019	0.080	0.001	0.861
neutral	0.015	0.000	0.013	0.025	0.139	0.000	0.807
neutral	0.021	0.000	0.021	0.007	0.155	0.000	0.796
neutral	0.019	0.000	0.013	0.058	0.058	0.000	0.852
neutral	0.016	0.000	0.013	0.031	0.064	0.000	0.876
neutral	0.009	0.000	0.006	0.026	0.032	0.000	0.926
neutral	0.072	0.000	0.033	0.030	0.207	0.001	0.657
neutral	0.038	0.000	0.025	0.019	0.171	0.001	0.746
neutral	0.049	0.000	0.034	0.015	0.246	0.002	0.654
neutral	0.054	0.000	0.040	0.009	0.182	0.001	0.713
neutral	0.016	0.000	0.013	0.171	0.080	0.000	0.719
neutral	0.041	0.000	0.012	0.230	0.171	0.001	0.545
neutral	0.054	0.000	0.042	0.038	0.259	0.001	0.607
sad	0.041	0.000	0.048	0.003	0.512	0.001	0.393
neutral	0.056	0.000	0.024	0.038	0.226	0.001	0.654
neutral	0.088	0.000	0.052	0.032	0.374	0.001	0.453
neutral	0.029	0.000	0.064	0.010	0.264	0.001	0.632
neutral	0.031	0.000	0.077	0.034	0.206	0.003	0.648
neutral	0.098	0.001	0.051	0.044	0.303	0.002	0.501
neutral	0.034	0.000	0.021	0.051	0.212	0.001	0.681
neutral	0.027	0.000	0.051	0.020	0.196	0.002	0.703
neutral	0.054	0.000	0.029	0.037	0.305	0.001	0.573
neutral	0.067	0.000	0.023	0.026	0.204	0.001	0.679
neutral	0.064	0.000	0.043	0.026	0.264	0.001	0.601
neutral	0.029	0.000	0.035	0.014	0.145	0.001	0.776
neutral	0.030	0.000	0.028	0.076	0.165	0.001	0.700
neutral	0.046	0.000	0.032	0.091	0.196	0.002	0.634
neutral	0.065	0.000	0.048	0.025	0.272	0.002	0.588
neutral	0.018	0.000	0.023	0.047	0.131	0.001	0.780
neutral	0.015	0.000	0.010	0.086	0.060	0.002	0.826
neutral	0.037	0.000	0.033	0.103	0.204	0.005	0.618
neutral	0.017	0.000	0.010	0.057	0.091	0.001	0.824
neutral	0.051	0.000	0.029	0.070	0.138	0.002	0.710
neutral	0.024	0.000	0.021	0.028	0.165	0.001	0.761
neutral	0.051	0.000	0.022	0.039	0.176	0.001	0.710
neutral	0.032	0.000	0.024	0.033	0.193	0.001	0.717
neutral	0.022	0.000	0.015	0.071	0.103	0.001	0.788
neutral	0.069	0.000	0.034	0.046	0.153	0.005	0.693
neutral	0.021	0.000	0.019	0.032	0.207	0.001	0.721
neutral	0.048	0.000	0.040	0.014	0.220	0.001	0.676
neutral	0.023	0.000	0.035	0.008	0.232	0.001	0.702
neutral	0.047	0.000	0.063	0.021	0.153	0.001	0.715
neutral	0.055	0.000	0.060	0.017	0.163	0.002	0.703
neutral	0.048	0.000	0.032	0.017	0.223	0.001	0.679
neutral	0.030	0.000	0.053	0.020	0.243	0.001	0.651
neutral	0.016	0.000	0.045	0.024	0.222	0.001	0.692
neutral	0.014	0.000	0.023	0.032	0.073	0.001	0.857
neutral	0.055	0.000	0.026	0.034	0.292	0.001	0.593
neutral	0.032	0.000	0.019	0.133	0.105	0.002	0.710
neutral	0.031	0.000	0.015	0.052	0.168	0.001	0.733
neutral	0.020	0.000	0.017	0.073	0.107	0.003	0.779
neutral	0.026	0.000	0.020	0.057	0.134	0.002	0.761
neutral	0.026	0.000	0.013	0.086	0.095	0.001	0.778
neutral	0.073	0.000	0.041	0.081	0.235	0.003	0.567
neutral	0.025	0.000	0.026	0.075	0.158	0.002	0.714
neutral	0.068	0.000	0.046	0.128	0.226	0.003	0.528
neutral	0.027	0.000	0.023	0.020	0.134	0.001	0.795
neutral	0.018	0.000	0.013	0.049	0.108	0.002	0.810
neutral	0.056	0.000	0.026	0.175	0.188	0.002	0.552
neutral	0.014	0.000	0.013	0.032	0.091	0.001	0.850
neutral	0.031	0.000	0.034	0.062	0.189	0.002	0.681
neutral	0.023	0.000	0.019	0.077	0.151	0.002	0.727
neutral	0.018	0.000	0.051	0.124	0.208	0.003	0.595
neutral	0.031	0.000	0.050	0.110	0.212	0.003	0.595
neutral	0.025	0.000	0.039	0.035	0.233	0.004	0.664
neutral	0.048	0.000	0.037	0.219	0.243	0.004	0.449
neutral	0.030	0.000	0.020	0.359	0.091	0.001	0.499
happy	0.028	0.000	0.025	0.377	0.204	0.002	0.364
happy	0.046	0.000	0.029	0.383	0.293	0.001	0.248
neutral	0.041	0.000	0.015	0.348	0.119	0.001	0.475
neutral	0.043	0.000	0.020	0.205	0.177	0.001	0.554
neutral	0.027	0.000	0.032	0.126	0.180	0.002	0.632
neutral	0.034	0.000	0.029	0.048	0.214	0.002	0.673
neutral	0.026	0.000	0.030	0.017	0.209	0.001	0.717
neutral	0.057	0.000	0.036	0.057	0.136	0.001	0.713
neutral	0.026	0.000	0.032	0.028	0.124	0.001	0.790
neutral	0.022	0.000	0.029	0.048	0.092	0.001	0.810
neutral	0.019	0.000	0.015	0.015	0.048	0.000	0.904
neutral	0.019	0.000	0.028	0.050	0.098	0.000	0.804
neutral	0.036	0.000	0.022	0.044	0.119	0.001	0.778
neutral	0.018	0.000	0.028	0.126	0.052	0.001	0.776
neutral	0.038	0.000	0.024	0.047	0.165	0.002	0.724
neutral	0.032	0.000	0.026	0.117	0.078	0.001	0.745
neutral	0.026	0.000	0.022	0.076	0.104	0.002	0.770
neutral	0.023	0.000	0.025	0.103	0.111	0.001	0.737
neutral	0.034	0.000	0.023	0.074	0.129	0.001	0.739
neutral	0.034	0.000	0.018	0.119	0.089	0.001	0.740
neutral	0.029	0.000	0.024	0.045	0.118	0.001	0.784
neutral	0.017	0.000	0.023	0.033	0.125	0.001	0.802
neutral	0.050	0.000	0.028	0.076	0.100	0.001	0.745
neutral	0.040	0.000	0.011	0.100	0.099	0.001	0.748
neutral	0.047	0.000	0.018	0.104	0.102	0.001	0.728
sad	0.120	0.000	0.031	0.020	0.644	0.048	0.138
neutral	0.017	0.000	0.022	0.017	0.112	0.001	0.831
neutral	0.039	0.000	0.042	0.041	0.203	0.001	0.673
neutral	0.037	0.000	0.026	0.054	0.164	0.001	0.719
neutral	0.035	0.000	0.017	0.076	0.130	0.001	0.741
neutral	0.030	0.000	0.017	0.037	0.127	0.001	0.788
neutral	0.015	0.000	0.033	0.068	0.108	0.003	0.773
neutral	0.023	0.000	0.020	0.029	0.163	0.001	0.763
neutral	0.044	0.000	0.027	0.065	0.202	0.001	0.660
neutral	0.037	0.000	0.052	0.021	0.204	0.001	0.685
neutral	0.051	0.000	0.044	0.023	0.250	0.001	0.631
neutral	0.046	0.000	0.031	0.015	0.152	0.001	0.756
neutral	0.067	0.000	0.082	0.038	0.174	0.004	0.635
neutral	0.034	0.000	0.141	0.018	0.214	0.060	0.532
neutral	0.035	0.000	0.265	0.008	0.185	0.061	0.446
neutral	0.025	0.000	0.032	0.004	0.175	0.000	0.764
neutral	0.020	0.000	0.031	0.028	0.149	0.001	0.772
neutral	0.037	0.000	0.109	0.170	0.090	0.036	0.558
neutral	0.028	0.000	0.052	0.072	0.106	0.004	0.737
neutral	0.014	0.000	0.022	0.021	0.062	0.002	0.880
neutral	0.048	0.000	0.033	0.037	0.162	0.003	0.717
neutral	0.057	0.000	0.039	0.021	0.232	0.003	0.648
neutral	0.024	0.000	0.042	0.025	0.187	0.001	0.721
neutral	0.030	0.000	0.033	0.028	0.149	0.001	0.759
neutral	0.082	0.000	0.041	0.020	0.157	0.001	0.700
neutral	0.039	0.000	0.019	0.072	0.114	0.000	0.756
neutral	0.044	0.000	0.055	0.069	0.182	0.002	0.649
neutral	0.024	0.000	0.021	0.193	0.082	0.005	0.675
neutral	0.054	0.000	0.038	0.050	0.140	0.001	0.717
neutral	0.033	0.000	0.010	0.096	0.136	0.001	0.723
neutral	0.021	0.000	0.050	0.178	0.180	0.005	0.565
neutral	0.045	0.000	0.095	0.073	0.174	0.010	0.603
neutral	0.037	0.000	0.016	0.033	0.126	0.005	0.783
neutral	0.033	0.000	0.084	0.007	0.275	0.005	0.595
neutral	0.028	0.000	0.059	0.031	0.142	0.010	0.730
neutral	0.060	0.000	0.087	0.009	0.260	0.005	0.580
neutral	0.056	0.000	0.032	0.092	0.184	0.007	0.629
neutral	0.045	0.000	0.039	0.036	0.161	0.007	0.712
neutral	0.037	0.000	0.074	0.123	0.110	0.022	0.633
neutral	0.060	0.000	0.113	0.069	0.274	0.044	0.440
neutral	0.069	0.000	0.077	0.071	0.234	0.032	0.517
neutral	0.019	0.000	0.063	0.021	0.212	0.001	0.683
neutral	0.038	0.000	0.025	0.030	0.204	0.000	0.703
neutral	0.033	0.000	0.046	0.021	0.214	0.003	0.684
neutral	0.033	0.000	0.067	0.027	0.196	0.010	0.666
neutral	0.029	0.000	0.048	0.058	0.140	0.004	0.721
neutral	0.046	0.000	0.062	0.031	0.216	0.017	0.628
neutral	0.048	0.000	0.021	0.168	0.137	0.003	0.624
neutral	0.043	0.000	0.049	0.065	0.202	0.004	0.636
neutral	0.051	0.000	0.034	0.154	0.190	0.001	0.569
neutral	0.040	0.000	0.020	0.086	0.127	0.001	0.727
neutral	0.022	0.000	0.030	0.223	0.123	0.004	0.599
neutral	0.013	0.000	0.021	0.135	0.085	0.008	0.737
neutral	0.034	0.000	0.022	0.089	0.240	0.001	0.613
neutral	0.038	0.000	0.036	0.095	0.150	0.002	0.679
neutral	0.026	0.000	0.056	0.183	0.147	0.020	0.567
neutral	0.018	0.000	0.069	0.201	0.119	0.031	0.562
neutral	0.031	0.000	0.013	0.140	0.111	0.004	0.700
neutral	0.013	0.000	0.008	0.095	0.072	0.003	0.809
neutral	0.018	0.000	0.009	0.082	0.106	0.001	0.784
neutral	0.034	0.000	0.015	0.161	0.127	0.001	0.662
neutral	0.033	0.000	0.027	0.266	0.144	0.007	0.522
neutral	0.056	0.000	0.084	0.024	0.333	0.018	0.486
neutral	0.040	0.000	0.058	0.163	0.175	0.020	0.544
neutral	0.014	0.000	0.035	0.129	0.207	0.006	0.609
neutral	0.029	0.000	0.037	0.277	0.150	0.005	0.502
neutral	0.057	0.000	0.073	0.049	0.287	0.005	0.530
neutral	0.069	0.000	0.049	0.158	0.200	0.008	0.515
neutral	0.046	0.000	0.040	0.124	0.232	0.002	0.555
neutral	0.052	0.000	0.031	0.127	0.203	0.005	0.582
neutral	0.018	0.000	0.027	0.166	0.184	0.003	0.601
neutral	0.018	0.000	0.015	0.050	0.175	0.005	0.738
neutral	0.042	0.000	0.027	0.073	0.225	0.004	0.628
neutral	0.087	0.000	0.040	0.106	0.234	0.007	0.527
neutral	0.032	0.000	0.050	0.136	0.271	0.016	0.495
neutral	0.029	0.000	0.036	0.117	0.189	0.009	0.620
neutral	0.066	0.000	0.081	0.081	0.339	0.019	0.415
neutral	0.041	0.000	0.059	0.083	0.224	0.015	0.577
neutral	0.037	0.000	0.032	0.177	0.224	0.008	0.523
neutral	0.017	0.000	0.017	0.208	0.083	0.007	0.668
neutral	0.021	0.000	0.009	0.144	0.061	0.003	0.762
neutral	0.018	0.000	0.011	0.083	0.073	0.002	0.813
neutral	0.022	0.000	0.014	0.061	0.149	0.001	0.753
neutral	0.031	0.000	0.020	0.069	0.184	0.001	0.695
neutral	0.046	0.000	0.018	0.118	0.143	0.005	0.671
neutral	0.067	0.000	0.039	0.111	0.170	0.008	0.604
neutral	0.087	0.000	0.087	0.064	0.170	0.026	0.566
neutral	0.027	0.000	0.021	0.227	0.058	0.010	0.657
neutral	0.043	0.000	0.078	0.161	0.139	0.030	0.549
neutral	0.015	0.000	0.011	0.326	0.044	0.003	0.600
happy	0.043	0.000	0.022	0.430	0.110	0.005	0.391
neutral	0.047	0.000	0.024	0.222	0.156	0.003	0.548
neutral	0.059	0.000	0.100	0.062	0.204	0.004	0.570
neutral	0.033	0.000	0.054	0.064	0.208	0.001	0.641
neutral	0.011	0.000	0.023	0.049	0.128	0.000	0.789
neutral	0.012	0.000	0.036	0.035	0.109	0.001	0.808
neutral	0.028	0.000	0.025	0.105	0.092	0.002	0.749
neutral	0.036	0.000	0.028	0.143	0.171	0.002	0.620
neutral	0.017	0.000	0.026	0.176	0.110	0.002	0.668
neutral	0.040	0.000	0.016	0.085	0.146	0.001	0.711
neutral	0.020	0.000	0.028	0.161	0.137	0.003	0.652
neutral	0.017	0.000	0.017	0.403	0.067	0.002	0.494
neutral	0.020	0.000	0.010	0.210	0.083	0.001	0.676
neutral	0.014	0.000	0.011	0.353	0.072	0.001	0.549
happy	0.016	0.000	0.013	0.627	0.047	0.001	0.296
happy	0.006	0.000	0.008	0.492	0.077	0.001	0.417
neutral	0.056	0.000	0.043	0.293	0.211	0.004	0.393
happy	0.037	0.000	0.025	0.498	0.094	0.002	0.345
neutral	0.008	0.000	0.008	0.320	0.059	0.001	0.605
neutral	0.019	0.000	0.007	0.242	0.058	0.000	0.674
neutral	0.018	0.000	0.007	0.275	0.054	0.000	0.645
happy	0.008	0.000	0.004	0.584	0.027	0.001	0.377
happy	0.008	0.000	0.005	0.500	0.042	0.001	0.444
happy	0.007	0.000	0.007	0.632	0.034	0.001	0.319
happy	0.004	0.000	0.005	0.780	0.021	0.001	0.187
neutral	0.030	0.000	0.023	0.399	0.131	0.002	0.416
neutral	0.028	0.000	0.016	0.129	0.165	0.001	0.660
neutral	0.029	0.000	0.009	0.037	0.185	0.000	0.739
neutral	0.009	0.000	0.009	0.084	0.074	0.001	0.823
neutral	0.015	0.000	0.009	0.060	0.100	0.000	0.816
neutral	0.018	0.000	0.012	0.075	0.128	0.001	0.766
neutral	0.023	0.000	0.009	0.033	0.150	0.000	0.784
neutral	0.021	0.000	0.014	0.026	0.136	0.001	0.803
neutral	0.021	0.000	0.010	0.026	0.190	0.000	0.753
neutral	0.019	0.000	0.010	0.021	0.115	0.001	0.833
neutral	0.030	0.000	0.015	0.014	0.161	0.001	0.779
neutral	0.019	0.000	0.013	0.064	0.129	0.001	0.775
neutral	0.019	0.000	0.009	0.025	0.134	0.000	0.813
neutral	0.015	0.000	0.008	0.027	0.125	0.000	0.825
neutral	0.016	0.000	0.008	0.039	0.134	0.000	0.803
neutral	0.015	0.000	0.017	0.033	0.106	0.001	0.827
neutral	0.009	0.000	0.010	0.010	0.118	0.000	0.852
neutral	0.008	0.000	0.015	0.014	0.077	0.000	0.886
neutral	0.015	0.000	0.010	0.038	0.113	0.000	0.824
neutral	0.020	0.000	0.031	0.020	0.273	0.001	0.654
neutral	0.019	0.000	0.009	0.044	0.128	0.000	0.800
neutral	0.025	0.000	0.013	0.052	0.132	0.001	0.777
neutral	0.016	0.000	0.008	0.029	0.128	0.000	0.820
neutral	0.011	0.000	0.015	0.028	0.109	0.001	0.837
neutral	0.030	0.000	0.020	0.013	0.195	0.001	0.742
neutral	0.014	0.000	0.021	0.028	0.125	0.001	0.811
neutral	0.016	0.000	0.008	0.014	0.171	0.000	0.790
neutral	0.025	0.000	0.012	0.010	0.301	0.000	0.651
neutral	0.016	0.000	0.013	0.009	0.286	0.000	0.676
neutral	0.005	0.000	0.008	0.032	0.045	0.000	0.909
neutral	0.016	0.000	0.017	0.040	0.133	0.001	0.792
neutral	0.026	0.000	0.007	0.042	0.175	0.000	0.750
neutral	0.021	0.000	0.030	0.046	0.158	0.001	0.745
neutral	0.028	0.000	0.026	0.025	0.209	0.001	0.711
neutral	0.048	0.000	0.032	0.016	0.252	0.001	0.652
neutral	0.022	0.000	0.026	0.016	0.186	0.001	0.749
neutral	0.017	0.000	0.017	0.010	0.167	0.001	0.787
neutral	0.009	0.000	0.013	0.022	0.078	0.001	0.878
neutral	0.054	0.000	0.045	0.012	0.230	0.003	0.655
neutral	0.009	0.000	0.021	0.018	0.104	0.001	0.846
neutral	0.047	0.000	0.026	0.012	0.250	0.001	0.664
neutral	0.027	0.000	0.016	0.009	0.240	0.000	0.707
neutral	0.017	0.000	0.012	0.026	0.174	0.000	0.771
neutral	0.017	0.000	0.020	0.025	0.165	0.001	0.772
neutral	0.016	0.000	0.009	0.020	0.183	0.000	0.771
neutral	0.044	0.000	0.028	0.041	0.224	0.002	0.661
neutral	0.038	0.000	0.022	0.022	0.378	0.001	0.538
neutral	0.042	0.000	0.024	0.043	0.321	0.001	0.569
neutral	0.026	0.000	0.017	0.025	0.252	0.001	0.679
neutral	0.041	0.000	0.022	0.040	0.155	0.001	0.742
neutral	0.017	0.000	0.025	0.018	0.120	0.001	0.818
neutral	0.047	0.000	0.039	0.076	0.168	0.002	0.668
neutral	0.014	0.000	0.025	0.020	0.139	0.001	0.801
neutral	0.032	0.000	0.033	0.005	0.196	0.001	0.733
neutral	0.020	0.000	0.038	0.006	0.246	0.002	0.688
neutral	0.022	0.000	0.023	0.002	0.358	0.000	0.594
neutral	0.018	0.000	0.036	0.080	0.155	0.002	0.709
neutral	0.025	0.000	0.031	0.011	0.204	0.001	0.729
neutral	0.033	0.000	0.009	0.006	0.207	0.000	0.744
neutral	0.017	0.000	0.012	0.020	0.181	0.001	0.769
neutral	0.016	0.000	0.014	0.047	0.136	0.001	0.787
neutral	0.015	0.000	0.021	0.192	0.099	0.003	0.670
neutral	0.024	0.000	0.016	0.030	0.295	0.001	0.633
neutral	0.024	0.000	0.021	0.028	0.118	0.002	0.807
neutral	0.013	0.000	0.010	0.016	0.148	0.000	0.813
neutral	0.007	0.000	0.014	0.055	0.121	0.002	0.802
neutral	0.023	0.000	0.025	0.016	0.133	0.001	0.802
neutral	0.027	0.000	0.024	0.018	0.126	0.001	0.803
neutral	0.019	0.000	0.015	0.034	0.192	0.002	0.737
neutral	0.018	0.000	0.010	0.013	0.176	0.001	0.783
neutral	0.017	0.000	0.017	0.057	0.161	0.002	0.747
neutral	0.010	0.000	0.013	0.029	0.140	0.001	0.806
neutral	0.022	0.000	0.025	0.026	0.169	0.002	0.758
neutral	0.014	0.000	0.012	0.072	0.158	0.002	0.742
neutral	0.009	0.000	0.023	0.027	0.216	0.001	0.723
neutral	0.028	0.000	0.010	0.055	0.125	0.001	0.781
neutral	0.038	0.000	0.018	0.053	0.194	0.001	0.697
neutral	0.020	0.000	0.011	0.048	0.136	0.002	0.783
neutral	0.020	0.000	0.009	0.010	0.111	0.000	0.849
neutral	0.022	0.000	0.016	0.051	0.137	0.002	0.773
neutral	0.037	0.000	0.013	0.022	0.147	0.001	0.780
neutral	0.019	0.000	0.012	0.017	0.078	0.000	0.874
neutral	0.024	0.000	0.023	0.060	0.172	0.001	0.719
neutral	0.029	0.000	0.020	0.034	0.193	0.001	0.723
neutral	0.044	0.000	0.011	0.028	0.074	0.000	0.843
neutral	0.065	0.000	0.017	0.103	0.092	0.001	0.723
neutral	0.019	0.000	0.014	0.113	0.031	0.001	0.823
neutral	0.023	0.000	0.014	0.022	0.072	0.001	0.868
neutral	0.031	0.000	0.020	0.024	0.119	0.000	0.805
neutral	0.069	0.000	0.019	0.058	0.197	0.001	0.657
neutral	0.058	0.000	0.026	0.045	0.194	0.002	0.675
neutral	0.028	0.000	0.019	0.021	0.118	0.000	0.814
neutral	0.023	0.000	0.016	0.017	0.094	0.001	0.850
neutral	0.048	0.000	0.042	0.030	0.186	0.002	0.693
neutral	0.031	0.000	0.021	0.026	0.145	0.000	0.777
neutral	0.028	0.000	0.032	0.069	0.165	0.001	0.705
neutral	0.040	0.000	0.021	0.051	0.109	0.000	0.780
neutral	0.044	0.000	0.026	0.023	0.108	0.001	0.798
neutral	0.029	0.000	0.021	0.121	0.101	0.002	0.725
neutral	0.038	0.000	0.035	0.071	0.186	0.002	0.668
neutral	0.026	0.000	0.032	0.075	0.145	0.002	0.719
neutral	0.071	0.000	0.034	0.151	0.143	0.002	0.598
neutral	0.057	0.000	0.016	0.130	0.100	0.001	0.696
neutral	0.024	0.000	0.013	0.051	0.083	0.001	0.828
neutral	0.040	0.000	0.025	0.033	0.189	0.001	0.713
neutral	0.046	0.000	0.033	0.039	0.228	0.002	0.653
neutral	0.050	0.000	0.031	0.019	0.175	0.001	0.724
neutral	0.037	0.000	0.044	0.093	0.155	0.003	0.669
neutral	0.037	0.000	0.035	0.333	0.122	0.002	0.470
neutral	0.062	0.000	0.024	0.254	0.157	0.002	0.500
happy	0.048	0.000	0.031	0.486	0.061	0.001	0.374
happy	0.044	0.000	0.035	0.494	0.054	0.001	0.373
neutral	0.073	0.000	0.042	0.345	0.136	0.003	0.402
neutral	0.092	0.000	0.071	0.194	0.187	0.004	0.452
neutral	0.033	0.000	0.016	0.304	0.087	0.001	0.561
neutral	0.069	0.000	0.034	0.326	0.145	0.001	0.426
neutral	0.047	0.000	0.034	0.250	0.181	0.001	0.487
neutral	0.041	0.000	0.027	0.178	0.135	0.002	0.618
neutral	0.046	0.000	0.034	0.188	0.095	0.001	0.636
neutral	0.037	0.000	0.015	0.243	0.118	0.001	0.586
neutral	0.059	0.000	0.022	0.224	0.110	0.001	0.585
neutral	0.037	0.000	0.025	0.165	0.133	0.001	0.639
neutral	0.067	0.000	0.030	0.197	0.245	0.001	0.460
neutral	0.045	0.000	0.035	0.220	0.171	0.002	0.526
neutral	0.024	0.000	0.021	0.293	0.101	0.002	0.559
neutral	0.022	0.000	0.021	0.265	0.084	0.002	0.605
neutral	0.035	0.000	0.038	0.138	0.157	0.002	0.630
neutral	0.044	0.000	0.045	0.088	0.133	0.002	0.688
neutral	0.041	0.000	0.020	0.032	0.091	0.001	0.815
neutral	0.043	0.000	0.033	0.163	0.151	0.002	0.608
neutral	0.033	0.000	0.035	0.141	0.141	0.002	0.648
neutral	0.030	0.000	0.034	0.070	0.112	0.002	0.752
neutral	0.041	0.000	0.017	0.036	0.102	0.001	0.802
neutral	0.030	0.000	0.027	0.176	0.125	0.001	0.640
neutral	0.053	0.000	0.038	0.096	0.122	0.001	0.689
neutral	0.035	0.000	0.036	0.059	0.134	0.002	0.735
neutral	0.030	0.000	0.039	0.046	0.132	0.002	0.751
neutral	0.028	0.000	0.013	0.030	0.137	0.001	0.791
neutral	0.042	0.000	0.034	0.127	0.135	0.001	0.660
neutral	0.028	0.000	0.014	0.031	0.159	0.001	0.768
neutral	0.016	0.000	0.044	0.023	0.122	0.002	0.793
neutral	0.021	0.000	0.025	0.068	0.129	0.002	0.756
neutral	0.044	0.000	0.048	0.064	0.132	0.002	0.711
neutral	0.043	0.000	0.046	0.065	0.172	0.002	0.672
neutral	0.025	0.000	0.046	0.033	0.192	0.002	0.703
neutral	0.023	0.000	0.015	0.041	0.129	0.001	0.791
neutral	0.041	0.000	0.032	0.049	0.139	0.001	0.737
neutral	0.035	0.000	0.034	0.044	0.224	0.001	0.661
neutral	0.039	0.000	0.029	0.071	0.233	0.001	0.626
neutral	0.025	0.000	0.016	0.051	0.144	0.001	0.762
neutral	0.036	0.000	0.030	0.024	0.227	0.001	0.682
neutral	0.037	0.000	0.016	0.039	0.194	0.001	0.712
neutral	0.043	0.000	0.033	0.030	0.213	0.001	0.680
neutral	0.036	0.000	0.043	0.022	0.228	0.001	0.669
neutral	0.042	0.000	0.040	0.068	0.208	0.002	0.641
neutral	0.015	0.000	0.009	0.092	0.121	0.001	0.761
neutral	0.047	0.000	0.062	0.050	0.195	0.002	0.644
neutral	0.028	0.000	0.023	0.085	0.138	0.001	0.725
neutral	0.040	0.000	0.038	0.032	0.205	0.002	0.683
neutral	0.018	0.000	0.017	0.059	0.130	0.001	0.775
neutral	0.058	0.000	0.054	0.023	0.202	0.001	0.661
neutral	0.034	0.000	0.058	0.021	0.252	0.002	0.633
neutral	0.050	0.000	0.047	0.014	0.169	0.001	0.720
neutral	0.047	0.000	0.033	0.108	0.158	0.002	0.652
neutral	0.033	0.000	0.021	0.010	0.184	0.000	0.752
neutral	0.024	0.000	0.021	0.031	0.084	0.001	0.839
neutral	0.029	0.000	0.048	0.026	0.194	0.001	0.702
neutral	0.044	0.000	0.030	0.092	0.170	0.001	0.663
neutral	0.039	0.000	0.019	0.078	0.141	0.001	0.722
neutral	0.042	0.000	0.035	0.023	0.196	0.001	0.703
neutral	0.052	0.000	0.046	0.117	0.252	0.003	0.530
neutral	0.034	0.000	0.029	0.084	0.149	0.002	0.703
neutral	0.035	0.000	0.012	0.008	0.093	0.000	0.852
neutral	0.026	0.000	0.038	0.038	0.151	0.001	0.746
neutral	0.033	0.000	0.036	0.151	0.130	0.001	0.648
neutral	0.014	0.000	0.011	0.131	0.069	0.001	0.774
neutral	0.021	0.000	0.011	0.080	0.103	0.003	0.783
neutral	0.037	0.000	0.024	0.015	0.197	0.001	0.727
neutral	0.024	0.000	0.041	0.149	0.130	0.002	0.654
neutral	0.047	0.000	0.046	0.039	0.212	0.001	0.654
neutral	0.023	0.000	0.014	0.193	0.107	0.001	0.661
neutral	0.045	0.000	0.046	0.036	0.237	0.002	0.634
neutral	0.093	0.000	0.046	0.011	0.199	0.002	0.649
neutral	0.057	0.000	0.062	0.026	0.199	0.003	0.653
neutral	0.062	0.000	0.069	0.022	0.171	0.002	0.674
neutral	0.028	0.000	0.034	0.024	0.274	0.001	0.639
neutral	0.029	0.000	0.034	0.026	0.177	0.001	0.733
neutral	0.028	0.000	0.035	0.038	0.297	0.002	0.600
neutral	0.026	0.000	0.032	0.023	0.247	0.001	0.671
neutral	0.026	0.000	0.033	0.020	0.298	0.001	0.622
neutral	0.026	0.000	0.047	0.034	0.252	0.002	0.639
neutral	0.028	0.000	0.028	0.018	0.156	0.001	0.769
neutral	0.033	0.000	0.027	0.017	0.197	0.001	0.725
neutral	0.032	0.000	0.032	0.036	0.201	0.001	0.699
neutral	0.020	0.000	0.052	0.056	0.205	0.002	0.665
neutral	0.031	0.000	0.037	0.066	0.186	0.001	0.679
neutral	0.034	0.000	0.046	0.019	0.359	0.001	0.541
neutral	0.037	0.000	0.034	0.024	0.196	0.001	0.708
neutral	0.013	0.000	0.008	0.061	0.109	0.001	0.809
neutral	0.013	0.000	0.012	0.271	0.116	0.001	0.586
neutral	0.029	0.000	0.020	0.080	0.217	0.001	0.653
neutral	0.037	0.000	0.024	0.036	0.157	0.001	0.745
neutral	0.012	0.000	0.006	0.076	0.078	0.001	0.826
neutral	0.034	0.000	0.034	0.043	0.262	0.002	0.625
neutral	0.010	0.000	0.007	0.078	0.101	0.000	0.803
neutral	0.010	0.000	0.012	0.046	0.080	0.001	0.850
neutral	0.034	0.000	0.029	0.070	0.156	0.002	0.710
neutral	0.031	0.000	0.015	0.041	0.151	0.002	0.761
neutral	0.008	0.000	0.009	0.156	0.065	0.001	0.761
neutral	0.012	0.000	0.010	0.183	0.065	0.001	0.730
neutral	0.010	0.000	0.007	0.066	0.081	0.001	0.835
neutral	0.008	0.000	0.007	0.154	0.051	0.001	0.779
neutral	0.014	0.000	0.013	0.152	0.094	0.001	0.727
neutral	0.009	0.000	0.009	0.128	0.075	0.001	0.778
neutral	0.020	0.000	0.048	0.027	0.196	0.001	0.708
neutral	0.049	0.000	0.033	0.049	0.200	0.001	0.667
neutral	0.023	0.000	0.030	0.043	0.255	0.001	0.647
neutral	0.021	0.000	0.022	0.031	0.163	0.001	0.763
neutral	0.028	0.000	0.035	0.024	0.226	0.002	0.685
neutral	0.023	0.000	0.015	0.106	0.158	0.001	0.697
neutral	0.028	0.000	0.047	0.032	0.259	0.002	0.631
neutral	0.009	0.000	0.007	0.195	0.103	0.001	0.685
neutral	0.025	0.000	0.033	0.069	0.241	0.002	0.629
neutral	0.026	0.000	0.033	0.055	0.242	0.002	0.643
neutral	0.027	0.000	0.023	0.048	0.188	0.001	0.713
neutral	0.035	0.000	0.025	0.038	0.163	0.001	0.738
neutral	0.034	0.000	0.026	0.049	0.275	0.001	0.615
neutral	0.020	0.000	0.050	0.038	0.232	0.003	0.657
neutral	0.012	0.000	0.006	0.114	0.117	0.001	0.750
neutral	0.013	0.000	0.010	0.061	0.112	0.001	0.803
