prediction	angry	disgust	fear	happy	sad	surprise	neutral
neutral	0.093	0.000	0.064	0.011	0.141	0.028	0.662
neutral	0.039	0.001	0.012	0.003	0.436	0.000	0.509
neutral	0.052	0.000	0.006	0.012	0.381	0.000	0.548
neutral	0.097	0.004	0.011	0.018	0.420	0.000	0.451
neutral	0.235	0.010	0.042	0.006	0.286	0.000	0.422
neutral	0.105	0.003	0.069	0.008	0.388	0.001	0.425
sad	0.121	0.005	0.065	0.002	0.409	0.002	0.396
sad	0.075	0.001	0.016	0.000	0.464	0.000	0.445
neutral	0.070	0.000	0.028	0.000	0.196	0.003	0.704
neutral	0.076	0.000	0.016	0.000	0.123	0.002	0.783
neutral	0.034	0.000	0.014	0.000	0.047	0.004	0.901
neutral	0.028	0.000	0.019	0.000	0.048	0.002	0.903
neutral	0.037	0.000	0.029	0.000	0.040	0.014	0.879
neutral	0.048	0.000	0.019	0.000	0.074	0.005	0.854
neutral	0.060	0.000	0.190	0.001	0.058	0.099	0.592
neutral	0.031	0.000	0.119	0.000	0.060	0.029	0.760
neutral	0.036	0.000	0.182	0.000	0.109	0.019	0.654
neutral	0.101	0.000	0.237	0.000	0.309	0.038	0.314
sad	0.115	0.004	0.184	0.001	0.393	0.015	0.288
neutral	0.075	0.002	0.150	0.001	0.227	0.041	0.505
neutral	0.067	0.007	0.095	0.006	0.186	0.024	0.614
neutral	0.028	0.002	0.062	0.017	0.132	0.027	0.733
neutral	0.019	0.005	0.044	0.007	0.115	0.054	0.754
neutral	0.035	0.009	0.044	0.003	0.102	0.063	0.744
neutral	0.039	0.016	0.061	0.001	0.070	0.172	0.641
neutral	0.057	0.016	0.125	0.001	0.103	0.176	0.522
neutral	0.079	0.005	0.142	0.000	0.190	0.043	0.540
sad	0.137	0.009	0.230	0.000	0.297	0.067	0.260
neutral	0.104	0.001	0.209	0.000	0.183	0.076	0.426
neutral	0.114	0.002	0.175	0.000	0.207	0.048	0.454
neutral	0.096	0.008	0.126	0.001	0.132	0.053	0.584
neutral	0.099	0.006	0.166	0.000	0.230	0.068	0.431
neutral	0.077	0.006	0.096	0.001	0.128	0.091	0.601
neutral	0.050	0.004	0.078	0.001	0.133	0.171	0.562
neutral	0.044	0.010	0.072	0.002	0.086	0.146	0.640
neutral	0.049	0.010	0.059	0.002	0.072	0.103	0.706
neutral	0.038	0.009	0.051	0.002	0.064	0.168	0.668
neutral	0.038	0.009	0.061	0.002	0.074	0.153	0.663
neutral	0.046	0.014	0.056	0.001	0.101	0.077	0.705
neutral	0.038	0.010	0.046	0.002	0.089	0.071	0.744
neutral	0.045	0.010	0.062	0.003	0.171	0.081	0.629
neutral	0.038	0.005	0.041	0.002	0.152	0.049	0.712
neutral	0.021	0.003	0.052	0.003	0.149	0.057	0.715
neutral	0.024	0.002	0.063	0.002	0.141	0.066	0.700
neutral	0.029	0.002	0.033	0.003	0.100	0.036	0.797
neutral	0.037	0.003	0.052	0.004	0.211	0.039	0.653
neutral	0.028	0.005	0.059	0.005	0.195	0.031	0.678
neutral	0.035	0.005	0.053	0.019	0.268	0.023	0.597
neutral	0.109	0.001	0.124	0.001	0.207	0.045	0.512
neutral	0.109	0.002	0.110	0.001	0.134	0.034	0.610
neutral	0.121	0.002	0.114	0.001	0.067	0.205	0.490
neutral	0.091	0.004	0.070	0.002	0.071	0.204	0.559
neutral	0.089	0.003	0.044	0.003	0.052	0.102	0.707
neutral	0.104	0.007	0.102	0.005	0.079	0.178	0.526
sad	0.135	0.005	0.196	0.004	0.332	0.030	0.299
neutral	0.144	0.006	0.128	0.008	0.249	0.022	0.443
neutral	0.085	0.001	0.054	0.010	0.117	0.031	0.702
neutral	0.124	0.001	0.076	0.014	0.103	0.111	0.572
neutral	0.102	0.002	0.063	0.003	0.090	0.085	0.656
neutral	0.070	0.001	0.036	0.003	0.077	0.062	0.752
neutral	0.121	0.001	0.060	0.001	0.100	0.073	0.644
neutral	0.114	0.006	0.055	0.002	0.125	0.020	0.678
neutral	0.068	0.002	0.066	0.002	0.085	0.077	0.700
neutral	0.038	0.001	0.037	0.001	0.053	0.020	0.850
neutral	0.070	0.001	0.065	0.002	0.084	0.031	0.746
neutral	0.130	0.007	0.083	0.002	0.095	0.049	0.635
neutral	0.027	0.008	0.016	0.002	0.037	0.024	0.885
neutral	0.045	0.008	0.018	0.002	0.043	0.023	0.861
neutral	0.103	0.019	0.045	0.001	0.073	0.052	0.707
neutral	0.051	0.007	0.027	0.002	0.061	0.034	0.818
neutral	0.036	0.005	0.016	0.002	0.036	0.038	0.869
neutral	0.029	0.006	0.014	0.003	0.033	0.031	0.885
neutral	0.031	0.003	0.024	0.003	0.030	0.049	0.860
neutral	0.049	0.008	0.022	0.001	0.037	0.054	0.829
neutral	0.043	0.005	0.054	0.001	0.036	0.165	0.695
neutral	0.080	0.026	0.045	0.002	0.089	0.076	0.683
neutral	0.074	0.029	0.045	0.002	0.054	0.125	0.671
neutral	0.068	0.013	0.047	0.001	0.071	0.081	0.719
neutral	0.040	0.005	0.037	0.001	0.038	0.070	0.810
neutral	0.085	0.006	0.046	0.001	0.087	0.065	0.710
neutral	0.082	0.004	0.088	0.001	0.084	0.093	0.648
neutral	0.065	0.004	0.087	0.001	0.081	0.077	0.684
neutral	0.074	0.002	0.120	0.001	0.071	0.121	0.611
neutral	0.083	0.006	0.080	0.002	0.081	0.262	0.487
neutral	0.088	0.006	0.112	0.002	0.088	0.255	0.450
neutral	0.081	0.003	0.144	0.001	0.106	0.132	0.532
neutral	0.080	0.001	0.049	0.003	0.034	0.088	0.746
neutral	0.091	0.003	0.046	0.002	0.035	0.085	0.738
neutral	0.107	0.007	0.028	0.002	0.055	0.029	0.773
neutral	0.116	0.005	0.044	0.001	0.080	0.024	0.729
neutral	0.129	0.012	0.039	0.001	0.092	0.019	0.708
neutral	0.160	0.020	0.053	0.002	0.090	0.031	0.644
neutral	0.144	0.023	0.050	0.001	0.082	0.054	0.647
neutral	0.200	0.017	0.057	0.003	0.104	0.042	0.576
neutral	0.120	0.009	0.049	0.002	0.101	0.025	0.694
neutral	0.101	0.005	0.046	0.002	0.090	0.028	0.728
neutral	0.136	0.007	0.084	0.002	0.110	0.081	0.579
neutral	0.119	0.006	0.066	0.002	0.093	0.077	0.638
neutral	0.106	0.004	0.100	0.001	0.166	0.087	0.536
neutral	0.122	0.010	0.042	0.001	0.076	0.050	0.698
neutral	0.095	0.006	0.039	0.001	0.076	0.054	0.730
neutral	0.148	0.008	0.045	0.002	0.086	0.056	0.655
neutral	0.130	0.004	0.046	0.002	0.083	0.084	0.651
neutral	0.128	0.010	0.043	0.002	0.086	0.092	0.639
neutral	0.135	0.008	0.051	0.001	0.108	0.060	0.636
neutral	0.162	0.016	0.066	0.002	0.093	0.063	0.598
neutral	0.227	0.031	0.055	0.001	0.106	0.032	0.547
neutral	0.143	0.011	0.069	0.001	0.112	0.040	0.623
neutral	0.078	0.008	0.044	0.002	0.072	0.042	0.755
neutral	0.253	0.053	0.058	0.001	0.102	0.032	0.502
neutral	0.169	0.009	0.061	0.001	0.108	0.038	0.614
neutral	0.161	0.027	0.101	0.001	0.174	0.039	0.497
neutral	0.160	0.012	0.088	0.001	0.179	0.024	0.537
neutral	0.286	0.031	0.054	0.001	0.149	0.015	0.465
neutral	0.300	0.032	0.083	0.001	0.133	0.028	0.423
angry	0.453	0.030	0.109	0.000	0.192	0.011	0.205
neutral	0.264	0.021	0.100	0.001	0.167	0.027	0.420
neutral	0.237	0.004	0.135	0.000	0.176	0.048	0.400
neutral	0.281	0.018	0.138	0.001	0.193	0.060	0.309
neutral	0.316	0.011	0.129	0.002	0.168	0.053	0.323
neutral	0.243	0.006	0.107	0.002	0.160	0.058	0.424
neutral	0.227	0.005	0.120	0.002	0.207	0.064	0.374
neutral	0.235	0.014	0.102	0.003	0.142	0.059	0.445
neutral	0.281	0.009	0.113	0.002	0.201	0.044	0.350
angry	0.377	0.009	0.089	0.002	0.192	0.015	0.316
angry	0.349	0.008	0.074	0.002	0.208	0.017	0.341
neutral	0.288	0.010	0.121	0.001	0.202	0.061	0.316
neutral	0.263	0.004	0.115	0.002	0.214	0.030	0.372
neutral	0.243	0.011	0.117	0.002	0.280	0.022	0.325
sad	0.104	0.008	0.258	0.001	0.476	0.001	0.152
sad	0.184	0.047	0.194	0.000	0.464	0.003	0.109
sad	0.212	0.012	0.124	0.001	0.327	0.004	0.320
neutral	0.216	0.017	0.120	0.001	0.275	0.008	0.363
neutral	0.201	0.012	0.094	0.001	0.277	0.005	0.410
neutral	0.187	0.007	0.133	0.002	0.290	0.008	0.373
neutral	0.235	0.006	0.106	0.001	0.270	0.004	0.378
angry	0.348	0.023	0.151	0.001	0.273	0.009	0.195
sad	0.188	0.004	0.196	0.000	0.425	0.027	0.159
sad	0.254	0.003	0.192	0.000	0.402	0.010	0.139
sad	0.238	0.007	0.119	0.000	0.491	0.003	0.141
sad	0.240	0.011	0.187	0.000	0.415	0.009	0.138
sad	0.224	0.006	0.112	0.000	0.438	0.003	0.217
sad	0.246	0.008	0.164	0.000	0.401	0.008	0.173
sad	0.205	0.007	0.106	0.001	0.465	0.007	0.211
sad	0.234	0.009	0.145	0.000	0.401	0.009	0.201
sad	0.242	0.007	0.182	0.000	0.349	0.023	0.197
sad	0.181	0.010	0.179	0.001	0.387	0.021	0.222
sad	0.248	0.002	0.194	0.001	0.275	0.019	0.262
sad	0.169	0.006	0.118	0.001	0.368	0.012	0.327
sad	0.235	0.006	0.129	0.001	0.362	0.004	0.264
neutral	0.167	0.005	0.108	0.001	0.341	0.008	0.369
sad	0.197	0.005	0.114	0.001	0.365	0.008	0.311
sad	0.192	0.007	0.143	0.001	0.462	0.008	0.188
sad	0.189	0.007	0.118	0.001	0.460	0.014	0.212
angry	0.369	0.004	0.089	0.001	0.352	0.006	0.180
sad	0.241	0.010	0.157	0.000	0.423	0.013	0.156
sad	0.223	0.007	0.182	0.000	0.491	0.005	0.092
sad	0.141	0.005	0.133	0.001	0.605	0.006	0.110
sad	0.229	0.012	0.096	0.001	0.453	0.014	0.195
angry	0.317	0.002	0.108	0.001	0.290	0.011	0.271
sad	0.211	0.002	0.119	0.001	0.462	0.010	0.196
sad	0.181	0.001	0.131	0.001	0.350	0.008	0.329
sad	0.184	0.007	0.084	0.000	0.494	0.002	0.229
neutral	0.210	0.004	0.090	0.003	0.172	0.049	0.471
neutral	0.127	0.011	0.141	0.004	0.135	0.095	0.486
surprise	0.279	0.028	0.167	0.000	0.142	0.338	0.046
surprise	0.156	0.012	0.137	0.003	0.073	0.460	0.159
neutral	0.045	0.002	0.140	0.002	0.390	0.005	0.416
neutral	0.050	0.002	0.050	0.003	0.293	0.002	0.602
neutral	0.062	0.002	0.035	0.013	0.118	0.016	0.753
neutral	0.131	0.008	0.042	0.007	0.144	0.028	0.640
neutral	0.099	0.002	0.043	0.006	0.072	0.101	0.677
neutral	0.062	0.000	0.039	0.004	0.033	0.131	0.731
neutral	0.064	0.001	0.043	0.003	0.066	0.060	0.763
neutral	0.072	0.001	0.045	0.003	0.096	0.028	0.754
neutral	0.049	0.003	0.028	0.004	0.037	0.023	0.856
neutral	0.054	0.001	0.052	0.004	0.055	0.076	0.758
neutral	0.059	0.002	0.072	0.003	0.055	0.068	0.742
neutral	0.064	0.001	0.051	0.004	0.058	0.067	0.754
neutral	0.127	0.021	0.050	0.004	0.120	0.010	0.668
neutral	0.082	0.005	0.054	0.003	0.077	0.076	0.703
neutral	0.051	0.005	0.051	0.003	0.048	0.068	0.773
neutral	0.070	0.006	0.054	0.006	0.051	0.065	0.747
neutral	0.081	0.002	0.056	0.007	0.101	0.058	0.695
neutral	0.063	0.002	0.048	0.010	0.062	0.124	0.690
neutral	0.084	0.004	0.038	0.013	0.085	0.060	0.716
neutral	0.140	0.008	0.057	0.009	0.124	0.055	0.606
neutral	0.098	0.003	0.032	0.013	0.090	0.020	0.744
neutral	0.166	0.016	0.033	0.013	0.092	0.043	0.638
neutral	0.188	0.008	0.081	0.011	0.115	0.059	0.538
neutral	0.202	0.011	0.075	0.009	0.106	0.049	0.548
neutral	0.184	0.004	0.081	0.007	0.095	0.049	0.580
neutral	0.214	0.004	0.089	0.011	0.089	0.061	0.532
neutral	0.153	0.010	0.039	0.006	0.087	0.027	0.678
neutral	0.214	0.011	0.042	0.008	0.085	0.034	0.606
neutral	0.143	0.013	0.035	0.008	0.080	0.048	0.672
neutral	0.368	0.009	0.093	0.004	0.127	0.020	0.379
neutral	0.156	0.005	0.030	0.008	0.069	0.038	0.693
neutral	0.089	0.005	0.033	0.005	0.069	0.021	0.779
neutral	0.194	0.002	0.080	0.003	0.107	0.028	0.586
neutral	0.096	0.004	0.028	0.004	0.070	0.017	0.781
neutral	0.093	0.004	0.027	0.003	0.056	0.023	0.796
neutral	0.151	0.005	0.032	0.003	0.063	0.020	0.726
neutral	0.204	0.008	0.061	0.004	0.082	0.030	0.612
neutral	0.135	0.004	0.044	0.005	0.074	0.033	0.706
neutral	0.143	0.004	0.040	0.005	0.065	0.044	0.700
neutral	0.145	0.003	0.050	0.004	0.098	0.013	0.686
neutral	0.164	0.003	0.038	0.003	0.065	0.035	0.692
neutral	0.253	0.008	0.085	0.002	0.111	0.017	0.524
neutral	0.157	0.007	0.054	0.004	0.086	0.028	0.664
neutral	0.116	0.001	0.062	0.002	0.097	0.036	0.686
neutral	0.199	0.002	0.090	0.002	0.096	0.037	0.574
neutral	0.200	0.006	0.110	0.002	0.117	0.030	0.534
neutral	0.249	0.003	0.090	0.002	0.110	0.032	0.514
neutral	0.213	0.001	0.195	0.001	0.132	0.029	0.428
neutral	0.173	0.001	0.132	0.002	0.117	0.050	0.525
neutral	0.169	0.001	0.104	0.002	0.167	0.020	0.538
neutral	0.178	0.001	0.070	0.003	0.137	0.016	0.595
neutral	0.233	0.001	0.159	0.002	0.161	0.022	0.423
neutral	0.190	0.001	0.144	0.003	0.142	0.041	0.479
neutral	0.255	0.002	0.118	0.004	0.116	0.019	0.486
neutral	0.173	0.001	0.105	0.003	0.112	0.035	0.571
sad	0.146	0.001	0.253	0.001	0.313	0.001	0.284
sad	0.139	0.002	0.267	0.001	0.358	0.000	0.234
angry	0.290	0.003	0.194	0.001	0.221	0.001	0.289
neutral	0.272	0.002	0.143	0.002	0.146	0.005	0.430
neutral	0.298	0.002	0.126	0.001	0.152	0.005	0.415
neutral	0.348	0.002	0.076	0.003	0.113	0.008	0.449
neutral	0.325	0.002	0.110	0.002	0.151	0.013	0.398
neutral	0.225	0.001	0.144	0.001	0.179	0.019	0.431
neutral	0.320	0.004	0.129	0.001	0.179	0.010	0.356
neutral	0.284	0.004	0.068	0.002	0.150	0.004	0.487
neutral	0.263	0.003	0.096	0.002	0.182	0.005	0.449
neutral	0.234	0.001	0.067	0.001	0.179	0.001	0.518
neutral	0.290	0.002	0.038	0.001	0.134	0.001	0.534
angry	0.380	0.029	0.199	0.006	0.085	0.074	0.227
angry	0.511	0.024	0.220	0.003	0.132	0.022	0.089
angry	0.477	0.027	0.271	0.002	0.121	0.050	0.051
angry	0.382	0.105	0.128	0.004	0.150	0.021	0.209
angry	0.567	0.053	0.049	0.001	0.154	0.002	0.173
angry	0.486	0.048	0.146	0.000	0.243	0.004	0.073
angry	0.349	0.002	0.172	0.001	0.311	0.002	0.164
angry	0.512	0.020	0.109	0.000	0.282	0.001	0.076
angry	0.387	0.034	0.122	0.000	0.203	0.001	0.253
neutral	0.237	0.023	0.121	0.000	0.295	0.001	0.322
angry	0.563	0.118	0.072	0.001	0.173	0.006	0.067
angry	0.439	0.039	0.087	0.003	0.234	0.008	0.188
sad	0.336	0.013	0.090	0.002	0.346	0.001	0.212
angry	0.400	0.044	0.169	0.001	0.280	0.006	0.100
angry	0.527	0.047	0.154	0.001	0.214	0.010	0.049
angry	0.561	0.069	0.083	0.004	0.204	0.011	0.068
angry	0.539	0.016	0.159	0.004	0.184	0.028	0.069
angry	0.375	0.004	0.153	0.000	0.349	0.002	0.117
sad	0.323	0.003	0.140	0.000	0.414	0.001	0.120
angry	0.433	0.017	0.114	0.002	0.289	0.014	0.131
angry	0.517	0.019	0.053	0.002	0.281	0.017	0.112
angry	0.447	0.003	0.106	0.000	0.362	0.000	0.082
angry	0.557	0.015	0.066	0.000	0.252	0.004	0.106
angry	0.530	0.008	0.101	0.000	0.266	0.002	0.093
angry	0.503	0.007	0.116	0.000	0.272	0.001	0.100
angry	0.422	0.004	0.151	0.000	0.301	0.003	0.120
angry	0.529	0.046	0.034	0.001	0.240	0.002	0.149
angry	0.491	0.029	0.053	0.000	0.308	0.001	0.118
angry	0.503	0.021	0.046	0.000	0.313	0.000	0.117
angry	0.572	0.006	0.055	0.000	0.255	0.000	0.111
angry	0.486	0.010	0.142	0.000	0.284	0.004	0.074
angry	0.471	0.029	0.045	0.001	0.323	0.002	0.129
angry	0.537	0.014	0.056	0.001	0.280	0.005	0.107
angry	0.422	0.007	0.035	0.000	0.346	0.002	0.188
angry	0.448	0.023	0.030	0.001	0.214	0.002	0.282
angry	0.420	0.024	0.045	0.000	0.364	0.001	0.146
angry	0.451	0.017	0.030	0.006	0.139	0.007	0.349
sad	0.163	0.072	0.050	0.000	0.676	0.001	0.039
sad	0.283	0.019	0.070	0.000	0.578	0.001	0.049
sad	0.307	0.011	0.041	0.002	0.397	0.001	0.240
angry	0.550	0.028	0.040	0.000	0.248	0.003	0.131
angry	0.462	0.013	0.070	0.001	0.330	0.006	0.118
angry	0.443	0.014	0.056	0.001	0.309	0.002	0.175
sad	0.347	0.002	0.051	0.002	0.370	0.003	0.225
angry	0.365	0.002	0.040	0.003	0.338	0.002	0.249
neutral	0.334	0.001	0.020	0.002	0.306	0.000	0.337
angry	0.363	0.004	0.023	0.001	0.346	0.001	0.263
sad	0.177	0.001	0.024	0.002	0.522	0.001	0.272
angry	0.472	0.006	0.048	0.001	0.362	0.002	0.110
sad	0.356	0.002	0.146	0.001	0.412	0.012	0.072
sad	0.302	0.001	0.103	0.002	0.445	0.003	0.144
sad	0.179	0.000	0.045	0.003	0.525	0.002	0.247
sad	0.351	0.001	0.099	0.002	0.386	0.004	0.156
sad	0.203	0.002	0.053	0.003	0.592	0.000	0.146
sad	0.174	0.000	0.050	0.005	0.505	0.001	0.264
sad	0.075	0.005	0.172	0.000	0.383	0.031	0.334
fear	0.184	0.019	0.447	0.001	0.202	0.015	0.133
fear	0.315	0.002	0.420	0.004	0.144	0.036	0.079
neutral	0.121	0.000	0.257	0.013	0.272	0.013	0.324
sad	0.167	0.003	0.061	0.064	0.560	0.072	0.074
neutral	0.174	0.001	0.068	0.108	0.244	0.022	0.385
sad	0.154	0.001	0.063	0.122	0.427	0.016	0.218
surprise	0.096	0.004	0.097	0.166	0.199	0.255	0.184
neutral	0.158	0.001	0.043	0.177	0.306	0.007	0.307
neutral	0.099	0.002	0.079	0.076	0.278	0.020	0.447
neutral	0.097	0.002	0.091	0.067	0.232	0.041	0.470
neutral	0.112	0.003	0.102	0.124	0.097	0.097	0.465
neutral	0.118	0.001	0.059	0.125	0.072	0.109	0.516
neutral	0.172	0.001	0.036	0.049	0.090	0.018	0.634
neutral	0.126	0.012	0.053	0.024	0.244	0.016	0.525
neutral	0.061	0.002	0.056	0.021	0.280	0.027	0.551
neutral	0.085	0.003	0.155	0.054	0.244	0.019	0.439
neutral	0.095	0.003	0.184	0.125	0.244	0.015	0.335
sad	0.084	0.002	0.173	0.080	0.367	0.006	0.288
sad	0.109	0.003	0.148	0.039	0.351	0.011	0.339
sad	0.116	0.009	0.163	0.074	0.394	0.011	0.232
sad	0.094	0.016	0.195	0.100	0.318	0.011	0.266
neutral	0.057	0.007	0.193	0.075	0.234	0.042	0.392
neutral	0.140	0.001	0.136	0.006	0.186	0.036	0.496
neutral	0.066	0.001	0.097	0.005	0.135	0.025	0.671
neutral	0.135	0.001	0.210	0.004	0.160	0.050	0.441
sad	0.117	0.002	0.251	0.002	0.322	0.025	0.282
neutral	0.149	0.007	0.220	0.001	0.280	0.027	0.314
sad	0.136	0.012	0.191	0.001	0.360	0.027	0.273
neutral	0.110	0.007	0.079	0.001	0.378	0.005	0.420
neutral	0.088	0.001	0.040	0.004	0.320	0.001	0.546
neutral	0.065	0.000	0.021	0.005	0.180	0.001	0.728
neutral	0.132	0.001	0.044	0.008	0.281	0.001	0.534
neutral	0.064	0.000	0.019	0.008	0.167	0.001	0.741
neutral	0.048	0.001	0.013	0.009	0.136	0.000	0.792
neutral	0.080	0.003	0.043	0.003	0.271	0.001	0.599
neutral	0.058	0.002	0.030	0.001	0.230	0.000	0.679
neutral	0.132	0.006	0.049	0.001	0.254	0.001	0.557
neutral	0.127	0.005	0.023	0.002	0.125	0.002	0.716
neutral	0.122	0.010	0.035	0.002	0.143	0.007	0.682
neutral	0.094	0.003	0.024	0.001	0.126	0.008	0.743
neutral	0.068	0.002	0.034	0.001	0.129	0.011	0.755
neutral	0.080	0.001	0.019	0.001	0.119	0.010	0.771
neutral	0.126	0.004	0.023	0.000	0.154	0.009	0.683
neutral	0.134	0.005	0.022	0.000	0.133	0.016	0.690
neutral	0.174	0.004	0.044	0.001	0.125	0.086	0.566
neutral	0.160	0.005	0.020	0.009	0.084	0.027	0.695
neutral	0.128	0.003	0.020	0.025	0.083	0.031	0.710
neutral	0.119	0.007	0.047	0.013	0.127	0.087	0.600
neutral	0.097	0.006	0.052	0.009	0.195	0.045	0.596
neutral	0.091	0.004	0.070	0.007	0.195	0.100	0.532
neutral	0.079	0.002	0.092	0.005	0.172	0.129	0.522
neutral	0.068	0.004	0.056	0.006	0.120	0.074	0.673
neutral	0.070	0.001	0.064	0.003	0.191	0.020	0.652
neutral	0.102	0.001	0.061	0.007	0.161	0.040	0.628
neutral	0.176	0.003	0.048	0.004	0.146	0.035	0.589
neutral	0.134	0.001	0.055	0.002	0.160	0.035	0.612
neutral	0.124	0.002	0.064	0.003	0.120	0.055	0.632
neutral	0.095	0.002	0.078	0.002	0.132	0.058	0.633
neutral	0.151	0.003	0.073	0.001	0.180	0.058	0.534
neutral	0.135	0.004	0.052	0.001	0.188	0.011	0.608
neutral	0.150	0.002	0.042	0.001	0.177	0.024	0.603
neutral	0.197	0.002	0.043	0.001	0.169	0.025	0.563
neutral	0.129	0.001	0.035	0.001	0.136	0.023	0.674
neutral	0.165	0.002	0.036	0.002	0.122	0.022	0.650
neutral	0.139	0.001	0.037	0.002	0.136	0.029	0.656
neutral	0.157	0.002	0.045	0.001	0.156	0.031	0.609
neutral	0.112	0.001	0.034	0.003	0.123	0.025	0.702
neutral	0.177	0.002	0.067	0.001	0.206	0.024	0.524
neutral	0.175	0.002	0.049	0.001	0.151	0.030	0.592
sad	0.118	0.003	0.145	0.000	0.549	0.001	0.184
sad	0.161	0.004	0.143	0.000	0.553	0.001	0.138
sad	0.220	0.009	0.077	0.000	0.494	0.001	0.198
sad	0.235	0.005	0.056	0.000	0.441	0.002	0.261
neutral	0.173	0.000	0.009	0.001	0.190	0.001	0.625
neutral	0.302	0.000	0.020	0.001	0.109	0.005	0.562
neutral	0.167	0.000	0.012	0.002	0.092	0.002	0.725
neutral	0.159	0.000	0.021	0.002	0.099	0.008	0.710
neutral	0.158	0.006	0.067	0.008	0.103	0.078	0.580
neutral	0.171	0.021	0.124	0.007	0.072	0.255	0.350
neutral	0.132	0.065	0.200	0.003	0.114	0.106	0.379
neutral	0.080	0.026	0.190	0.002	0.341	0.008	0.355
sad	0.065	0.025	0.186	0.000	0.447	0.005	0.272
neutral	0.104	0.009	0.119	0.001	0.305	0.006	0.457
sad	0.128	0.006	0.176	0.000	0.342	0.008	0.338
neutral	0.114	0.007	0.115	0.000	0.245	0.011	0.508
neutral	0.143	0.001	0.073	0.001	0.211	0.007	0.566
neutral	0.105	0.002	0.065	0.000	0.295	0.005	0.528
neutral	0.141	0.001	0.072	0.001	0.241	0.017	0.527
neutral	0.119	0.003	0.112	0.001	0.231	0.021	0.512
neutral	0.147	0.003	0.142	0.001	0.254	0.030	0.424
neutral	0.160	0.002	0.118	0.000	0.214	0.024	0.482
neutral	0.165	0.009	0.103	0.000	0.180	0.042	0.500
neutral	0.164	0.018	0.086	0.001	0.130	0.055	0.546
neutral	0.136	0.002	0.105	0.000	0.287	0.021	0.448
neutral	0.121	0.002	0.051	0.001	0.172	0.025	0.630
neutral	0.110	0.002	0.041	0.001	0.129	0.022	0.695
neutral	0.084	0.010	0.032	0.001	0.112	0.023	0.738
neutral	0.083	0.003	0.053	0.001	0.128	0.048	0.684
neutral	0.191	0.011	0.070	0.001	0.169	0.039	0.520
neutral	0.116	0.005	0.061	0.001	0.157	0.023	0.637
neutral	0.101	0.002	0.065	0.000	0.211	0.037	0.584
neutral	0.116	0.010	0.071	0.001	0.127	0.041	0.635
neutral	0.139	0.009	0.095	0.001	0.144	0.051	0.561
neutral	0.132	0.017	0.071	0.001	0.143	0.040	0.596
neutral	0.146	0.037	0.060	0.001	0.153	0.020	0.583
neutral	0.132	0.008	0.076	0.001	0.146	0.084	0.553
neutral	0.072	0.008	0.075	0.001	0.240	0.020	0.584
neutral	0.128	0.037	0.068	0.001	0.179	0.017	0.569
neutral	0.156	0.042	0.057	0.002	0.195	0.032	0.516
neutral	0.157	0.036	0.049	0.001	0.290	0.012	0.455
sad	0.210	0.028	0.101	0.001	0.351	0.017	0.292
fear	0.129	0.058	0.269	0.005	0.152	0.123	0.264
disgust	0.183	0.279	0.057	0.002	0.186	0.030	0.263
neutral	0.197	0.044	0.038	0.003	0.172	0.023	0.524
neutral	0.183	0.004	0.033	0.001	0.188	0.025	0.566
neutral	0.113	0.022	0.026	0.010	0.124	0.115	0.589
neutral	0.059	0.006	0.016	0.010	0.296	0.005	0.608
neutral	0.063	0.003	0.026	0.011	0.277	0.005	0.616
neutral	0.061	0.004	0.029	0.018	0.148	0.017	0.723
neutral	0.089	0.001	0.034	0.004	0.160	0.009	0.703
neutral	0.065	0.001	0.028	0.008	0.121	0.014	0.764
neutral	0.032	0.000	0.011	0.003	0.057	0.003	0.895
neutral	0.046	0.000	0.025	0.004	0.081	0.008	0.836
neutral	0.061	0.000	0.025	0.006	0.090	0.016	0.802
neutral	0.108	0.001	0.021	0.010	0.101	0.029	0.732
neutral	0.117	0.000	0.011	0.003	0.079	0.012	0.777
neutral	0.203	0.000	0.019	0.010	0.089	0.027	0.651
neutral	0.324	0.000	0.022	0.004	0.110	0.011	0.529
neutral	0.327	0.002	0.024	0.003	0.126	0.030	0.488
neutral	0.309	0.002	0.028	0.002	0.165	0.030	0.465
neutral	0.184	0.004	0.017	0.002	0.158	0.018	0.618
neutral	0.267	0.020	0.035	0.004	0.152	0.041	0.482
neutral	0.139	0.001	0.028	0.005	0.092	0.016	0.720
neutral	0.076	0.002	0.024	0.006	0.084	0.015	0.793
neutral	0.146	0.002	0.052	0.009	0.078	0.028	0.686
neutral	0.212	0.029	0.054	0.008	0.108	0.022	0.567
neutral	0.123	0.009	0.027	0.006	0.093	0.005	0.737
neutral	0.179	0.138	0.034	0.004	0.090	0.013	0.543
neutral	0.141	0.057	0.041	0.003	0.101	0.012	0.645
neutral	0.211	0.031	0.034	0.001	0.085	0.017	0.621
neutral	0.093	0.004	0.080	0.001	0.362	0.001	0.459
sad	0.048	0.004	0.176	0.000	0.516	0.001	0.254
neutral	0.175	0.014	0.101	0.000	0.305	0.002	0.403
neutral	0.205	0.042	0.114	0.000	0.278	0.002	0.358
angry	0.283	0.050	0.123	0.000	0.260	0.003	0.281
angry	0.313	0.022	0.142	0.000	0.242	0.007	0.273
neutral	0.315	0.014	0.092	0.000	0.201	0.007	0.370
angry	0.406	0.078	0.081	0.000	0.223	0.004	0.208
angry	0.401	0.073	0.070	0.000	0.218	0.004	0.235
angry	0.382	0.030	0.102	0.000	0.221	0.008	0.257
angry	0.310	0.071	0.089	0.000	0.225	0.004	0.300
angry	0.350	0.053	0.107	0.000	0.181	0.018	0.290
neutral	0.270	0.044	0.101	0.000	0.257	0.010	0.318
angry	0.357	0.115	0.077	0.000	0.214	0.009	0.228
neutral	0.247	0.026	0.072	0.000	0.285	0.009	0.360
angry	0.322	0.088	0.080	0.000	0.280	0.011	0.219
sad	0.298	0.026	0.068	0.000	0.322	0.012	0.274
angry	0.447	0.040	0.054	0.000	0.262	0.009	0.188
angry	0.323	0.033	0.048	0.000	0.268	0.007	0.321
neutral	0.215	0.004	0.054	0.000	0.234	0.003	0.489
neutral	0.305	0.007	0.050	0.000	0.222	0.003	0.412
neutral	0.325	0.009	0.044	0.000	0.214	0.006	0.401
neutral	0.193	0.013	0.032	0.001	0.140	0.008	0.614
