prediction	angry	disgust	fear	happy	sad	surprise	neutral
neutral	0.037	0.000	0.003	0.001	0.017	0.002	0.940
neutral	0.033	0.000	0.002	0.000	0.019	0.000	0.946
neutral	0.032	0.000	0.001	0.000	0.010	0.001	0.956
neutral	0.037	0.000	0.002	0.000	0.018	0.000	0.942
neutral	0.031	0.000	0.002	0.001	0.017	0.001	0.948
neutral	0.065	0.000	0.001	0.000	0.022	0.001	0.911
neutral	0.052	0.000	0.001	0.000	0.021	0.001	0.925
neutral	0.039	0.000	0.001	0.000	0.018	0.000	0.942
neutral	0.035	0.000	0.001	0.000	0.014	0.001	0.948
neutral	0.033	0.000	0.002	0.000	0.016	0.000	0.948
neutral	0.025	0.000	0.001	0.000	0.013	0.000	0.960
neutral	0.022	0.000	0.001	0.000	0.010	0.000	0.966
neutral	0.027	0.000	0.001	0.000	0.010	0.001	0.961
neutral	0.039	0.000	0.001	0.000	0.017	0.000	0.941
neutral	0.022	0.000	0.002	0.001	0.014	0.001	0.961
neutral	0.037	0.000	0.001	0.000	0.019	0.000	0.942
neutral	0.039	0.000	0.002	0.000	0.011	0.001	0.947
neutral	0.037	0.000	0.002	0.001	0.022	0.001	0.937
neutral	0.032	0.000	0.002	0.001	0.025	0.000	0.941
neutral	0.043	0.000	0.002	0.001	0.034	0.000	0.920
neutral	0.041	0.000	0.002	0.001	0.021	0.001	0.934
neutral	0.026	0.000	0.002	0.001	0.014	0.002	0.956
neutral	0.048	0.000	0.003	0.001	0.025	0.002	0.921
neutral	0.033	0.000	0.001	0.001	0.013	0.001	0.949
neutral	0.029	0.000	0.001	0.001	0.018	0.000	0.950
neutral	0.066	0.000	0.001	0.001	0.024	0.000	0.909
neutral	0.047	0.000	0.001	0.000	0.019	0.000	0.932
neutral	0.024	0.000	0.001	0.001	0.021	0.001	0.952
neutral	0.031	0.000	0.002	0.001	0.024	0.001	0.942
neutral	0.045	0.000	0.002	0.001	0.026	0.001	0.925
neutral	0.028	0.000	0.002	0.002	0.017	0.001	0.951
neutral	0.034	0.000	0.002	0.001	0.023	0.001	0.939
neutral	0.026	0.000	0.002	0.001	0.018	0.001	0.951
neutral	0.026	0.000	0.002	0.001	0.025	0.000	0.947
neutral	0.029	0.000	0.001	0.000	0.018	0.000	0.951
neutral	0.029	0.000	0.001	0.000	0.015	0.000	0.955
neutral	0.040	0.000	0.002	0.000	0.019	0.000	0.938
neutral	0.037	0.000	0.001	0.001	0.018	0.001	0.942
neutral	0.035	0.000	0.001	0.001	0.019	0.000	0.943
neutral	0.152	0.000	0.003	0.001	0.102	0.000	0.741
neutral	0.098	0.000	0.007	0.000	0.123	0.000	0.771
neutral	0.026	0.000	0.002	0.000	0.024	0.000	0.948
neutral	0.035	0.000	0.002	0.000	0.016	0.000	0.947
neutral	0.032	0.000	0.002	0.001	0.017	0.000	0.948
neutral	0.041	0.000	0.003	0.000	0.027	0.000	0.928
neutral	0.035	0.000	0.002	0.000	0.020	0.001	0.941
neutral	0.043	0.000	0.003	0.000	0.024	0.000	0.929
neutral	0.044	0.000	0.002	0.001	0.020	0.000	0.932
neutral	0.088	0.000	0.002	0.001	0.035	0.002	0.872
neutral	0.030	0.000	0.001	0.001	0.011	0.000	0.957
neutral	0.046	0.000	0.002	0.001	0.018	0.000	0.933
neutral	0.052	0.000	0.004	0.001	0.035	0.001	0.908
neutral	0.049	0.000	0.003	0.000	0.022	0.002	0.924
neutral	0.054	0.000	0.003	0.000	0.032	0.000	0.911
neutral	0.028	0.000	0.002	0.000	0.013	0.001	0.956
neutral	0.038	0.000	0.003	0.001	0.024	0.000	0.934
neutral	0.050	0.000	0.002	0.001	0.026	0.000	0.921
neutral	0.039	0.000	0.002	0.001	0.022	0.001	0.934
neutral	0.042	0.000	0.003	0.000	0.014	0.001	0.940
neutral	0.044	0.000	0.002	0.001	0.018	0.000	0.935
neutral	0.041	0.000	0.002	0.000	0.017	0.000	0.939
neutral	0.107	0.000	0.002	0.001	0.041	0.001	0.849
neutral	0.052	0.000	0.001	0.001	0.012	0.001	0.933
neutral	0.026	0.000	0.002	0.001	0.013	0.001	0.956
neutral	0.035	0.000	0.003	0.001	0.031	0.001	0.929
neutral	0.030	0.000	0.002	0.002	0.021	0.002	0.943
neutral	0.031	0.000	0.003	0.002	0.029	0.001	0.934
neutral	0.059	0.000	0.003	0.001	0.030	0.002	0.905
neutral	0.061	0.000	0.003	0.001	0.031	0.002	0.901
neutral	0.050	0.000	0.002	0.001	0.039	0.001	0.907
neutral	0.080	0.000	0.004	0.001	0.038	0.002	0.876
neutral	0.139	0.000	0.005	0.001	0.058	0.001	0.796
neutral	0.054	0.000	0.004	0.001	0.046	0.001	0.894
neutral	0.042	0.000	0.001	0.000	0.020	0.000	0.937
neutral	0.039	0.000	0.004	0.002	0.038	0.003	0.914
neutral	0.092	0.000	0.004	0.001	0.066	0.000	0.837
neutral	0.078	0.000	0.002	0.001	0.044	0.000	0.876
neutral	0.073	0.000	0.003	0.001	0.070	0.001	0.851
neutral	0.067	0.000	0.002	0.001	0.090	0.001	0.839
neutral	0.042	0.000	0.002	0.002	0.052	0.002	0.900
neutral	0.081	0.000	0.003	0.001	0.132	0.002	0.781
neutral	0.025	0.000	0.004	0.001	0.064	0.003	0.903
neutral	0.022	0.000	0.006	0.001	0.066	0.002	0.904
neutral	0.039	0.000	0.004	0.001	0.106	0.003	0.848
neutral	0.026	0.000	0.004	0.001	0.062	0.003	0.905
neutral	0.025	0.000	0.004	0.001	0.064	0.004	0.902
neutral	0.021	0.000	0.003	0.000	0.059	0.003	0.914
neutral	0.050	0.000	0.003	0.001	0.129	0.003	0.814
neutral	0.068	0.000	0.001	0.001	0.043	0.001	0.885
neutral	0.124	0.000	0.003	0.001	0.125	0.001	0.746
neutral	0.054	0.000	0.004	0.001	0.068	0.002	0.871
neutral	0.079	0.000	0.003	0.001	0.061	0.001	0.856
neutral	0.050	0.000	0.003	0.001	0.053	0.002	0.890
neutral	0.047	0.000	0.002	0.003	0.030	0.002	0.916
neutral	0.083	0.001	0.003	0.022	0.034	0.006	0.851
neutral	0.126	0.002	0.002	0.017	0.044	0.003	0.805
neutral	0.053	0.001	0.003	0.011	0.028	0.005	0.900
neutral	0.062	0.001	0.003	0.015	0.044	0.007	0.867
neutral	0.066	0.000	0.002	0.007	0.025	0.002	0.897
neutral	0.061	0.001	0.003	0.005	0.038	0.004	0.889
neutral	0.042	0.000	0.003	0.007	0.025	0.003	0.921
neutral	0.062	0.001	0.006	0.005	0.060	0.004	0.862
neutral	0.050	0.000	0.004	0.005	0.036	0.003	0.901
neutral	0.073	0.000	0.005	0.003	0.065	0.003	0.850
neutral	0.092	0.000	0.005	0.004	0.060	0.004	0.834
neutral	0.038	0.000	0.003	0.004	0.028	0.001	0.927
neutral	0.118	0.000	0.009	0.012	0.107	0.007	0.747
neutral	0.074	0.000	0.003	0.004	0.056	0.002	0.861
neutral	0.133	0.001	0.015	0.004	0.202	0.004	0.641
neutral	0.065	0.000	0.006	0.002	0.059	0.002	0.866
neutral	0.102	0.001	0.004	0.001	0.068	0.001	0.823
neutral	0.065	0.000	0.002	0.001	0.032	0.001	0.899
neutral	0.059	0.000	0.007	0.006	0.051	0.002	0.873
neutral	0.094	0.001	0.008	0.011	0.053	0.008	0.824
neutral	0.044	0.000	0.006	0.004	0.032	0.004	0.910
neutral	0.023	0.000	0.005	0.002	0.023	0.003	0.945
neutral	0.028	0.000	0.008	0.002	0.047	0.003	0.912
neutral	0.062	0.000	0.007	0.006	0.044	0.005	0.877
neutral	0.057	0.000	0.005	0.001	0.038	0.002	0.896
neutral	0.069	0.000	0.004	0.002	0.051	0.003	0.872
neutral	0.135	0.000	0.016	0.001	0.155	0.003	0.689
neutral	0.044	0.000	0.007	0.002	0.046	0.003	0.898
neutral	0.068	0.000	0.005	0.001	0.047	0.002	0.878
neutral	0.086	0.000	0.003	0.001	0.040	0.000	0.869
neutral	0.099	0.000	0.006	0.001	0.065	0.001	0.828
neutral	0.095	0.000	0.008	0.001	0.093	0.001	0.801
neutral	0.076	0.000	0.005	0.001	0.061	0.001	0.857
neutral	0.062	0.000	0.005	0.001	0.055	0.001	0.876
neutral	0.078	0.000	0.006	0.001	0.089	0.001	0.824
neutral	0.073	0.000	0.016	0.002	0.090	0.004	0.814
neutral	0.052	0.000	0.005	0.001	0.028	0.002	0.912
neutral	0.069	0.000	0.007	0.001	0.060	0.001	0.862
neutral	0.083	0.000	0.003	0.001	0.038	0.000	0.874
neutral	0.111	0.000	0.005	0.001	0.057	0.001	0.825
neutral	0.119	0.000	0.004	0.001	0.069	0.001	0.806
neutral	0.055	0.000	0.009	0.002	0.071	0.002	0.862
neutral	0.090	0.000	0.003	0.001	0.034	0.001	0.871
neutral	0.111	0.000	0.004	0.001	0.068	0.001	0.814
neutral	0.035	0.000	0.005	0.001	0.029	0.002	0.928
neutral	0.110	0.000	0.008	0.002	0.091	0.002	0.787
neutral	0.104	0.000	0.005	0.002	0.054	0.002	0.834
neutral	0.118	0.000	0.005	0.003	0.054	0.003	0.817
neutral	0.083	0.000	0.004	0.001	0.050	0.002	0.859
neutral	0.085	0.000	0.004	0.003	0.053	0.002	0.854
neutral	0.067	0.000	0.006	0.002	0.059	0.001	0.865
neutral	0.094	0.000	0.004	0.001	0.052	0.000	0.848
neutral	0.090	0.000	0.004	0.002	0.050	0.000	0.854
neutral	0.108	0.000	0.011	0.003	0.069	0.004	0.804
neutral	0.116	0.000	0.015	0.004	0.081	0.005	0.780
neutral	0.068	0.000	0.004	0.001	0.055	0.000	0.871
neutral	0.070	0.000	0.005	0.001	0.067	0.001	0.856
neutral	0.077	0.000	0.004	0.001	0.046	0.000	0.872
neutral	0.063	0.000	0.004	0.002	0.039	0.001	0.892
neutral	0.114	0.000	0.006	0.002	0.064	0.001	0.814
neutral	0.073	0.000	0.005	0.001	0.066	0.001	0.855
neutral	0.036	0.000	0.005	0.002	0.033	0.001	0.923
neutral	0.072	0.000	0.005	0.001	0.068	0.001	0.853
neutral	0.059	0.000	0.004	0.001	0.047	0.001	0.889
neutral	0.089	0.000	0.003	0.001	0.045	0.001	0.861
neutral	0.094	0.000	0.003	0.001	0.053	0.001	0.849
neutral	0.077	0.000	0.005	0.002	0.052	0.000	0.865
neutral	0.071	0.000	0.005	0.001	0.049	0.001	0.873
neutral	0.045	0.000	0.002	0.001	0.024	0.001	0.927
neutral	0.057	0.000	0.004	0.001	0.045	0.001	0.892
neutral	0.108	0.000	0.004	0.001	0.044	0.002	0.842
neutral	0.100	0.000	0.004	0.001	0.036	0.001	0.859
neutral	0.059	0.000	0.002	0.001	0.033	0.001	0.904
neutral	0.030	0.000	0.002	0.002	0.018	0.001	0.947
neutral	0.053	0.000	0.004	0.001	0.027	0.001	0.914
neutral	0.032	0.000	0.004	0.002	0.027	0.002	0.933
neutral	0.035	0.000	0.005	0.001	0.023	0.002	0.934
neutral	0.050	0.000	0.005	0.001	0.027	0.002	0.915
neutral	0.055	0.000	0.007	0.001	0.045	0.004	0.888
neutral	0.060	0.000	0.008	0.001	0.044	0.004	0.883
neutral	0.081	0.000	0.006	0.002	0.039	0.002	0.869
neutral	0.092	0.000	0.008	0.001	0.054	0.001	0.844
neutral	0.103	0.000	0.004	0.001	0.032	0.001	0.859
neutral	0.046	0.000	0.002	0.001	0.016	0.001	0.934
neutral	0.017	0.000	0.004	0.005	0.023	0.002	0.950
neutral	0.016	0.000	0.002	0.001	0.011	0.001	0.968
neutral	0.019	0.000	0.003	0.003	0.016	0.002	0.957
neutral	0.019	0.000	0.006	0.007	0.025	0.002	0.942
neutral	0.031	0.000	0.008	0.007	0.022	0.005	0.927
neutral	0.042	0.000	0.002	0.001	0.019	0.000	0.935
neutral	0.080	0.000	0.030	0.016	0.076	0.022	0.776
neutral	0.103	0.001	0.050	0.106	0.096	0.045	0.599
neutral	0.076	0.001	0.015	0.087	0.045	0.028	0.747
neutral	0.034	0.001	0.017	0.079	0.053	0.008	0.808
neutral	0.059	0.000	0.011	0.018	0.069	0.009	0.834
neutral	0.048	0.000	0.008	0.009	0.057	0.004	0.874
neutral	0.039	0.000	0.009	0.003	0.055	0.005	0.889
neutral	0.030	0.000	0.006	0.002	0.044	0.002	0.916
neutral	0.123	0.000	0.002	0.002	0.031	0.001	0.841
neutral	0.060	0.000	0.005	0.001	0.058	0.000	0.875
neutral	0.086	0.000	0.005	0.001	0.058	0.001	0.849
neutral	0.132	0.000	0.010	0.000	0.098	0.003	0.757
neutral	0.102	0.000	0.008	0.000	0.081	0.004	0.805
neutral	0.043	0.000	0.011	0.002	0.061	0.005	0.879
neutral	0.034	0.000	0.006	0.028	0.027	0.004	0.901
neutral	0.032	0.000	0.006	0.014	0.029	0.006	0.912
neutral	0.043	0.000	0.007	0.005	0.036	0.002	0.906
neutral	0.048	0.000	0.006	0.003	0.044	0.003	0.896
neutral	0.047	0.000	0.009	0.010	0.036	0.009	0.889
neutral	0.023	0.000	0.008	0.024	0.026	0.007	0.912
neutral	0.049	0.001	0.020	0.042	0.062	0.046	0.781
neutral	0.049	0.001	0.018	0.034	0.070	0.031	0.796
neutral	0.049	0.000	0.008	0.025	0.027	0.010	0.881
neutral	0.057	0.000	0.015	0.018	0.026	0.022	0.862
neutral	0.024	0.000	0.005	0.008	0.012	0.004	0.947
neutral	0.090	0.000	0.003	0.005	0.039	0.001	0.863
neutral	0.061	0.000	0.004	0.011	0.019	0.005	0.899
neutral	0.028	0.000	0.012	0.049	0.015	0.013	0.884
neutral	0.032	0.000	0.016	0.029	0.020	0.011	0.892
neutral	0.029	0.000	0.008	0.008	0.013	0.006	0.935
neutral	0.032	0.000	0.004	0.003	0.021	0.001	0.938
neutral	0.040	0.000	0.004	0.003	0.032	0.001	0.920
neutral	0.030	0.000	0.007	0.007	0.016	0.005	0.934
neutral	0.038	0.000	0.008	0.004	0.026	0.003	0.921
neutral	0.043	0.000	0.005	0.002	0.027	0.002	0.922
neutral	0.034	0.000	0.004	0.002	0.021	0.002	0.938
neutral	0.049	0.000	0.002	0.002	0.022	0.001	0.924
neutral	0.028	0.000	0.002	0.006	0.010	0.002	0.952
neutral	0.029	0.000	0.006	0.021	0.018	0.008	0.918
neutral	0.021	0.000	0.005	0.029	0.014	0.004	0.927
neutral	0.041	0.000	0.015	0.034	0.042	0.026	0.842
neutral	0.033	0.000	0.005	0.010	0.027	0.005	0.920
neutral	0.044	0.000	0.003	0.003	0.019	0.002	0.929
neutral	0.030	0.000	0.004	0.003	0.023	0.002	0.940
neutral	0.025	0.000	0.003	0.002	0.022	0.002	0.947
neutral	0.017	0.000	0.004	0.002	0.020	0.001	0.955
neutral	0.048	0.001	0.021	0.002	0.134	0.000	0.794
neutral	0.043	0.001	0.006	0.004	0.048	0.001	0.897
neutral	0.110	0.000	0.005	0.001	0.055	0.001	0.828
neutral	0.037	0.000	0.002	0.001	0.025	0.001	0.934
neutral	0.079	0.000	0.002	0.001	0.048	0.001	0.869
neutral	0.029	0.000	0.002	0.002	0.019	0.001	0.947
neutral	0.055	0.000	0.009	0.019	0.031	0.007	0.879
neutral	0.019	0.000	0.005	0.005	0.017	0.002	0.951
neutral	0.042	0.000	0.003	0.002	0.024	0.002	0.928
neutral	0.052	0.000	0.004	0.001	0.030	0.002	0.911
neutral	0.065	0.000	0.004	0.002	0.053	0.001	0.875
neutral	0.068	0.000	0.005	0.001	0.054	0.001	0.870
neutral	0.063	0.000	0.004	0.001	0.045	0.002	0.884
neutral	0.036	0.000	0.003	0.002	0.027	0.002	0.931
neutral	0.020	0.000	0.002	0.001	0.015	0.001	0.959
neutral	0.019	0.000	0.008	0.001	0.029	0.001	0.941
neutral	0.016	0.000	0.005	0.001	0.027	0.002	0.949
neutral	0.021	0.001	0.005	0.002	0.024	0.001	0.945
neutral	0.014	0.000	0.004	0.006	0.014	0.002	0.961
neutral	0.028	0.000	0.001	0.007	0.013	0.002	0.949
neutral	0.059	0.000	0.003	0.004	0.020	0.002	0.912
neutral	0.032	0.000	0.003	0.009	0.019	0.002	0.935
neutral	0.025	0.000	0.006	0.039	0.020	0.005	0.905
neutral	0.047	0.001	0.015	0.084	0.039	0.027	0.787
neutral	0.056	0.001	0.016	0.074	0.033	0.026	0.794
neutral	0.068	0.000	0.003	0.003	0.024	0.001	0.901
neutral	0.040	0.000	0.002	0.008	0.019	0.001	0.929
neutral	0.044	0.000	0.002	0.002	0.016	0.001	0.935
neutral	0.022	0.000	0.002	0.004	0.011	0.001	0.959
neutral	0.039	0.000	0.003	0.005	0.020	0.002	0.930
neutral	0.020	0.000	0.006	0.003	0.038	0.004	0.928
neutral	0.033	0.000	0.002	0.003	0.015	0.001	0.947
neutral	0.061	0.000	0.004	0.002	0.033	0.003	0.897
neutral	0.054	0.000	0.003	0.001	0.026	0.002	0.913
neutral	0.056	0.000	0.003	0.002	0.024	0.002	0.913
neutral	0.078	0.000	0.002	0.002	0.034	0.001	0.883
neutral	0.029	0.000	0.004	0.002	0.021	0.003	0.940
neutral	0.017	0.000	0.009	0.008	0.024	0.004	0.939
neutral	0.017	0.001	0.005	0.034	0.016	0.003	0.923
neutral	0.011	0.000	0.003	0.027	0.007	0.001	0.951
neutral	0.020	0.001	0.017	0.068	0.029	0.014	0.852
neutral	0.023	0.000	0.007	0.013	0.022	0.003	0.930
neutral	0.040	0.000	0.003	0.005	0.033	0.001	0.917
neutral	0.037	0.000	0.002	0.002	0.023	0.001	0.935
neutral	0.069	0.000	0.002	0.001	0.032	0.001	0.895
neutral	0.086	0.000	0.002	0.003	0.031	0.000	0.878
neutral	0.050	0.000	0.008	0.021	0.027	0.005	0.889
neutral	0.045	0.001	0.010	0.013	0.033	0.003	0.895
neutral	0.038	0.000	0.020	0.030	0.040	0.008	0.865
neutral	0.033	0.001	0.018	0.024	0.038	0.009	0.877
neutral	0.029	0.000	0.004	0.008	0.020	0.002	0.937
neutral	0.027	0.000	0.003	0.005	0.017	0.001	0.946
neutral	0.031	0.000	0.002	0.003	0.023	0.000	0.941
neutral	0.041	0.000	0.003	0.002	0.026	0.001	0.928
neutral	0.042	0.000	0.003	0.002	0.037	0.001	0.914
neutral	0.085	0.001	0.004	0.003	0.056	0.002	0.850
neutral	0.060	0.000	0.006	0.005	0.049	0.002	0.877
neutral	0.052	0.000	0.002	0.003	0.029	0.000	0.914
neutral	0.081	0.000	0.002	0.006	0.028	0.000	0.883
neutral	0.081	0.000	0.003	0.004	0.025	0.001	0.887
neutral	0.080	0.000	0.003	0.002	0.034	0.000	0.881
neutral	0.105	0.000	0.006	0.003	0.045	0.001	0.839
neutral	0.068	0.000	0.006	0.003	0.044	0.001	0.878
neutral	0.057	0.000	0.003	0.002	0.032	0.001	0.905
neutral	0.068	0.000	0.005	0.002	0.043	0.001	0.880
neutral	0.085	0.000	0.003	0.001	0.046	0.001	0.864
neutral	0.064	0.000	0.005	0.002	0.048	0.001	0.881
neutral	0.059	0.000	0.013	0.001	0.064	0.001	0.862
neutral	0.052	0.000	0.005	0.001	0.041	0.001	0.901
neutral	0.064	0.000	0.005	0.001	0.036	0.001	0.894
neutral	0.089	0.000	0.005	0.001	0.058	0.001	0.845
neutral	0.087	0.000	0.006	0.001	0.055	0.001	0.850
neutral	0.088	0.000	0.004	0.002	0.056	0.001	0.849
neutral	0.100	0.000	0.006	0.002	0.067	0.001	0.825
neutral	0.080	0.000	0.004	0.001	0.049	0.001	0.865
neutral	0.130	0.000	0.005	0.001	0.061	0.001	0.801
neutral	0.118	0.000	0.007	0.001	0.071	0.001	0.802
neutral	0.061	0.000	0.004	0.001	0.044	0.001	0.890
neutral	0.089	0.000	0.006	0.001	0.083	0.001	0.820
neutral	0.091	0.000	0.005	0.001	0.066	0.001	0.836
neutral	0.136	0.001	0.005	0.001	0.066	0.001	0.791
neutral	0.100	0.000	0.004	0.001	0.049	0.001	0.846
neutral	0.076	0.000	0.005	0.002	0.050	0.002	0.864
neutral	0.048	0.000	0.007	0.001	0.058	0.001	0.884
neutral	0.063	0.000	0.004	0.001	0.048	0.001	0.884
neutral	0.109	0.001	0.003	0.001	0.045	0.000	0.840
neutral	0.112	0.001	0.005	0.001	0.065	0.001	0.815
neutral	0.072	0.000	0.007	0.001	0.055	0.001	0.862
neutral	0.062	0.000	0.006	0.001	0.047	0.001	0.883
neutral	0.101	0.000	0.010	0.001	0.073	0.001	0.814
neutral	0.116	0.000	0.004	0.002	0.059	0.001	0.818
neutral	0.074	0.001	0.009	0.002	0.071	0.002	0.842
neutral	0.121	0.000	0.004	0.001	0.050	0.001	0.824
neutral	0.070	0.000	0.007	0.002	0.058	0.003	0.860
neutral	0.093	0.000	0.004	0.001	0.056	0.001	0.845
neutral	0.072	0.000	0.006	0.001	0.068	0.001	0.851
neutral	0.098	0.000	0.007	0.001	0.066	0.001	0.828
neutral	0.075	0.000	0.007	0.001	0.064	0.002	0.850
neutral	0.102	0.000	0.006	0.001	0.064	0.001	0.825
neutral	0.124	0.000	0.009	0.001	0.087	0.001	0.777
neutral	0.107	0.000	0.006	0.001	0.070	0.001	0.814
neutral	0.093	0.000	0.010	0.001	0.091	0.001	0.804
neutral	0.108	0.000	0.006	0.001	0.069	0.001	0.814
neutral	0.142	0.000	0.004	0.001	0.060	0.000	0.793
neutral	0.065	0.000	0.005	0.000	0.050	0.000	0.879
neutral	0.072	0.000	0.010	0.001	0.072	0.001	0.844
neutral	0.094	0.000	0.006	0.001	0.060	0.001	0.838
neutral	0.072	0.000	0.006	0.001	0.052	0.002	0.867
neutral	0.085	0.000	0.008	0.001	0.075	0.001	0.830
neutral	0.155	0.000	0.007	0.001	0.094	0.000	0.743
neutral	0.070	0.000	0.005	0.001	0.057	0.001	0.867
neutral	0.088	0.000	0.009	0.001	0.067	0.002	0.833
neutral	0.129	0.001	0.006	0.002	0.067	0.001	0.795
neutral	0.107	0.000	0.014	0.001	0.113	0.001	0.764
neutral	0.093	0.000	0.005	0.001	0.052	0.001	0.847
neutral	0.094	0.000	0.005	0.001	0.048	0.001	0.852
neutral	0.082	0.000	0.005	0.001	0.039	0.001	0.872
neutral	0.091	0.000	0.007	0.001	0.087	0.001	0.814
neutral	0.072	0.000	0.010	0.001	0.075	0.001	0.841
neutral	0.108	0.000	0.005	0.001	0.045	0.001	0.840
neutral	0.104	0.000	0.007	0.002	0.067	0.002	0.818
neutral	0.070	0.000	0.007	0.001	0.063	0.001	0.857
neutral	0.108	0.000	0.006	0.001	0.052	0.001	0.830
neutral	0.078	0.000	0.009	0.001	0.059	0.002	0.851
neutral	0.062	0.001	0.006	0.002	0.050	0.001	0.879
neutral	0.076	0.000	0.003	0.001	0.039	0.000	0.880
neutral	0.082	0.000	0.007	0.001	0.053	0.001	0.856
neutral	0.088	0.000	0.005	0.001	0.045	0.001	0.860
neutral	0.052	0.000	0.004	0.001	0.041	0.001	0.901
neutral	0.070	0.000	0.006	0.001	0.053	0.001	0.869
neutral	0.051	0.000	0.006	0.001	0.043	0.001	0.898
neutral	0.050	0.001	0.007	0.002	0.045	0.001	0.895
neutral	0.104	0.000	0.006	0.001	0.060	0.001	0.829
neutral	0.070	0.000	0.004	0.001	0.056	0.001	0.867
neutral	0.049	0.000	0.006	0.001	0.043	0.001	0.899
neutral	0.087	0.000	0.008	0.001	0.060	0.002	0.842
neutral	0.086	0.000	0.006	0.001	0.051	0.001	0.855
neutral	0.048	0.000	0.006	0.001	0.049	0.002	0.894
neutral	0.115	0.000	0.004	0.001	0.044	0.001	0.835
neutral	0.094	0.000	0.007	0.001	0.064	0.002	0.831
neutral	0.049	0.001	0.004	0.002	0.049	0.001	0.895
neutral	0.109	0.000	0.006	0.001	0.057	0.001	0.826
neutral	0.075	0.000	0.007	0.001	0.057	0.004	0.855
neutral	0.095	0.000	0.005	0.001	0.056	0.001	0.841
neutral	0.067	0.000	0.006	0.002	0.048	0.003	0.874
neutral	0.076	0.000	0.004	0.002	0.055	0.001	0.860
neutral	0.071	0.000	0.004	0.001	0.045	0.002	0.876
neutral	0.080	0.000	0.004	0.002	0.052	0.001	0.861
neutral	0.062	0.000	0.007	0.001	0.057	0.002	0.870
neutral	0.106	0.000	0.003	0.001	0.047	0.000	0.844
neutral	0.098	0.000	0.002	0.001	0.031	0.001	0.867
neutral	0.133	0.000	0.006	0.002	0.056	0.004	0.800
neutral	0.115	0.000	0.005	0.001	0.060	0.001	0.818
neutral	0.072	0.000	0.005	0.002	0.050	0.003	0.868
neutral	0.072	0.000	0.006	0.002	0.055	0.002	0.863
neutral	0.088	0.000	0.004	0.001	0.031	0.002	0.875
neutral	0.073	0.000	0.003	0.001	0.032	0.002	0.889
neutral	0.061	0.000	0.004	0.002	0.032	0.003	0.898
neutral	0.095	0.000	0.003	0.001	0.038	0.001	0.862
neutral	0.123	0.000	0.005	0.001	0.068	0.001	0.802
neutral	0.066	0.000	0.004	0.002	0.031	0.002	0.895
neutral	0.076	0.000	0.005	0.002	0.038	0.002	0.878
neutral	0.093	0.000	0.003	0.001	0.034	0.001	0.868
neutral	0.058	0.000	0.007	0.001	0.041	0.001	0.891
neutral	0.072	0.000	0.006	0.001	0.034	0.001	0.887
neutral	0.088	0.000	0.008	0.001	0.073	0.001	0.829
neutral	0.150	0.000	0.004	0.001	0.053	0.001	0.792
neutral	0.108	0.000	0.006	0.001	0.056	0.001	0.828
neutral	0.063	0.000	0.004	0.001	0.030	0.001	0.901
neutral	0.103	0.000	0.005	0.001	0.044	0.001	0.846
neutral	0.109	0.000	0.005	0.001	0.055	0.001	0.829
neutral	0.067	0.000	0.004	0.001	0.036	0.001	0.891
neutral	0.068	0.000	0.005	0.001	0.043	0.001	0.883
neutral	0.076	0.000	0.004	0.001	0.040	0.001	0.878
neutral	0.132	0.000	0.005	0.001	0.063	0.001	0.798
neutral	0.123	0.000	0.008	0.001	0.099	0.001	0.767
neutral	0.075	0.000	0.005	0.001	0.044	0.001	0.874
neutral	0.100	0.000	0.007	0.001	0.053	0.003	0.836
neutral	0.078	0.000	0.005	0.001	0.041	0.001	0.874
neutral	0.092	0.000	0.004	0.001	0.040	0.001	0.863
neutral	0.071	0.000	0.007	0.001	0.048	0.001	0.872
neutral	0.112	0.000	0.005	0.001	0.051	0.002	0.829
neutral	0.074	0.000	0.006	0.001	0.048	0.002	0.869
neutral	0.109	0.000	0.007	0.001	0.060	0.001	0.822
neutral	0.123	0.000	0.007	0.001	0.084	0.001	0.785
neutral	0.185	0.000	0.006	0.001	0.113	0.001	0.694
neutral	0.086	0.001	0.007	0.002	0.063	0.001	0.841
neutral	0.086	0.000	0.006	0.001	0.043	0.001	0.864
neutral	0.110	0.000	0.006	0.001	0.052	0.001	0.828
neutral	0.202	0.000	0.004	0.000	0.066	0.001	0.728
neutral	0.130	0.000	0.007	0.002	0.087	0.001	0.773
neutral	0.107	0.001	0.009	0.001	0.056	0.002	0.823
neutral	0.096	0.000	0.008	0.001	0.056	0.002	0.836
neutral	0.075	0.001	0.008	0.001	0.065	0.001	0.850
neutral	0.182	0.000	0.002	0.000	0.074	0.000	0.741
neutral	0.172	0.000	0.004	0.001	0.085	0.000	0.738
neutral	0.166	0.000	0.006	0.001	0.068	0.001	0.759
neutral	0.076	0.001	0.010	0.001	0.071	0.000	0.842
neutral	0.117	0.001	0.005	0.001	0.058	0.001	0.818
neutral	0.143	0.000	0.004	0.001	0.070	0.000	0.781
neutral	0.129	0.000	0.004	0.001	0.069	0.000	0.797
neutral	0.114	0.000	0.005	0.002	0.064	0.000	0.815
neutral	0.058	0.000	0.003	0.004	0.028	0.001	0.907
neutral	0.041	0.000	0.003	0.004	0.020	0.001	0.931
neutral	0.025	0.000	0.010	0.007	0.040	0.001	0.917
neutral	0.026	0.000	0.006	0.003	0.022	0.002	0.940
neutral	0.030	0.000	0.011	0.004	0.024	0.003	0.928
neutral	0.066	0.000	0.018	0.005	0.030	0.007	0.875
neutral	0.045	0.000	0.016	0.004	0.021	0.009	0.904
neutral	0.087	0.000	0.010	0.002	0.026	0.002	0.873
neutral	0.096	0.000	0.006	0.002	0.030	0.001	0.865
neutral	0.088	0.001	0.075	0.121	0.080	0.062	0.573
neutral	0.080	0.001	0.062	0.076	0.082	0.059	0.639
neutral	0.095	0.002	0.046	0.074	0.105	0.024	0.655
neutral	0.022	0.000	0.019	0.036	0.031	0.011	0.881
neutral	0.028	0.000	0.004	0.015	0.021	0.001	0.932
neutral	0.036	0.001	0.009	0.013	0.033	0.001	0.907
neutral	0.032	0.001	0.005	0.004	0.035	0.001	0.922
neutral	0.037	0.001	0.007	0.005	0.033	0.004	0.914
neutral	0.053	0.000	0.012	0.011	0.045	0.010	0.868
neutral	0.058	0.000	0.003	0.002	0.019	0.000	0.917
neutral	0.061	0.000	0.004	0.001	0.036	0.000	0.897
neutral	0.085	0.000	0.005	0.001	0.052	0.000	0.856
neutral	0.043	0.000	0.004	0.001	0.045	0.001	0.905
neutral	0.043	0.000	0.004	0.001	0.051	0.001	0.901
neutral	0.050	0.000	0.003	0.001	0.038	0.000	0.908
neutral	0.056	0.000	0.003	0.001	0.031	0.001	0.909
neutral	0.052	0.000	0.003	0.000	0.044	0.000	0.901
neutral	0.031	0.000	0.005	0.002	0.045	0.001	0.916
neutral	0.042	0.000	0.007	0.002	0.049	0.001	0.898
neutral	0.033	0.002	0.014	0.010	0.046	0.005	0.891
neutral	0.032	0.001	0.012	0.028	0.052	0.011	0.865
neutral	0.029	0.000	0.004	0.004	0.018	0.002	0.943
neutral	0.053	0.000	0.005	0.003	0.038	0.001	0.900
neutral	0.017	0.000	0.009	0.013	0.024	0.003	0.935
neutral	0.040	0.000	0.006	0.009	0.022	0.004	0.919
neutral	0.031	0.000	0.009	0.016	0.041	0.006	0.897
neutral	0.042	0.001	0.011	0.036	0.035	0.006	0.870
neutral	0.038	0.000	0.011	0.030	0.028	0.009	0.883
neutral	0.042	0.001	0.019	0.066	0.045	0.028	0.799
neutral	0.025	0.000	0.004	0.008	0.014	0.001	0.949
neutral	0.023	0.000	0.002	0.005	0.015	0.001	0.954
neutral	0.042	0.000	0.010	0.017	0.019	0.006	0.906
neutral	0.026	0.000	0.017	0.062	0.030	0.029	0.836
neutral	0.024	0.000	0.012	0.016	0.020	0.010	0.918
neutral	0.063	0.000	0.004	0.001	0.027	0.001	0.904
neutral	0.093	0.000	0.002	0.000	0.046	0.000	0.858
neutral	0.054	0.000	0.007	0.002	0.033	0.002	0.902
neutral	0.017	0.000	0.005	0.003	0.026	0.004	0.945
neutral	0.030	0.000	0.007	0.007	0.023	0.003	0.930
neutral	0.022	0.000	0.004	0.006	0.020	0.001	0.946
neutral	0.025	0.000	0.013	0.005	0.035	0.004	0.918
neutral	0.023	0.000	0.004	0.008	0.014	0.005	0.946
neutral	0.050	0.000	0.004	0.004	0.016	0.001	0.925
neutral	0.025	0.000	0.014	0.042	0.018	0.016	0.885
neutral	0.045	0.000	0.026	0.062	0.032	0.040	0.794
neutral	0.015	0.000	0.010	0.005	0.024	0.003	0.943
neutral	0.019	0.000	0.006	0.005	0.026	0.002	0.942
neutral	0.021	0.000	0.007	0.009	0.025	0.004	0.933
neutral	0.024	0.000	0.014	0.008	0.038	0.009	0.907
neutral	0.019	0.000	0.014	0.003	0.036	0.005	0.924
neutral	0.023	0.000	0.009	0.007	0.025	0.002	0.933
neutral	0.018	0.000	0.008	0.007	0.025	0.002	0.939
neutral	0.028	0.000	0.006	0.005	0.025	0.002	0.934
neutral	0.019	0.000	0.006	0.008	0.025	0.004	0.938
neutral	0.026	0.000	0.006	0.008	0.025	0.002	0.932
neutral	0.061	0.000	0.006	0.004	0.032	0.002	0.894
neutral	0.034	0.000	0.006	0.004	0.019	0.002	0.936
neutral	0.043	0.000	0.006	0.009	0.019	0.004	0.919
neutral	0.038	0.000	0.006	0.006	0.025	0.002	0.923
neutral	0.062	0.002	0.044	0.037	0.085	0.041	0.729
neutral	0.057	0.003	0.032	0.033	0.059	0.023	0.793
neutral	0.035	0.001	0.015	0.011	0.041	0.010	0.887
neutral	0.056	0.000	0.003	0.003	0.027	0.001	0.910
neutral	0.093	0.000	0.005	0.004	0.034	0.002	0.863
neutral	0.026	0.000	0.004	0.004	0.020	0.001	0.945
neutral	0.028	0.000	0.008	0.004	0.037	0.002	0.922
neutral	0.032	0.000	0.005	0.003	0.034	0.001	0.924
neutral	0.039	0.000	0.004	0.002	0.024	0.001	0.929
neutral	0.057	0.000	0.006	0.001	0.036	0.001	0.899
neutral	0.034	0.000	0.009	0.002	0.032	0.003	0.920
neutral	0.024	0.000	0.012	0.002	0.040	0.003	0.919
neutral	0.020	0.000	0.010	0.004	0.033	0.004	0.930
neutral	0.045	0.000	0.042	0.012	0.072	0.016	0.812
neutral	0.055	0.000	0.020	0.022	0.037	0.020	0.846
neutral	0.018	0.001	0.018	0.043	0.028	0.015	0.878
neutral	0.038	0.000	0.007	0.011	0.027	0.005	0.912
neutral	0.022	0.000	0.015	0.020	0.027	0.003	0.912
neutral	0.051	0.000	0.005	0.004	0.032	0.001	0.909
neutral	0.101	0.000	0.003	0.001	0.045	0.002	0.847
neutral	0.045	0.000	0.003	0.003	0.017	0.001	0.931
neutral	0.036	0.002	0.021	0.049	0.034	0.013	0.845
neutral	0.032	0.000	0.019	0.050	0.029	0.010	0.860
neutral	0.023	0.000	0.008	0.049	0.022	0.006	0.892
neutral	0.035	0.000	0.009	0.010	0.026	0.002	0.918
neutral	0.044	0.003	0.019	0.025	0.051	0.004	0.854
neutral	0.033	0.000	0.008	0.007	0.029	0.002	0.920
neutral	0.064	0.000	0.002	0.002	0.027	0.000	0.904
neutral	0.099	0.000	0.003	0.001	0.039	0.000	0.857
neutral	0.044	0.000	0.004	0.003	0.033	0.001	0.914
neutral	0.111	0.000	0.002	0.001	0.034	0.000	0.851
neutral	0.082	0.000	0.002	0.001	0.040	0.000	0.874
neutral	0.086	0.000	0.004	0.002	0.051	0.001	0.857
neutral	0.124	0.001	0.003	0.002	0.040	0.000	0.829
neutral	0.088	0.000	0.003	0.002	0.024	0.001	0.882
neutral	0.144	0.001	0.003	0.002	0.046	0.000	0.804
neutral	0.086	0.000	0.004	0.002	0.047	0.001	0.860
neutral	0.161	0.000	0.002	0.001	0.034	0.000	0.801
neutral	0.167	0.000	0.003	0.001	0.051	0.000	0.777
neutral	0.113	0.000	0.002	0.001	0.029	0.000	0.855
neutral	0.117	0.000	0.003	0.001	0.032	0.000	0.847
neutral	0.140	0.000	0.004	0.001	0.045	0.000	0.810
neutral	0.144	0.000	0.003	0.001	0.034	0.000	0.817
neutral	0.091	0.000	0.005	0.002	0.026	0.001	0.874
neutral	0.161	0.000	0.004	0.001	0.057	0.000	0.777
neutral	0.120	0.000	0.004	0.001	0.023	0.001	0.850
neutral	0.140	0.000	0.003	0.001	0.037	0.000	0.819
neutral	0.133	0.000	0.004	0.001	0.052	0.000	0.810
neutral	0.124	0.000	0.004	0.001	0.033	0.001	0.837
neutral	0.216	0.000	0.003	0.001	0.038	0.000	0.742
neutral	0.180	0.000	0.003	0.001	0.043	0.000	0.772
neutral	0.245	0.000	0.003	0.001	0.045	0.000	0.706
neutral	0.172	0.000	0.003	0.000	0.046	0.000	0.777
neutral	0.145	0.000	0.005	0.001	0.035	0.001	0.813
neutral	0.224	0.000	0.003	0.001	0.064	0.000	0.708
neutral	0.096	0.000	0.004	0.001	0.029	0.000	0.870
neutral	0.276	0.000	0.004	0.001	0.058	0.000	0.661
neutral	0.147	0.000	0.004	0.001	0.033	0.001	0.815
neutral	0.247	0.000	0.003	0.001	0.060	0.000	0.688
neutral	0.243	0.000	0.004	0.001	0.050	0.000	0.702
neutral	0.204	0.000	0.004	0.001	0.048	0.000	0.743
neutral	0.146	0.000	0.003	0.000	0.033	0.000	0.818
neutral	0.256	0.000	0.004	0.001	0.057	0.000	0.683
neutral	0.222	0.000	0.005	0.001	0.052	0.001	0.719
neutral	0.176	0.000	0.004	0.001	0.046	0.000	0.772
neutral	0.208	0.000	0.004	0.001	0.059	0.000	0.727
neutral	0.106	0.000	0.005	0.002	0.035	0.001	0.851
neutral	0.076	0.000	0.004	0.001	0.036	0.001	0.883
neutral	0.127	0.000	0.002	0.001	0.034	0.000	0.835
neutral	0.065	0.000	0.005	0.002	0.036	0.001	0.890
neutral	0.080	0.000	0.004	0.002	0.033	0.001	0.880
neutral	0.067	0.000	0.007	0.001	0.030	0.002	0.892
neutral	0.078	0.000	0.004	0.001	0.032	0.001	0.884
neutral	0.124	0.000	0.004	0.001	0.045	0.000	0.826
neutral	0.065	0.000	0.003	0.001	0.027	0.001	0.903
neutral	0.112	0.000	0.003	0.001	0.038	0.000	0.846
neutral	0.053	0.000	0.003	0.001	0.028	0.001	0.914
neutral	0.043	0.000	0.005	0.001	0.023	0.001	0.928
neutral	0.061	0.000	0.004	0.001	0.028	0.001	0.905
neutral	0.058	0.000	0.005	0.001	0.032	0.001	0.903
neutral	0.053	0.000	0.004	0.002	0.031	0.002	0.908
neutral	0.043	0.000	0.008	0.001	0.027	0.003	0.917
neutral	0.045	0.000	0.007	0.001	0.026	0.001	0.920
neutral	0.062	0.000	0.004	0.001	0.027	0.001	0.905
neutral	0.121	0.000	0.004	0.001	0.038	0.001	0.836
neutral	0.077	0.000	0.005	0.001	0.029	0.001	0.887
neutral	0.072	0.000	0.005	0.001	0.036	0.001	0.885
neutral	0.039	0.000	0.006	0.001	0.023	0.002	0.928
neutral	0.038	0.000	0.004	0.001	0.019	0.001	0.937
neutral	0.046	0.000	0.004	0.001	0.019	0.001	0.931
neutral	0.050	0.000	0.003	0.001	0.025	0.001	0.920
neutral	0.053	0.000	0.004	0.001	0.028	0.001	0.913
neutral	0.064	0.000	0.005	0.001	0.038	0.001	0.890
neutral	0.061	0.000	0.004	0.002	0.026	0.002	0.906
neutral	0.158	0.000	0.004	0.001	0.046	0.001	0.790
neutral	0.053	0.000	0.004	0.001	0.029	0.001	0.911
neutral	0.067	0.000	0.005	0.001	0.040	0.001	0.887
neutral	0.064	0.000	0.007	0.002	0.030	0.004	0.894
neutral	0.082	0.000	0.007	0.002	0.037	0.003	0.869
neutral	0.065	0.000	0.005	0.001	0.038	0.001	0.889
neutral	0.069	0.000	0.004	0.001	0.035	0.001	0.890
neutral	0.064	0.000	0.006	0.002	0.028	0.006	0.895
neutral	0.070	0.000	0.003	0.001	0.029	0.002	0.894
neutral	0.073	0.000	0.004	0.001	0.031	0.001	0.889
neutral	0.089	0.000	0.007	0.002	0.042	0.001	0.859
neutral	0.066	0.000	0.003	0.001	0.026	0.002	0.901
neutral	0.094	0.000	0.005	0.002	0.040	0.001	0.856
neutral	0.048	0.000	0.004	0.001	0.025	0.001	0.921
neutral	0.081	0.000	0.006	0.002	0.028	0.004	0.878
neutral	0.074	0.000	0.004	0.001	0.032	0.001	0.887
neutral	0.067	0.000	0.004	0.002	0.024	0.003	0.899
neutral	0.073	0.000	0.005	0.001	0.030	0.003	0.888
neutral	0.067	0.000	0.005	0.001	0.032	0.001	0.894
neutral	0.072	0.000	0.007	0.002	0.059	0.002	0.857
neutral	0.067	0.000	0.010	0.001	0.051	0.001	0.870
neutral	0.155	0.000	0.004	0.001	0.065	0.001	0.773
neutral	0.070	0.000	0.005	0.001	0.045	0.001	0.877
neutral	0.144	0.000	0.007	0.001	0.080	0.001	0.766
neutral	0.098	0.000	0.004	0.002	0.042	0.003	0.851
neutral	0.188	0.000	0.004	0.001	0.061	0.001	0.743
neutral	0.140	0.000	0.004	0.002	0.048	0.002	0.804
neutral	0.087	0.000	0.007	0.001	0.050	0.001	0.854
neutral	0.073	0.000	0.006	0.001	0.056	0.002	0.861
neutral	0.087	0.000	0.005	0.001	0.049	0.002	0.856
neutral	0.090	0.000	0.007	0.002	0.050	0.002	0.849
neutral	0.069	0.000	0.005	0.001	0.027	0.001	0.897
neutral	0.063	0.000	0.004	0.001	0.029	0.002	0.899
neutral	0.093	0.000	0.006	0.001	0.048	0.001	0.851
neutral	0.057	0.000	0.005	0.002	0.030	0.002	0.903
neutral	0.099	0.000	0.004	0.002	0.037	0.002	0.856
neutral	0.250	0.000	0.003	0.001	0.063	0.002	0.680
neutral	0.082	0.000	0.007	0.002	0.036	0.002	0.871
neutral	0.102	0.000	0.004	0.002	0.046	0.003	0.843
neutral	0.070	0.000	0.006	0.002	0.033	0.001	0.888
neutral	0.101	0.000	0.004	0.002	0.040	0.002	0.852
neutral	0.070	0.000	0.004	0.003	0.028	0.002	0.894
neutral	0.154	0.000	0.002	0.001	0.048	0.001	0.793
neutral	0.133	0.000	0.004	0.001	0.048	0.001	0.813
neutral	0.121	0.000	0.003	0.001	0.041	0.001	0.834
neutral	0.182	0.000	0.004	0.001	0.056	0.002	0.755
neutral	0.109	0.000	0.009	0.001	0.052	0.001	0.827
neutral	0.057	0.000	0.005	0.001	0.037	0.002	0.898
neutral	0.079	0.000	0.006	0.002	0.040	0.003	0.871
neutral	0.055	0.000	0.006	0.002	0.029	0.002	0.907
neutral	0.079	0.000	0.006	0.002	0.035	0.002	0.875
neutral	0.061	0.000	0.004	0.002	0.025	0.002	0.906
neutral	0.047	0.000	0.004	0.003	0.025	0.002	0.919
neutral	0.050	0.000	0.003	0.002	0.017	0.003	0.925
neutral	0.061	0.000	0.003	0.002	0.020	0.003	0.911
neutral	0.054	0.000	0.007	0.001	0.036	0.002	0.899
neutral	0.040	0.000	0.005	0.003	0.022	0.004	0.926
neutral	0.203	0.001	0.007	0.001	0.075	0.001	0.714
neutral	0.227	0.000	0.006	0.001	0.073	0.001	0.693
neutral	0.242	0.000	0.004	0.001	0.075	0.001	0.678
neutral	0.271	0.000	0.004	0.000	0.054	0.001	0.669
neutral	0.159	0.000	0.008	0.001	0.075	0.001	0.756
neutral	0.098	0.000	0.008	0.002	0.055	0.001	0.837
neutral	0.102	0.000	0.008	0.002	0.061	0.002	0.825
neutral	0.187	0.000	0.005	0.001	0.068	0.001	0.739
neutral	0.137	0.000	0.007	0.002	0.063	0.002	0.789
neutral	0.248	0.000	0.005	0.001	0.086	0.001	0.659
neutral	0.124	0.000	0.008	0.001	0.062	0.001	0.803
neutral	0.214	0.000	0.006	0.000	0.081	0.000	0.698
neutral	0.137	0.000	0.010	0.001	0.073	0.001	0.778
neutral	0.201	0.000	0.005	0.001	0.074	0.001	0.718
neutral	0.153	0.000	0.006	0.001	0.072	0.001	0.766
neutral	0.139	0.000	0.007	0.001	0.062	0.001	0.790
neutral	0.122	0.000	0.008	0.002	0.065	0.002	0.801
neutral	0.220	0.000	0.006	0.001	0.074	0.001	0.698
neutral	0.079	0.000	0.007	0.002	0.053	0.001	0.859
neutral	0.119	0.000	0.008	0.001	0.052	0.002	0.818
neutral	0.185	0.001	0.008	0.002	0.075	0.001	0.729
neutral	0.103	0.000	0.005	0.001	0.038	0.002	0.851
neutral	0.223	0.000	0.005	0.001	0.071	0.000	0.701
neutral	0.183	0.000	0.007	0.001	0.074	0.001	0.734
neutral	0.114	0.000	0.010	0.002	0.077	0.001	0.795
neutral	0.137	0.000	0.008	0.001	0.070	0.001	0.782
neutral	0.117	0.000	0.010	0.002	0.072	0.002	0.797
neutral	0.178	0.000	0.010	0.001	0.093	0.001	0.716
neutral	0.119	0.000	0.011	0.002	0.080	0.002	0.786
neutral	0.153	0.000	0.009	0.001	0.082	0.001	0.754
neutral	0.102	0.000	0.010	0.001	0.087	0.002	0.798
neutral	0.141	0.000	0.013	0.001	0.097	0.001	0.746
neutral	0.124	0.000	0.011	0.001	0.086	0.001	0.776
neutral	0.100	0.000	0.008	0.000	0.078	0.000	0.813
neutral	0.125	0.002	0.007	0.000	0.108	0.000	0.757
neutral	0.079	0.001	0.007	0.001	0.049	0.000	0.862
neutral	0.139	0.000	0.004	0.001	0.059	0.001	0.795
neutral	0.058	0.000	0.005	0.001	0.034	0.001	0.900
neutral	0.076	0.000	0.006	0.001	0.053	0.002	0.863
neutral	0.076	0.000	0.005	0.002	0.039	0.003	0.874
neutral	0.075	0.000	0.005	0.003	0.028	0.006	0.883
neutral	0.101	0.000	0.007	0.002	0.042	0.004	0.845
neutral	0.060	0.000	0.007	0.003	0.025	0.005	0.900
neutral	0.093	0.000	0.006	0.003	0.035	0.007	0.856
neutral	0.107	0.000	0.008	0.003	0.048	0.006	0.829
neutral	0.069	0.000	0.006	0.002	0.039	0.003	0.881
neutral	0.070	0.000	0.006	0.001	0.042	0.002	0.879
neutral	0.125	0.000	0.005	0.001	0.056	0.002	0.812
neutral	0.115	0.000	0.005	0.001	0.046	0.004	0.829
neutral	0.108	0.000	0.007	0.002	0.047	0.004	0.832
neutral	0.066	0.000	0.009	0.001	0.036	0.002	0.886
neutral	0.145	0.000	0.006	0.001	0.043	0.004	0.799
neutral	0.149	0.000	0.005	0.001	0.036	0.003	0.806
neutral	0.130	0.000	0.004	0.000	0.049	0.000	0.816
neutral	0.170	0.000	0.008	0.002	0.065	0.002	0.753
neutral	0.107	0.000	0.009	0.001	0.065	0.001	0.816
neutral	0.105	0.000	0.004	0.001	0.048	0.001	0.842
neutral	0.273	0.001	0.008	0.001	0.086	0.000	0.632
neutral	0.114	0.000	0.004	0.001	0.048	0.001	0.833
neutral	0.045	0.000	0.003	0.001	0.025	0.002	0.923
neutral	0.104	0.000	0.003	0.001	0.027	0.001	0.865
neutral	0.053	0.000	0.002	0.001	0.018	0.001	0.926
neutral	0.137	0.000	0.002	0.000	0.031	0.001	0.828
neutral	0.169	0.000	0.002	0.001	0.024	0.001	0.803
neutral	0.061	0.000	0.002	0.001	0.010	0.001	0.924
neutral	0.119	0.000	0.001	0.001	0.012	0.001	0.865
neutral	0.072	0.000	0.005	0.004	0.055	0.001	0.864
neutral	0.068	0.000	0.005	0.004	0.041	0.000	0.882
neutral	0.062	0.000	0.003	0.003	0.022	0.000	0.909
neutral	0.033	0.000	0.003	0.005	0.022	0.001	0.936
neutral	0.050	0.000	0.004	0.005	0.029	0.001	0.911
neutral	0.045	0.000	0.006	0.005	0.036	0.001	0.909
neutral	0.047	0.000	0.005	0.008	0.022	0.001	0.918
neutral	0.070	0.000	0.009	0.008	0.045	0.002	0.866
neutral	0.086	0.000	0.005	0.007	0.030	0.001	0.871
neutral	0.137	0.000	0.008	0.002	0.066	0.001	0.787
neutral	0.080	0.000	0.006	0.004	0.059	0.000	0.851
neutral	0.065	0.000	0.010	0.006	0.078	0.001	0.841
neutral	0.134	0.002	0.038	0.003	0.331	0.001	0.491
neutral	0.111	0.000	0.019	0.003	0.283	0.001	0.583
neutral	0.112	0.000	0.013	0.005	0.176	0.000	0.693
neutral	0.109	0.001	0.111	0.007	0.377	0.004	0.392
sad	0.177	0.001	0.116	0.025	0.389	0.017	0.275
sad	0.121	0.001	0.118	0.079	0.439	0.006	0.235
sad	0.255	0.000	0.151	0.023	0.295	0.024	0.252
sad	0.171	0.001	0.107	0.083	0.439	0.025	0.174
neutral	0.202	0.000	0.077	0.031	0.329	0.006	0.356
sad	0.171	0.000	0.103	0.077	0.378	0.008	0.263
neutral	0.046	0.002	0.039	0.089	0.218	0.007	0.599
neutral	0.124	0.000	0.028	0.025	0.141	0.012	0.670
neutral	0.131	0.000	0.009	0.010	0.106	0.004	0.740
neutral	0.071	0.000	0.005	0.003	0.052	0.001	0.867
neutral	0.110	0.000	0.005	0.001	0.088	0.001	0.795
neutral	0.089	0.000	0.003	0.001	0.069	0.001	0.836
neutral	0.104	0.001	0.004	0.002	0.076	0.001	0.813
neutral	0.137	0.000	0.004	0.001	0.069	0.001	0.788
neutral	0.221	0.000	0.005	0.001	0.084	0.001	0.688
neutral	0.111	0.000	0.003	0.001	0.053	0.001	0.832
neutral	0.170	0.000	0.009	0.002	0.067	0.002	0.750
neutral	0.113	0.000	0.005	0.002	0.070	0.002	0.808
neutral	0.104	0.000	0.006	0.002	0.065	0.002	0.821
neutral	0.172	0.000	0.009	0.001	0.066	0.002	0.750
neutral	0.128	0.000	0.011	0.001	0.052	0.002	0.806
neutral	0.091	0.000	0.009	0.002	0.060	0.004	0.833
neutral	0.132	0.000	0.011	0.001	0.057	0.001	0.798
neutral	0.126	0.000	0.004	0.001	0.051	0.001	0.817
neutral	0.097	0.000	0.005	0.002	0.044	0.003	0.849
neutral	0.154	0.001	0.009	0.002	0.110	0.003	0.722
neutral	0.121	0.000	0.004	0.003	0.060	0.003	0.809
neutral	0.093	0.000	0.004	0.002	0.075	0.003	0.822
neutral	0.129	0.000	0.007	0.002	0.073	0.003	0.785
neutral	0.117	0.000	0.003	0.001	0.061	0.001	0.817
neutral	0.079	0.000	0.003	0.002	0.073	0.002	0.841
neutral	0.107	0.000	0.004	0.002	0.093	0.002	0.792
neutral	0.099	0.000	0.003	0.002	0.061	0.003	0.831
neutral	0.165	0.000	0.002	0.001	0.074	0.001	0.757
neutral	0.217	0.001	0.006	0.001	0.091	0.001	0.684
neutral	0.197	0.001	0.006	0.002	0.078	0.001	0.716
neutral	0.139	0.001	0.003	0.002	0.051	0.001	0.803
neutral	0.134	0.001	0.004	0.003	0.063	0.002	0.794
neutral	0.079	0.000	0.003	0.003	0.074	0.002	0.838
neutral	0.142	0.001	0.005	0.002	0.085	0.002	0.761
neutral	0.098	0.001	0.004	0.002	0.097	0.001	0.798
neutral	0.104	0.001	0.004	0.002	0.104	0.002	0.783
neutral	0.180	0.001	0.006	0.001	0.124	0.001	0.687
neutral	0.126	0.001	0.005	0.002	0.080	0.002	0.785
neutral	0.132	0.001	0.007	0.002	0.135	0.002	0.721
neutral	0.135	0.001	0.007	0.003	0.128	0.002	0.724
neutral	0.122	0.001	0.005	0.001	0.097	0.001	0.773
neutral	0.125	0.000	0.008	0.001	0.082	0.001	0.782
neutral	0.181	0.001	0.006	0.001	0.078	0.001	0.732
neutral	0.089	0.000	0.003	0.001	0.043	0.000	0.864
neutral	0.096	0.001	0.005	0.001	0.047	0.001	0.849
neutral	0.071	0.000	0.011	0.001	0.078	0.002	0.838
neutral	0.133	0.000	0.009	0.001	0.083	0.001	0.773
neutral	0.140	0.000	0.008	0.000	0.080	0.001	0.770
neutral	0.109	0.000	0.006	0.001	0.055	0.001	0.828
neutral	0.128	0.000	0.006	0.001	0.074	0.001	0.789
neutral	0.135	0.000	0.006	0.001	0.087	0.001	0.770
neutral	0.090	0.000	0.003	0.001	0.056	0.001	0.849
neutral	0.143	0.000	0.006	0.001	0.105	0.001	0.744
neutral	0.109	0.000	0.004	0.001	0.061	0.001	0.823
neutral	0.084	0.000	0.003	0.001	0.064	0.001	0.847
neutral	0.108	0.000	0.006	0.001	0.064	0.001	0.820
neutral	0.070	0.000	0.004	0.001	0.042	0.001	0.882
neutral	0.129	0.000	0.005	0.001	0.081	0.001	0.783
neutral	0.106	0.000	0.004	0.001	0.075	0.001	0.812
neutral	0.149	0.000	0.005	0.001	0.075	0.002	0.768
