prediction	angry	disgust	fear	happy	sad	surprise	neutral
happy	0.090	0.000	0.001	0.472	0.091	0.002	0.343
neutral	0.056	0.000	0.002	0.213	0.056	0.003	0.671
neutral	0.101	0.000	0.005	0.332	0.096	0.004	0.460
sad	0.057	0.001	0.017	0.296	0.446	0.003	0.180
happy	0.041	0.000	0.008	0.489	0.110	0.007	0.344
neutral	0.100	0.000	0.003	0.235	0.077	0.003	0.582
happy	0.071	0.000	0.001	0.583	0.015	0.002	0.329
neutral	0.079	0.000	0.001	0.447	0.021	0.002	0.450
happy	0.068	0.000	0.001	0.578	0.015	0.003	0.335
happy	0.051	0.000	0.002	0.507	0.041	0.005	0.393
happy	0.044	0.001	0.019	0.413	0.209	0.012	0.301
neutral	0.064	0.000	0.003	0.380	0.077	0.004	0.472
neutral	0.046	0.001	0.002	0.437	0.067	0.005	0.442
happy	0.036	0.001	0.002	0.549	0.056	0.004	0.352
happy	0.090	0.001	0.005	0.406	0.089	0.006	0.403
happy	0.058	0.001	0.003	0.477	0.053	0.005	0.404
happy	0.098	0.001	0.004	0.405	0.096	0.004	0.392
neutral	0.104	0.000	0.004	0.335	0.068	0.005	0.484
neutral	0.077	0.000	0.003	0.361	0.073	0.006	0.480
happy	0.048	0.000	0.003	0.514	0.049	0.008	0.378
neutral	0.084	0.000	0.002	0.221	0.047	0.003	0.644
neutral	0.081	0.000	0.002	0.238	0.053	0.003	0.624
neutral	0.079	0.000	0.002	0.172	0.059	0.002	0.686
neutral	0.139	0.001	0.004	0.223	0.079	0.004	0.550
neutral	0.155	0.001	0.004	0.211	0.074	0.003	0.552
neutral	0.093	0.000	0.004	0.316	0.070	0.004	0.512
neutral	0.079	0.000	0.002	0.264	0.037	0.002	0.616
neutral	0.083	0.000	0.002	0.299	0.047	0.002	0.567
neutral	0.109	0.000	0.002	0.229	0.062	0.002	0.596
neutral	0.121	0.000	0.003	0.200	0.090	0.002	0.585
neutral	0.076	0.000	0.001	0.307	0.031	0.004	0.581
neutral	0.083	0.000	0.002	0.180	0.057	0.003	0.674
neutral	0.087	0.000	0.002	0.308	0.044	0.003	0.557
neutral	0.095	0.000	0.001	0.173	0.047	0.002	0.681
neutral	0.163	0.000	0.001	0.197	0.080	0.001	0.558
neutral	0.152	0.000	0.002	0.202	0.077	0.002	0.565
neutral	0.129	0.000	0.002	0.196	0.070	0.002	0.601
neutral	0.102	0.000	0.001	0.226	0.068	0.002	0.601
happy	0.055	0.000	0.001	0.504	0.032	0.002	0.406
neutral	0.125	0.001	0.005	0.262	0.074	0.004	0.529
neutral	0.120	0.001	0.004	0.273	0.072	0.004	0.525
neutral	0.171	0.000	0.003	0.156	0.098	0.003	0.569
neutral	0.113	0.000	0.004	0.234	0.118	0.003	0.529
neutral	0.070	0.000	0.003	0.328	0.059	0.003	0.537
neutral	0.118	0.000	0.002	0.245	0.091	0.002	0.541
neutral	0.143	0.000	0.004	0.278	0.080	0.003	0.492
neutral	0.120	0.000	0.002	0.286	0.082	0.001	0.507
neutral	0.108	0.000	0.002	0.244	0.069	0.003	0.574
neutral	0.164	0.000	0.003	0.235	0.117	0.002	0.479
neutral	0.104	0.000	0.003	0.246	0.071	0.003	0.574
neutral	0.088	0.000	0.004	0.249	0.052	0.003	0.605
neutral	0.105	0.000	0.004	0.271	0.056	0.003	0.561
neutral	0.129	0.000	0.003	0.332	0.058	0.002	0.475
neutral	0.130	0.000	0.003	0.219	0.064	0.002	0.582
neutral	0.057	0.000	0.003	0.398	0.033	0.005	0.503
neutral	0.097	0.000	0.003	0.331	0.072	0.003	0.495
happy	0.048	0.000	0.003	0.542	0.039	0.002	0.366
happy	0.042	0.000	0.002	0.721	0.033	0.003	0.198
happy	0.057	0.000	0.001	0.687	0.060	0.000	0.195
happy	0.030	0.000	0.001	0.762	0.022	0.001	0.184
happy	0.077	0.001	0.003	0.532	0.094	0.003	0.290
happy	0.038	0.001	0.001	0.620	0.037	0.003	0.301
happy	0.021	0.001	0.003	0.788	0.029	0.019	0.140
happy	0.074	0.001	0.004	0.461	0.101	0.005	0.355
happy	0.019	0.001	0.002	0.554	0.048	0.007	0.369
neutral	0.008	0.001	0.001	0.378	0.040	0.006	0.565
happy	0.021	0.002	0.004	0.426	0.120	0.006	0.420
happy	0.027	0.001	0.003	0.471	0.102	0.004	0.393
neutral	0.030	0.002	0.003	0.347	0.093	0.004	0.523
neutral	0.018	0.001	0.005	0.303	0.111	0.005	0.556
neutral	0.019	0.001	0.006	0.196	0.169	0.007	0.603
happy	0.038	0.001	0.005	0.501	0.113	0.008	0.334
sad	0.130	0.003	0.085	0.129	0.442	0.020	0.192
neutral	0.044	0.015	0.006	0.288	0.138	0.013	0.495
sad	0.132	0.002	0.067	0.236	0.392	0.013	0.159
neutral	0.067	0.004	0.012	0.141	0.204	0.009	0.564
sad	0.144	0.001	0.054	0.232	0.315	0.011	0.244
neutral	0.047	0.005	0.014	0.258	0.147	0.041	0.489
neutral	0.020	0.002	0.019	0.182	0.193	0.023	0.560
neutral	0.019	0.001	0.009	0.223	0.177	0.015	0.557
neutral	0.007	0.000	0.006	0.360	0.119	0.026	0.482
happy	0.008	0.001	0.006	0.507	0.071	0.020	0.388
neutral	0.013	0.000	0.005	0.382	0.156	0.008	0.435
sad	0.014	0.001	0.007	0.095	0.446	0.005	0.432
neutral	0.007	0.009	0.014	0.193	0.150	0.025	0.602
neutral	0.010	0.003	0.017	0.277	0.098	0.041	0.554
neutral	0.007	0.003	0.013	0.303	0.125	0.031	0.517
happy	0.007	0.010	0.018	0.540	0.116	0.017	0.292
happy	0.011	0.003	0.039	0.393	0.250	0.002	0.302
sad	0.008	0.001	0.055	0.031	0.675	0.003	0.227
sad	0.022	0.010	0.081	0.236	0.390	0.004	0.256
happy	0.007	0.009	0.028	0.370	0.251	0.006	0.330
neutral	0.017	0.030	0.013	0.401	0.068	0.004	0.468
neutral	0.009	0.000	0.011	0.178	0.172	0.005	0.626
neutral	0.046	0.008	0.031	0.174	0.259	0.027	0.455
neutral	0.036	0.013	0.030	0.306	0.157	0.033	0.424
neutral	0.023	0.010	0.022	0.303	0.205	0.025	0.413
sad	0.027	0.010	0.042	0.020	0.478	0.006	0.417
happy	0.009	0.004	0.007	0.498	0.079	0.008	0.396
neutral	0.017	0.002	0.036	0.032	0.451	0.003	0.459
neutral	0.014	0.000	0.013	0.311	0.230	0.007	0.425
neutral	0.012	0.002	0.022	0.230	0.254	0.008	0.471
happy	0.009	0.004	0.020	0.398	0.169	0.007	0.393
happy	0.006	0.006	0.019	0.443	0.143	0.007	0.377
neutral	0.014	0.001	0.028	0.310	0.229	0.008	0.410
neutral	0.010	0.004	0.018	0.388	0.162	0.012	0.406
neutral	0.015	0.004	0.021	0.279	0.197	0.010	0.474
neutral	0.009	0.001	0.010	0.254	0.120	0.009	0.597
neutral	0.016	0.002	0.015	0.201	0.111	0.007	0.649
neutral	0.019	0.002	0.015	0.184	0.173	0.004	0.603
neutral	0.025	0.005	0.013	0.311	0.217	0.002	0.429
neutral	0.019	0.002	0.014	0.203	0.203	0.003	0.556
neutral	0.040	0.000	0.022	0.058	0.430	0.003	0.447
neutral	0.038	0.002	0.020	0.073	0.398	0.002	0.467
neutral	0.018	0.001	0.014	0.150	0.303	0.004	0.509
neutral	0.020	0.002	0.018	0.176	0.339	0.005	0.440
neutral	0.027	0.002	0.018	0.160	0.313	0.002	0.477
sad	0.045	0.001	0.018	0.099	0.421	0.001	0.415
neutral	0.012	0.003	0.015	0.323	0.142	0.012	0.494
happy	0.007	0.002	0.008	0.494	0.056	0.030	0.403
neutral	0.028	0.004	0.028	0.249	0.275	0.009	0.407
neutral	0.028	0.006	0.026	0.254	0.265	0.009	0.413
happy	0.009	0.005	0.004	0.483	0.042	0.001	0.456
happy	0.015	0.007	0.017	0.442	0.089	0.009	0.421
neutral	0.024	0.002	0.024	0.244	0.199	0.006	0.499
happy	0.008	0.004	0.008	0.533	0.053	0.007	0.386
neutral	0.007	0.004	0.010	0.444	0.037	0.009	0.489
neutral	0.102	0.028	0.045	0.104	0.267	0.003	0.451
neutral	0.108	0.011	0.049	0.087	0.121	0.005	0.619
neutral	0.050	0.002	0.027	0.125	0.096	0.003	0.696
neutral	0.079	0.001	0.047	0.061	0.170	0.009	0.633
neutral	0.081	0.002	0.084	0.087	0.232	0.012	0.501
neutral	0.071	0.001	0.034	0.073	0.124	0.005	0.692
neutral	0.091	0.001	0.029	0.049	0.092	0.008	0.730
neutral	0.043	0.005	0.028	0.057	0.071	0.004	0.792
neutral	0.033	0.011	0.031	0.054	0.063	0.005	0.803
neutral	0.061	0.005	0.025	0.161	0.078	0.002	0.668
neutral	0.036	0.003	0.037	0.178	0.057	0.003	0.685
sad	0.019	0.015	0.245	0.047	0.559	0.002	0.114
sad	0.014	0.006	0.203	0.029	0.659	0.004	0.084
neutral	0.013	0.008	0.019	0.249	0.168	0.015	0.528
neutral	0.009	0.008	0.024	0.190	0.270	0.005	0.495
happy	0.002	0.000	0.011	0.492	0.160	0.001	0.332
neutral	0.008	0.000	0.023	0.355	0.241	0.003	0.370
sad	0.005	0.001	0.017	0.306	0.392	0.002	0.277
sad	0.008	0.001	0.013	0.181	0.530	0.002	0.265
sad	0.003	0.000	0.015	0.159	0.562	0.002	0.259
neutral	0.006	0.001	0.006	0.294	0.265	0.002	0.426
neutral	0.006	0.001	0.008	0.280	0.337	0.001	0.367
sad	0.006	0.001	0.013	0.228	0.492	0.002	0.259
sad	0.004	0.000	0.011	0.136	0.570	0.001	0.277
sad	0.004	0.001	0.009	0.246	0.458	0.002	0.280
neutral	0.004	0.001	0.008	0.156	0.397	0.001	0.433
neutral	0.003	0.001	0.007	0.141	0.314	0.002	0.532
neutral	0.005	0.000	0.007	0.181	0.234	0.000	0.572
neutral	0.005	0.000	0.006	0.185	0.263	0.000	0.540
neutral	0.008	0.001	0.008	0.130	0.322	0.000	0.531
sad	0.009	0.001	0.009	0.100	0.518	0.000	0.363
neutral	0.007	0.000	0.009	0.134	0.347	0.000	0.502
sad	0.010	0.000	0.010	0.124	0.533	0.000	0.323
sad	0.010	0.000	0.010	0.110	0.495	0.000	0.375
neutral	0.010	0.000	0.009	0.141	0.354	0.001	0.486
sad	0.009	0.000	0.008	0.138	0.441	0.001	0.402
sad	0.008	0.000	0.013	0.090	0.537	0.001	0.352
sad	0.009	0.000	0.009	0.094	0.535	0.000	0.353
sad	0.009	0.000	0.012	0.118	0.510	0.001	0.350
sad	0.009	0.000	0.010	0.090	0.537	0.001	0.353
sad	0.006	0.000	0.009	0.155	0.447	0.001	0.382
sad	0.007	0.000	0.010	0.126	0.446	0.001	0.410
sad	0.007	0.000	0.010	0.085	0.536	0.001	0.361
sad	0.006	0.000	0.014	0.044	0.746	0.000	0.189
sad	0.008	0.000	0.015	0.071	0.619	0.001	0.287
sad	0.006	0.000	0.014	0.057	0.611	0.001	0.311
sad	0.007	0.000	0.014	0.062	0.688	0.001	0.228
sad	0.005	0.001	0.014	0.079	0.673	0.001	0.228
sad	0.083	0.004	0.107	0.143	0.385	0.013	0.265
sad	0.003	0.000	0.015	0.050	0.658	0.001	0.272
sad	0.003	0.001	0.014	0.070	0.673	0.002	0.239
sad	0.002	0.000	0.015	0.048	0.826	0.000	0.109
sad	0.002	0.000	0.013	0.041	0.823	0.000	0.119
sad	0.004	0.001	0.018	0.084	0.636	0.001	0.258
sad	0.005	0.001	0.014	0.059	0.676	0.001	0.244
sad	0.003	0.000	0.018	0.043	0.729	0.001	0.206
sad	0.003	0.000	0.027	0.048	0.695	0.001	0.226
sad	0.003	0.000	0.020	0.059	0.642	0.002	0.276
sad	0.003	0.000	0.020	0.034	0.763	0.001	0.180
sad	0.004	0.001	0.018	0.038	0.764	0.001	0.174
sad	0.004	0.000	0.016	0.048	0.748	0.001	0.183
sad	0.003	0.000	0.020	0.042	0.708	0.001	0.226
sad	0.005	0.000	0.025	0.076	0.506	0.001	0.386
neutral	0.010	0.000	0.014	0.153	0.294	0.002	0.527
sad	0.007	0.000	0.023	0.105	0.494	0.001	0.370
neutral	0.008	0.001	0.021	0.156	0.404	0.002	0.408
sad	0.008	0.000	0.019	0.120	0.521	0.001	0.331
sad	0.006	0.000	0.022	0.092	0.514	0.001	0.365
sad	0.010	0.001	0.022	0.209	0.410	0.002	0.346
sad	0.005	0.000	0.024	0.068	0.597	0.001	0.306
sad	0.009	0.000	0.022	0.090	0.486	0.001	0.393
sad	0.008	0.000	0.020	0.106	0.477	0.001	0.387
sad	0.004	0.000	0.017	0.088	0.661	0.001	0.228
sad	0.003	0.000	0.019	0.057	0.652	0.002	0.267
sad	0.004	0.000	0.017	0.083	0.612	0.001	0.283
sad	0.006	0.000	0.016	0.134	0.489	0.001	0.354
sad	0.010	0.000	0.022	0.085	0.549	0.001	0.333
sad	0.004	0.000	0.014	0.111	0.485	0.001	0.385
neutral	0.012	0.000	0.011	0.168	0.257	0.003	0.549
neutral	0.011	0.000	0.012	0.143	0.311	0.001	0.521
sad	0.004	0.000	0.013	0.124	0.717	0.001	0.140
sad	0.007	0.000	0.016	0.119	0.458	0.001	0.399
sad	0.013	0.000	0.019	0.133	0.425	0.001	0.409
sad	0.004	0.000	0.010	0.118	0.488	0.001	0.379
sad	0.004	0.000	0.010	0.086	0.571	0.001	0.327
sad	0.073	0.011	0.089	0.308	0.360	0.009	0.149
sad	0.005	0.000	0.012	0.125	0.594	0.002	0.263
sad	0.004	0.000	0.011	0.134	0.600	0.002	0.250
sad	0.003	0.000	0.012	0.101	0.728	0.002	0.155
sad	0.006	0.000	0.012	0.160	0.555	0.002	0.265
sad	0.008	0.000	0.014	0.120	0.584	0.002	0.272
sad	0.002	0.000	0.013	0.045	0.889	0.001	0.050
sad	0.018	0.000	0.021	0.155	0.631	0.004	0.171
neutral	0.026	0.000	0.009	0.107	0.239	0.002	0.617
neutral	0.034	0.000	0.004	0.073	0.139	0.004	0.745
neutral	0.059	0.000	0.010	0.066	0.321	0.004	0.540
neutral	0.067	0.001	0.009	0.068	0.326	0.002	0.527
neutral	0.072	0.000	0.008	0.015	0.404	0.001	0.500
sad	0.025	0.000	0.009	0.008	0.844	0.000	0.114
sad	0.066	0.000	0.008	0.032	0.571	0.000	0.322
neutral	0.133	0.001	0.005	0.037	0.228	0.000	0.596
neutral	0.104	0.002	0.013	0.056	0.404	0.001	0.419
neutral	0.112	0.002	0.007	0.036	0.251	0.001	0.592
neutral	0.029	0.001	0.007	0.077	0.272	0.003	0.611
sad	0.049	0.005	0.016	0.066	0.509	0.003	0.352
sad	0.048	0.004	0.013	0.126	0.419	0.002	0.388
neutral	0.026	0.002	0.013	0.066	0.419	0.001	0.472
happy	0.014	0.001	0.039	0.464	0.206	0.049	0.227
happy	0.010	0.001	0.005	0.701	0.072	0.024	0.187
happy	0.016	0.001	0.006	0.564	0.107	0.007	0.299
neutral	0.081	0.001	0.004	0.124	0.188	0.001	0.602
neutral	0.070	0.002	0.003	0.202	0.114	0.003	0.605
neutral	0.045	0.001	0.003	0.186	0.090	0.002	0.674
neutral	0.054	0.001	0.004	0.150	0.114	0.003	0.674
neutral	0.024	0.001	0.004	0.289	0.075	0.006	0.601
neutral	0.051	0.001	0.005	0.194	0.131	0.004	0.614
neutral	0.047	0.001	0.003	0.283	0.093	0.003	0.571
neutral	0.057	0.000	0.005	0.111	0.151	0.002	0.674
neutral	0.038	0.000	0.008	0.058	0.109	0.004	0.783
neutral	0.043	0.000	0.004	0.057	0.081	0.002	0.812
neutral	0.047	0.000	0.009	0.060	0.110	0.004	0.770
neutral	0.026	0.000	0.005	0.053	0.060	0.004	0.851
neutral	0.021	0.000	0.006	0.055	0.044	0.005	0.869
neutral	0.023	0.000	0.003	0.048	0.036	0.003	0.886
neutral	0.057	0.000	0.008	0.047	0.091	0.004	0.793
neutral	0.056	0.000	0.003	0.056	0.074	0.002	0.807
neutral	0.066	0.001	0.005	0.125	0.101	0.003	0.700
neutral	0.042	0.000	0.002	0.048	0.051	0.002	0.855
neutral	0.095	0.001	0.005	0.129	0.069	0.003	0.699
neutral	0.042	0.000	0.002	0.188	0.046	0.003	0.719
neutral	0.093	0.001	0.005	0.085	0.075	0.003	0.738
neutral	0.170	0.001	0.003	0.055	0.086	0.001	0.684
neutral	0.126	0.000	0.005	0.071	0.103	0.002	0.692
neutral	0.040	0.000	0.005	0.055	0.057	0.004	0.838
neutral	0.070	0.003	0.011	0.079	0.061	0.011	0.765
neutral	0.038	0.002	0.011	0.063	0.053	0.014	0.817
neutral	0.045	0.001	0.007	0.100	0.045	0.009	0.792
neutral	0.032	0.001	0.006	0.149	0.052	0.009	0.750
neutral	0.047	0.001	0.004	0.126	0.062	0.004	0.757
neutral	0.043	0.001	0.004	0.093	0.077	0.003	0.781
neutral	0.037	0.000	0.003	0.068	0.048	0.003	0.841
neutral	0.044	0.001	0.003	0.048	0.046	0.003	0.856
neutral	0.150	0.002	0.006	0.061	0.140	0.002	0.639
neutral	0.075	0.001	0.003	0.058	0.057	0.003	0.803
neutral	0.049	0.002	0.009	0.080	0.042	0.012	0.805
neutral	0.090	0.001	0.007	0.083	0.093	0.004	0.724
neutral	0.119	0.001	0.008	0.127	0.104	0.005	0.637
neutral	0.057	0.001	0.005	0.093	0.053	0.004	0.787
neutral	0.026	0.000	0.003	0.049	0.034	0.004	0.883
neutral	0.088	0.002	0.005	0.150	0.099	0.003	0.653
neutral	0.030	0.001	0.003	0.126	0.032	0.006	0.801
neutral	0.027	0.002	0.002	0.225	0.018	0.010	0.716
neutral	0.045	0.001	0.002	0.416	0.026	0.010	0.500
neutral	0.058	0.001	0.002	0.299	0.065	0.007	0.568
neutral	0.072	0.000	0.001	0.197	0.045	0.004	0.681
neutral	0.094	0.001	0.003	0.145	0.081	0.005	0.671
neutral	0.100	0.001	0.003	0.124	0.075	0.004	0.694
neutral	0.073	0.002	0.006	0.170	0.099	0.006	0.645
neutral	0.098	0.000	0.003	0.105	0.083	0.003	0.707
neutral	0.063	0.000	0.002	0.082	0.057	0.003	0.792
neutral	0.052	0.000	0.001	0.073	0.045	0.003	0.825
neutral	0.042	0.000	0.002	0.039	0.068	0.003	0.845
neutral	0.026	0.000	0.003	0.102	0.051	0.009	0.809
neutral	0.033	0.000	0.002	0.073	0.066	0.005	0.820
neutral	0.036	0.000	0.002	0.057	0.043	0.005	0.857
neutral	0.025	0.000	0.002	0.134	0.034	0.006	0.800
neutral	0.074	0.001	0.005	0.078	0.094	0.002	0.747
neutral	0.043	0.000	0.002	0.104	0.041	0.003	0.807
neutral	0.038	0.000	0.002	0.117	0.036	0.003	0.805
neutral	0.039	0.000	0.003	0.050	0.060	0.003	0.845
neutral	0.054	0.000	0.005	0.040	0.069	0.003	0.829
neutral	0.083	0.001	0.008	0.049	0.087	0.004	0.769
neutral	0.071	0.000	0.006	0.047	0.075	0.002	0.798
neutral	0.063	0.000	0.005	0.051	0.079	0.003	0.799
neutral	0.068	0.000	0.004	0.049	0.059	0.003	0.817
neutral	0.068	0.000	0.003	0.035	0.042	0.003	0.849
neutral	0.072	0.000	0.003	0.043	0.058	0.003	0.820
neutral	0.080	0.000	0.002	0.031	0.047	0.002	0.836
neutral	0.067	0.000	0.005	0.042	0.073	0.002	0.811
neutral	0.102	0.000	0.004	0.042	0.079	0.002	0.771
neutral	0.099	0.001	0.005	0.048	0.102	0.002	0.743
neutral	0.029	0.000	0.003	0.116	0.033	0.005	0.814
neutral	0.049	0.000	0.003	0.043	0.032	0.004	0.868
neutral	0.069	0.000	0.004	0.046	0.058	0.003	0.820
neutral	0.156	0.000	0.004	0.048	0.087	0.003	0.701
neutral	0.078	0.000	0.006	0.074	0.069	0.005	0.768
neutral	0.077	0.001	0.004	0.035	0.051	0.002	0.830
neutral	0.106	0.000	0.007	0.047	0.072	0.005	0.762
neutral	0.119	0.001	0.004	0.026	0.054	0.002	0.794
neutral	0.092	0.001	0.010	0.051	0.119	0.007	0.722
neutral	0.115	0.001	0.008	0.047	0.094	0.007	0.729
neutral	0.162	0.001	0.006	0.045	0.101	0.003	0.682
neutral	0.140	0.001	0.004	0.044	0.097	0.002	0.712
neutral	0.101	0.002	0.006	0.071	0.099	0.002	0.718
neutral	0.103	0.001	0.009	0.051	0.132	0.004	0.701
neutral	0.113	0.001	0.007	0.038	0.162	0.002	0.678
neutral	0.076	0.001	0.008	0.034	0.138	0.005	0.738
neutral	0.061	0.001	0.006	0.068	0.086	0.006	0.771
neutral	0.070	0.001	0.007	0.257	0.082	0.011	0.574
neutral	0.054	0.001	0.005	0.323	0.073	0.014	0.530
neutral	0.070	0.002	0.004	0.202	0.095	0.012	0.614
neutral	0.059	0.001	0.003	0.140	0.061	0.009	0.727
neutral	0.098	0.003	0.004	0.169	0.091	0.007	0.628
neutral	0.066	0.003	0.004	0.219	0.067	0.015	0.626
neutral	0.032	0.002	0.013	0.334	0.063	0.010	0.547
happy	0.021	0.001	0.001	0.541	0.026	0.015	0.396
happy	0.015	0.001	0.001	0.703	0.024	0.010	0.246
happy	0.009	0.000	0.001	0.765	0.014	0.006	0.204
happy	0.011	0.001	0.001	0.653	0.017	0.006	0.311
happy	0.015	0.001	0.001	0.700	0.023	0.011	0.248
happy	0.015	0.001	0.001	0.684	0.019	0.009	0.270
happy	0.014	0.001	0.001	0.658	0.019	0.014	0.293
happy	0.022	0.001	0.002	0.562	0.027	0.018	0.369
happy	0.020	0.001	0.002	0.554	0.027	0.020	0.377
happy	0.024	0.001	0.001	0.577	0.028	0.022	0.345
neutral	0.049	0.002	0.003	0.422	0.057	0.009	0.458
neutral	0.053	0.002	0.003	0.405	0.068	0.013	0.457
happy	0.045	0.003	0.004	0.451	0.069	0.012	0.416
neutral	0.033	0.002	0.004	0.424	0.051	0.013	0.472
happy	0.029	0.002	0.004	0.482	0.050	0.011	0.422
neutral	0.043	0.004	0.003	0.414	0.064	0.009	0.463
happy	0.024	0.002	0.004	0.548	0.047	0.014	0.361
happy	0.021	0.002	0.003	0.655	0.040	0.016	0.263
happy	0.048	0.002	0.005	0.464	0.064	0.016	0.401
happy	0.034	0.002	0.004	0.546	0.048	0.016	0.351
happy	0.019	0.001	0.002	0.726	0.031	0.012	0.209
happy	0.032	0.002	0.002	0.553	0.038	0.006	0.367
happy	0.049	0.002	0.003	0.478	0.061	0.007	0.401
happy	0.025	0.001	0.002	0.625	0.036	0.008	0.303
happy	0.029	0.002	0.002	0.659	0.033	0.012	0.264
happy	0.026	0.001	0.002	0.605	0.035	0.010	0.320
happy	0.029	0.001	0.001	0.567	0.027	0.011	0.364
happy	0.027	0.003	0.002	0.547	0.030	0.011	0.380
happy	0.029	0.003	0.002	0.518	0.033	0.015	0.400
happy	0.033	0.002	0.002	0.601	0.044	0.017	0.301
happy	0.025	0.004	0.002	0.572	0.029	0.016	0.352
happy	0.027	0.002	0.002	0.611	0.033	0.015	0.308
happy	0.030	0.003	0.002	0.510	0.035	0.014	0.405
happy	0.020	0.001	0.001	0.658	0.027	0.008	0.285
happy	0.021	0.001	0.002	0.668	0.025	0.008	0.275
happy	0.025	0.004	0.001	0.494	0.028	0.008	0.440
happy	0.029	0.002	0.002	0.525	0.023	0.009	0.410
happy	0.037	0.002	0.002	0.473	0.022	0.010	0.454
neutral	0.032	0.003	0.001	0.447	0.029	0.008	0.480
happy	0.035	0.003	0.002	0.492	0.023	0.009	0.438
neutral	0.024	0.001	0.001	0.420	0.023	0.007	0.523
neutral	0.043	0.001	0.002	0.390	0.028	0.008	0.528
happy	0.047	0.002	0.002	0.467	0.026	0.008	0.448
happy	0.057	0.003	0.014	0.534	0.164	0.015	0.211
happy	0.034	0.001	0.006	0.586	0.086	0.012	0.274
neutral	0.036	0.001	0.006	0.398	0.070	0.012	0.477
neutral	0.042	0.005	0.004	0.284	0.054	0.012	0.599
neutral	0.040	0.003	0.004	0.284	0.051	0.009	0.609
neutral	0.041	0.002	0.004	0.344	0.060	0.015	0.534
neutral	0.035	0.001	0.005	0.370	0.051	0.014	0.523
neutral	0.042	0.002	0.004	0.248	0.057	0.012	0.635
neutral	0.048	0.002	0.005	0.153	0.065	0.010	0.717
neutral	0.065	0.001	0.007	0.079	0.093	0.008	0.748
neutral	0.071	0.000	0.008	0.061	0.090	0.006	0.763
neutral	0.068	0.000	0.007	0.060	0.074	0.008	0.782
neutral	0.088	0.001	0.009	0.045	0.136	0.003	0.719
neutral	0.091	0.002	0.008	0.051	0.138	0.004	0.706
neutral	0.118	0.001	0.013	0.037	0.144	0.005	0.682
neutral	0.161	0.003	0.014	0.056	0.154	0.007	0.605
neutral	0.177	0.006	0.018	0.064	0.179	0.009	0.547
neutral	0.149	0.016	0.015	0.087	0.186	0.007	0.540
neutral	0.204	0.008	0.022	0.065	0.197	0.007	0.498
neutral	0.075	0.009	0.072	0.051	0.292	0.016	0.486
neutral	0.091	0.044	0.046	0.179	0.176	0.025	0.438
sad	0.125	0.001	0.103	0.040	0.361	0.021	0.349
happy	0.058	0.030	0.023	0.411	0.095	0.029	0.353
happy	0.099	0.026	0.052	0.368	0.155	0.030	0.270
happy	0.064	0.019	0.022	0.625	0.077	0.022	0.171
sad	0.134	0.001	0.089	0.090	0.389	0.020	0.277
happy	0.036	0.008	0.010	0.759	0.055	0.019	0.112
happy	0.046	0.009	0.008	0.777	0.043	0.011	0.106
happy	0.055	0.007	0.011	0.811	0.034	0.019	0.063
sad	0.183	0.001	0.090	0.096	0.363	0.018	0.249
happy	0.037	0.005	0.007	0.861	0.022	0.015	0.053
neutral	0.095	0.001	0.048	0.048	0.390	0.006	0.413
happy	0.052	0.001	0.017	0.680	0.066	0.030	0.154
sad	0.185	0.000	0.141	0.114	0.280	0.017	0.263
sad	0.014	0.000	0.052	0.052	0.567	0.002	0.312
sad	0.006	0.000	0.083	0.000	0.867	0.000	0.043
sad	0.132	0.000	0.171	0.077	0.601	0.000	0.018
neutral	0.030	0.000	0.287	0.027	0.295	0.015	0.347
neutral	0.047	0.000	0.141	0.042	0.224	0.061	0.486
sad	0.104	0.001	0.070	0.307	0.379	0.007	0.133
sad	0.107	0.003	0.170	0.137	0.480	0.012	0.091
sad	0.046	0.000	0.150	0.011	0.602	0.013	0.178
sad	0.153	0.000	0.065	0.262	0.359	0.010	0.151
angry	0.881	0.001	0.009	0.021	0.029	0.020	0.040
