prediction	angry	disgust	fear	happy	sad	surprise	neutral
happy	0.006	0.000	0.000	0.988	0.000	0.002	0.003
fear	0.277	0.000	0.443	0.000	0.266	0.006	0.008
sad	0.288	0.000	0.321	0.001	0.356	0.007	0.027
fear	0.354	0.000	0.382	0.000	0.247	0.007	0.010
sad	0.357	0.000	0.240	0.001	0.372	0.007	0.023
angry	0.368	0.000	0.258	0.001	0.340	0.007	0.026
angry	0.382	0.000	0.320	0.000	0.277	0.008	0.013
fear	0.214	0.000	0.435	0.000	0.327	0.005	0.018
fear	0.184	0.000	0.498	0.000	0.312	0.004	0.003
sad	0.351	0.000	0.194	0.001	0.434	0.005	0.015
fear	0.181	0.000	0.410	0.000	0.393	0.003	0.013
angry	0.390	0.000	0.322	0.001	0.233	0.009	0.045
fear	0.243	0.000	0.439	0.000	0.307	0.004	0.008
fear	0.212	0.000	0.518	0.000	0.244	0.009	0.015
fear	0.027	0.000	0.625	0.000	0.340	0.005	0.003
sad	0.008	0.000	0.472	0.000	0.514	0.002	0.004
sad	0.066	0.000	0.133	0.005	0.572	0.004	0.219
neutral	0.007	0.000	0.030	0.014	0.124	0.006	0.820
neutral	0.010	0.000	0.026	0.007	0.156	0.002	0.799
neutral	0.015	0.000	0.030	0.005	0.140	0.002	0.810
neutral	0.011	0.000	0.033	0.003	0.088	0.001	0.864
neutral	0.011	0.000	0.018	0.005	0.133	0.000	0.832
neutral	0.020	0.000	0.036	0.004	0.098	0.000	0.842
neutral	0.012	0.000	0.025	0.002	0.150	0.000	0.810
neutral	0.014	0.000	0.033	0.002	0.113	0.000	0.837
neutral	0.015	0.000	0.027	0.003	0.104	0.001	0.850
neutral	0.014	0.000	0.015	0.005	0.073	0.001	0.891
neutral	0.010	0.000	0.012	0.005	0.089	0.001	0.884
neutral	0.006	0.000	0.012	0.003	0.070	0.001	0.908
neutral	0.006	0.000	0.007	0.004	0.027	0.000	0.955
neutral	0.009	0.000	0.022	0.004	0.073	0.001	0.891
neutral	0.011	0.000	0.022	0.005	0.050	0.001	0.911
neutral	0.014	0.000	0.020	0.008	0.099	0.001	0.858
neutral	0.037	0.000	0.018	0.013	0.111	0.001	0.819
neutral	0.029	0.000	0.029	0.020	0.122	0.001	0.799
neutral	0.004	0.000	0.006	0.008	0.072	0.001	0.908
neutral	0.004	0.000	0.009	0.003	0.078	0.001	0.905
neutral	0.008	0.000	0.014	0.017	0.166	0.001	0.794
neutral	0.008	0.000	0.009	0.005	0.159	0.000	0.819
neutral	0.013	0.000	0.015	0.018	0.184	0.001	0.769
neutral	0.005	0.000	0.013	0.016	0.179	0.000	0.786
neutral	0.007	0.000	0.011	0.016	0.206	0.001	0.759
neutral	0.007	0.000	0.011	0.016	0.151	0.000	0.815
neutral	0.010	0.000	0.018	0.012	0.305	0.000	0.655
neutral	0.004	0.000	0.011	0.011	0.180	0.000	0.794
neutral	0.006	0.000	0.014	0.005	0.288	0.000	0.686
neutral	0.007	0.000	0.010	0.011	0.250	0.000	0.722
neutral	0.007	0.000	0.012	0.008	0.333	0.000	0.640
neutral	0.013	0.000	0.016	0.010	0.196	0.000	0.764
neutral	0.006	0.000	0.012	0.010	0.124	0.001	0.847
neutral	0.005	0.000	0.010	0.010	0.126	0.001	0.849
neutral	0.021	0.000	0.017	0.013	0.221	0.001	0.728
neutral	0.011	0.000	0.013	0.017	0.268	0.000	0.690
neutral	0.004	0.000	0.009	0.016	0.159	0.000	0.811
neutral	0.005	0.000	0.008	0.015	0.168	0.000	0.803
neutral	0.009	0.000	0.013	0.013	0.265	0.000	0.699
sad	0.044	0.003	0.058	0.001	0.608	0.000	0.286
sad	0.017	0.000	0.029	0.006	0.576	0.000	0.372
neutral	0.011	0.000	0.013	0.011	0.297	0.000	0.668
neutral	0.012	0.000	0.019	0.010	0.319	0.000	0.638
neutral	0.020	0.000	0.032	0.004	0.363	0.001	0.580
neutral	0.026	0.001	0.042	0.003	0.399	0.001	0.529
neutral	0.022	0.001	0.046	0.005	0.303	0.002	0.622
neutral	0.026	0.001	0.032	0.003	0.289	0.000	0.649
neutral	0.020	0.001	0.033	0.002	0.214	0.000	0.731
neutral	0.025	0.000	0.032	0.001	0.307	0.001	0.634
neutral	0.013	0.000	0.036	0.002	0.234	0.001	0.715
neutral	0.022	0.000	0.035	0.003	0.260	0.001	0.679
neutral	0.016	0.000	0.032	0.003	0.263	0.000	0.686
neutral	0.012	0.000	0.024	0.002	0.224	0.001	0.738
neutral	0.015	0.000	0.045	0.007	0.183	0.002	0.748
neutral	0.017	0.000	0.031	0.016	0.245	0.001	0.691
neutral	0.009	0.000	0.017	0.023	0.299	0.002	0.650
neutral	0.010	0.000	0.007	0.007	0.100	0.002	0.874
neutral	0.013	0.000	0.009	0.006	0.099	0.000	0.873
neutral	0.017	0.000	0.021	0.003	0.057	0.000	0.902
neutral	0.042	0.001	0.052	0.006	0.086	0.001	0.814
neutral	0.025	0.000	0.022	0.013	0.099	0.001	0.840
neutral	0.040	0.000	0.014	0.005	0.151	0.001	0.789
neutral	0.025	0.000	0.025	0.005	0.068	0.001	0.876
neutral	0.020	0.000	0.021	0.007	0.049	0.001	0.903
neutral	0.067	0.001	0.052	0.024	0.080	0.002	0.773
neutral	0.066	0.002	0.068	0.015	0.137	0.002	0.710
neutral	0.042	0.000	0.053	0.023	0.117	0.002	0.763
neutral	0.049	0.002	0.045	0.020	0.187	0.002	0.696
neutral	0.029	0.002	0.035	0.031	0.070	0.002	0.831
neutral	0.033	0.000	0.057	0.034	0.072	0.003	0.801
neutral	0.011	0.000	0.012	0.002	0.046	0.000	0.928
neutral	0.014	0.000	0.008	0.003	0.076	0.001	0.899
neutral	0.025	0.000	0.010	0.007	0.126	0.002	0.830
neutral	0.019	0.000	0.010	0.008	0.104	0.004	0.855
neutral	0.013	0.000	0.008	0.007	0.125	0.001	0.847
neutral	0.028	0.000	0.008	0.010	0.120	0.002	0.832
neutral	0.021	0.000	0.009	0.012	0.202	0.002	0.754
neutral	0.026	0.000	0.009	0.032	0.237	0.003	0.692
neutral	0.022	0.000	0.007	0.067	0.109	0.005	0.789
neutral	0.012	0.001	0.008	0.009	0.109	0.002	0.859
neutral	0.016	0.000	0.017	0.004	0.153	0.001	0.808
neutral	0.026	0.001	0.036	0.008	0.082	0.001	0.846
neutral	0.049	0.002	0.046	0.021	0.120	0.001	0.761
neutral	0.012	0.000	0.010	0.003	0.059	0.000	0.915
neutral	0.008	0.000	0.008	0.003	0.077	0.000	0.902
neutral	0.035	0.001	0.018	0.006	0.158	0.001	0.781
neutral	0.021	0.000	0.012	0.009	0.079	0.001	0.878
neutral	0.004	0.000	0.024	0.001	0.108	0.001	0.861
neutral	0.006	0.000	0.005	0.007	0.128	0.001	0.852
neutral	0.010	0.000	0.009	0.013	0.138	0.002	0.829
neutral	0.007	0.000	0.012	0.007	0.103	0.002	0.869
neutral	0.012	0.000	0.011	0.011	0.087	0.001	0.877
neutral	0.015	0.000	0.018	0.003	0.110	0.001	0.854
neutral	0.016	0.000	0.028	0.006	0.160	0.001	0.789
neutral	0.022	0.001	0.035	0.004	0.209	0.001	0.728
neutral	0.010	0.000	0.016	0.012	0.088	0.001	0.872
neutral	0.019	0.002	0.023	0.020	0.114	0.001	0.822
neutral	0.041	0.002	0.039	0.017	0.252	0.004	0.646
neutral	0.053	0.001	0.039	0.021	0.265	0.004	0.618
neutral	0.020	0.001	0.007	0.019	0.114	0.001	0.838
neutral	0.035	0.001	0.010	0.019	0.160	0.002	0.772
neutral	0.027	0.000	0.021	0.021	0.133	0.004	0.793
neutral	0.023	0.001	0.010	0.022	0.115	0.002	0.826
neutral	0.041	0.001	0.020	0.052	0.262	0.005	0.620
neutral	0.047	0.001	0.013	0.065	0.200	0.005	0.670
neutral	0.021	0.002	0.012	0.022	0.114	0.002	0.829
neutral	0.024	0.003	0.028	0.021	0.117	0.002	0.805
neutral	0.022	0.000	0.028	0.016	0.099	0.002	0.834
neutral	0.049	0.001	0.052	0.017	0.199	0.002	0.681
neutral	0.018	0.001	0.020	0.013	0.096	0.001	0.850
neutral	0.039	0.005	0.057	0.009	0.125	0.001	0.764
neutral	0.036	0.002	0.041	0.007	0.100	0.002	0.813
neutral	0.026	0.006	0.074	0.008	0.087	0.002	0.798
neutral	0.031	0.006	0.064	0.008	0.108	0.002	0.782
neutral	0.036	0.001	0.038	0.004	0.106	0.002	0.813
neutral	0.060	0.002	0.050	0.005	0.118	0.002	0.763
neutral	0.049	0.002	0.038	0.008	0.068	0.002	0.833
neutral	0.024	0.002	0.045	0.003	0.098	0.001	0.828
neutral	0.035	0.000	0.044	0.007	0.089	0.002	0.823
neutral	0.033	0.000	0.049	0.006	0.096	0.003	0.813
neutral	0.041	0.001	0.073	0.012	0.094	0.003	0.776
neutral	0.018	0.001	0.049	0.006	0.072	0.002	0.852
neutral	0.024	0.001	0.077	0.010	0.096	0.002	0.791
neutral	0.054	0.005	0.120	0.013	0.182	0.003	0.624
neutral	0.027	0.003	0.085	0.012	0.094	0.002	0.778
neutral	0.018	0.001	0.046	0.007	0.044	0.001	0.883
neutral	0.032	0.001	0.077	0.010	0.095	0.002	0.782
neutral	0.019	0.002	0.061	0.006	0.106	0.001	0.806
neutral	0.023	0.001	0.026	0.010	0.090	0.003	0.847
neutral	0.007	0.000	0.008	0.004	0.061	0.001	0.919
neutral	0.015	0.000	0.055	0.008	0.167	0.006	0.750
neutral	0.031	0.000	0.012	0.021	0.167	0.004	0.765
neutral	0.028	0.000	0.016	0.054	0.332	0.012	0.558
neutral	0.031	0.000	0.019	0.051	0.234	0.017	0.648
neutral	0.017	0.000	0.012	0.038	0.230	0.006	0.696
neutral	0.017	0.000	0.024	0.101	0.297	0.009	0.551
neutral	0.034	0.000	0.038	0.058	0.247	0.003	0.619
neutral	0.046	0.000	0.040	0.124	0.256	0.005	0.528
sad	0.075	0.000	0.059	0.030	0.460	0.003	0.373
neutral	0.071	0.000	0.047	0.061	0.385	0.002	0.433
sad	0.080	0.000	0.052	0.011	0.629	0.001	0.226
sad	0.042	0.000	0.037	0.011	0.690	0.001	0.219
sad	0.053	0.000	0.029	0.023	0.556	0.001	0.338
sad	0.054	0.001	0.028	0.016	0.564	0.001	0.337
sad	0.067	0.001	0.065	0.012	0.620	0.000	0.235
sad	0.052	0.001	0.035	0.023	0.545	0.000	0.344
sad	0.029	0.001	0.049	0.005	0.698	0.000	0.218
sad	0.019	0.000	0.056	0.002	0.711	0.001	0.211
sad	0.018	0.000	0.070	0.005	0.530	0.001	0.376
sad	0.081	0.001	0.080	0.001	0.559	0.001	0.277
neutral	0.034	0.000	0.058	0.004	0.285	0.003	0.617
neutral	0.053	0.000	0.041	0.002	0.280	0.001	0.622
neutral	0.056	0.000	0.045	0.004	0.245	0.003	0.646
neutral	0.042	0.000	0.062	0.002	0.362	0.001	0.531
neutral	0.045	0.000	0.066	0.005	0.255	0.010	0.619
neutral	0.045	0.001	0.094	0.006	0.229	0.012	0.613
neutral	0.042	0.000	0.069	0.003	0.218	0.012	0.657
neutral	0.047	0.000	0.058	0.003	0.281	0.009	0.602
neutral	0.070	0.001	0.051	0.004	0.249	0.009	0.616
neutral	0.133	0.001	0.102	0.003	0.295	0.007	0.459
neutral	0.055	0.000	0.070	0.005	0.284	0.009	0.576
neutral	0.062	0.000	0.090	0.004	0.251	0.011	0.582
neutral	0.052	0.000	0.068	0.006	0.233	0.015	0.626
neutral	0.046	0.001	0.063	0.007	0.238	0.008	0.638
neutral	0.106	0.001	0.069	0.003	0.303	0.009	0.509
neutral	0.053	0.000	0.102	0.006	0.250	0.011	0.577
neutral	0.066	0.000	0.097	0.005	0.260	0.013	0.558
neutral	0.040	0.000	0.091	0.005	0.253	0.016	0.595
neutral	0.063	0.000	0.087	0.007	0.206	0.040	0.597
neutral	0.059	0.000	0.088	0.006	0.200	0.039	0.608
neutral	0.030	0.000	0.062	0.006	0.225	0.016	0.661
neutral	0.038	0.000	0.078	0.006	0.231	0.017	0.630
neutral	0.038	0.000	0.090	0.005	0.258	0.009	0.600
neutral	0.055	0.000	0.106	0.007	0.268	0.018	0.546
neutral	0.059	0.001	0.119	0.005	0.317	0.006	0.493
neutral	0.047	0.001	0.082	0.005	0.307	0.005	0.553
neutral	0.047	0.000	0.080	0.003	0.364	0.003	0.503
neutral	0.047	0.000	0.096	0.006	0.221	0.014	0.616
neutral	0.033	0.000	0.064	0.005	0.190	0.010	0.697
neutral	0.039	0.000	0.056	0.007	0.187	0.010	0.700
neutral	0.054	0.000	0.080	0.006	0.258	0.016	0.586
neutral	0.111	0.001	0.078	0.008	0.244	0.009	0.549
neutral	0.051	0.000	0.059	0.004	0.321	0.006	0.559
neutral	0.080	0.000	0.083	0.007	0.247	0.017	0.566
neutral	0.042	0.000	0.123	0.005	0.307	0.011	0.513
neutral	0.062	0.001	0.058	0.005	0.345	0.003	0.525
neutral	0.043	0.000	0.052	0.007	0.319	0.002	0.576
neutral	0.041	0.000	0.078	0.007	0.381	0.002	0.489
neutral	0.031	0.000	0.066	0.003	0.389	0.003	0.508
neutral	0.028	0.000	0.062	0.005	0.332	0.004	0.569
neutral	0.066	0.000	0.053	0.007	0.278	0.004	0.591
neutral	0.100	0.001	0.078	0.005	0.319	0.006	0.492
neutral	0.086	0.000	0.057	0.011	0.221	0.009	0.616
neutral	0.113	0.001	0.056	0.013	0.282	0.009	0.527
neutral	0.089	0.000	0.076	0.007	0.248	0.009	0.571
sad	0.090	0.001	0.099	0.015	0.422	0.013	0.360
neutral	0.067	0.001	0.125	0.009	0.367	0.006	0.425
neutral	0.072	0.000	0.080	0.004	0.293	0.004	0.545
neutral	0.050	0.002	0.119	0.007	0.344	0.005	0.474
neutral	0.075	0.000	0.059	0.009	0.255	0.006	0.595
neutral	0.061	0.000	0.065	0.008	0.245	0.007	0.613
neutral	0.056	0.000	0.090	0.008	0.277	0.014	0.554
neutral	0.073	0.000	0.058	0.007	0.287	0.004	0.570
neutral	0.082	0.001	0.075	0.005	0.308	0.002	0.527
neutral	0.083	0.000	0.073	0.010	0.339	0.007	0.487
neutral	0.088	0.001	0.070	0.007	0.322	0.003	0.509
neutral	0.076	0.001	0.065	0.005	0.292	0.003	0.559
neutral	0.072	0.002	0.051	0.004	0.295	0.002	0.572
neutral	0.065	0.000	0.058	0.010	0.287	0.005	0.574
neutral	0.067	0.000	0.051	0.008	0.276	0.006	0.593
neutral	0.077	0.001	0.056	0.005	0.270	0.004	0.587
neutral	0.060	0.001	0.058	0.004	0.272	0.003	0.602
neutral	0.076	0.000	0.075	0.004	0.279	0.004	0.562
neutral	0.069	0.001	0.061	0.003	0.268	0.002	0.596
neutral	0.085	0.002	0.083	0.004	0.287	0.003	0.536
neutral	0.052	0.001	0.078	0.004	0.281	0.004	0.581
neutral	0.061	0.002	0.057	0.005	0.274	0.002	0.599
neutral	0.071	0.001	0.073	0.003	0.268	0.003	0.582
neutral	0.080	0.002	0.048	0.007	0.278	0.003	0.581
neutral	0.072	0.000	0.070	0.007	0.308	0.004	0.539
neutral	0.067	0.001	0.053	0.005	0.323	0.003	0.548
neutral	0.067	0.000	0.075	0.007	0.316	0.003	0.532
neutral	0.098	0.002	0.055	0.006	0.302	0.003	0.533
neutral	0.119	0.002	0.072	0.006	0.380	0.002	0.419
neutral	0.083	0.002	0.080	0.005	0.351	0.004	0.475
neutral	0.084	0.001	0.051	0.004	0.362	0.002	0.496
neutral	0.098	0.001	0.082	0.007	0.291	0.002	0.519
neutral	0.074	0.001	0.086	0.004	0.351	0.003	0.481
neutral	0.061	0.001	0.101	0.004	0.331	0.004	0.497
neutral	0.121	0.001	0.057	0.005	0.329	0.002	0.485
neutral	0.074	0.000	0.081	0.006	0.363	0.004	0.472
neutral	0.089	0.005	0.084	0.004	0.390	0.005	0.422
neutral	0.096	0.002	0.071	0.004	0.336	0.003	0.488
neutral	0.097	0.002	0.083	0.003	0.336	0.003	0.477
neutral	0.093	0.001	0.080	0.007	0.405	0.008	0.406
neutral	0.101	0.001	0.065	0.007	0.377	0.004	0.446
sad	0.107	0.002	0.076	0.005	0.457	0.004	0.348
neutral	0.092	0.001	0.084	0.007	0.398	0.007	0.411
neutral	0.123	0.001	0.049	0.005	0.334	0.003	0.486
neutral	0.096	0.001	0.056	0.005	0.348	0.006	0.488
neutral	0.102	0.001	0.049	0.005	0.331	0.003	0.510
neutral	0.092	0.000	0.053	0.006	0.338	0.003	0.508
neutral	0.129	0.004	0.071	0.006	0.342	0.005	0.443
neutral	0.088	0.002	0.066	0.004	0.365	0.003	0.472
neutral	0.085	0.001	0.074	0.003	0.361	0.003	0.473
neutral	0.073	0.001	0.101	0.004	0.305	0.004	0.512
neutral	0.071	0.001	0.080	0.003	0.415	0.004	0.426
neutral	0.076	0.001	0.071	0.003	0.302	0.004	0.544
neutral	0.053	0.002	0.064	0.003	0.416	0.004	0.458
neutral	0.087	0.002	0.059	0.004	0.287	0.003	0.558
neutral	0.088	0.001	0.051	0.005	0.374	0.005	0.476
neutral	0.105	0.000	0.062	0.006	0.395	0.004	0.428
neutral	0.074	0.000	0.069	0.007	0.340	0.006	0.503
sad	0.069	0.001	0.069	0.003	0.479	0.005	0.375
neutral	0.090	0.001	0.090	0.006	0.362	0.007	0.445
neutral	0.070	0.001	0.076	0.006	0.355	0.008	0.483
neutral	0.092	0.001	0.062	0.004	0.348	0.006	0.487
sad	0.076	0.000	0.093	0.004	0.458	0.005	0.364
neutral	0.065	0.001	0.075	0.004	0.339	0.006	0.509
sad	0.072	0.000	0.081	0.009	0.451	0.009	0.377
neutral	0.093	0.001	0.080	0.006	0.258	0.007	0.555
neutral	0.088	0.001	0.062	0.009	0.315	0.007	0.518
neutral	0.131	0.001	0.062	0.007	0.364	0.007	0.429
sad	0.078	0.001	0.082	0.003	0.427	0.006	0.403
neutral	0.064	0.000	0.109	0.003	0.364	0.008	0.452
sad	0.077	0.000	0.131	0.004	0.429	0.011	0.347
sad	0.098	0.000	0.096	0.003	0.431	0.011	0.360
sad	0.111	0.001	0.064	0.009	0.408	0.005	0.401
neutral	0.056	0.001	0.084	0.007	0.330	0.013	0.509
neutral	0.080	0.001	0.092	0.009	0.276	0.017	0.525
neutral	0.073	0.002	0.066	0.005	0.365	0.006	0.483
neutral	0.090	0.000	0.057	0.008	0.376	0.006	0.462
neutral	0.109	0.001	0.059	0.007	0.319	0.005	0.499
neutral	0.073	0.002	0.044	0.010	0.212	0.009	0.650
neutral	0.091	0.001	0.062	0.016	0.193	0.035	0.601
neutral	0.162	0.001	0.032	0.009	0.241	0.010	0.545
neutral	0.111	0.001	0.061	0.017	0.165	0.028	0.618
neutral	0.113	0.000	0.052	0.015	0.267	0.020	0.532
neutral	0.061	0.001	0.103	0.012	0.185	0.053	0.586
neutral	0.061	0.000	0.135	0.007	0.181	0.039	0.577
neutral	0.157	0.001	0.104	0.008	0.228	0.028	0.475
neutral	0.192	0.001	0.169	0.008	0.237	0.029	0.364
neutral	0.073	0.001	0.099	0.006	0.404	0.007	0.410
sad	0.070	0.001	0.120	0.004	0.492	0.007	0.306
sad	0.087	0.003	0.138	0.003	0.501	0.004	0.264
sad	0.062	0.002	0.149	0.003	0.523	0.006	0.256
sad	0.069	0.002	0.153	0.003	0.476	0.008	0.289
neutral	0.059	0.000	0.121	0.008	0.365	0.018	0.428
neutral	0.096	0.000	0.108	0.006	0.305	0.015	0.469
neutral	0.073	0.001	0.076	0.006	0.242	0.018	0.585
neutral	0.102	0.001	0.069	0.005	0.239	0.007	0.578
neutral	0.118	0.002	0.081	0.007	0.244	0.034	0.514
neutral	0.084	0.000	0.070	0.012	0.212	0.042	0.579
neutral	0.085	0.001	0.067	0.008	0.200	0.032	0.607
neutral	0.079	0.001	0.057	0.008	0.208	0.020	0.627
neutral	0.101	0.001	0.065	0.007	0.311	0.015	0.500
neutral	0.104	0.001	0.073	0.006	0.343	0.005	0.469
neutral	0.060	0.000	0.099	0.003	0.367	0.008	0.463
neutral	0.079	0.001	0.066	0.004	0.373	0.006	0.471
sad	0.090	0.002	0.064	0.004	0.421	0.005	0.414
neutral	0.088	0.001	0.074	0.007	0.364	0.007	0.459
neutral	0.110	0.002	0.052	0.004	0.350	0.004	0.478
neutral	0.093	0.001	0.065	0.004	0.358	0.008	0.470
neutral	0.107	0.002	0.081	0.005	0.375	0.005	0.425
neutral	0.088	0.002	0.064	0.005	0.386	0.005	0.451
sad	0.109	0.001	0.075	0.005	0.439	0.010	0.362
neutral	0.059	0.001	0.069	0.006	0.286	0.007	0.573
neutral	0.059	0.002	0.064	0.007	0.259	0.005	0.604
neutral	0.092	0.000	0.076	0.009	0.384	0.003	0.436
sad	0.086	0.000	0.076	0.007	0.522	0.007	0.303
neutral	0.086	0.001	0.049	0.017	0.397	0.003	0.448
sad	0.057	0.001	0.045	0.009	0.514	0.002	0.373
sad	0.138	0.000	0.070	0.026	0.523	0.007	0.236
sad	0.057	0.000	0.058	0.035	0.461	0.010	0.379
sad	0.054	0.000	0.033	0.050	0.433	0.003	0.426
sad	0.055	0.000	0.067	0.028	0.658	0.001	0.191
sad	0.108	0.001	0.056	0.013	0.555	0.005	0.262
neutral	0.105	0.001	0.042	0.021	0.412	0.003	0.417
sad	0.135	0.001	0.110	0.011	0.582	0.006	0.156
sad	0.141	0.000	0.068	0.020	0.560	0.006	0.205
sad	0.109	0.000	0.054	0.024	0.519	0.007	0.287
sad	0.123	0.000	0.089	0.009	0.516	0.005	0.258
neutral	0.196	0.002	0.111	0.008	0.335	0.012	0.337
neutral	0.144	0.002	0.086	0.009	0.325	0.010	0.425
neutral	0.196	0.002	0.055	0.014	0.319	0.008	0.407
sad	0.234	0.001	0.065	0.033	0.396	0.014	0.257
sad	0.138	0.001	0.068	0.052	0.425	0.007	0.309
sad	0.156	0.001	0.072	0.097	0.371	0.019	0.284
sad	0.076	0.001	0.038	0.066	0.469	0.002	0.348
sad	0.155	0.000	0.087	0.044	0.466	0.020	0.228
sad	0.148	0.002	0.077	0.093	0.360	0.018	0.302
sad	0.088	0.000	0.078	0.092	0.506	0.009	0.227
sad	0.094	0.000	0.083	0.030	0.625	0.002	0.167
sad	0.056	0.000	0.064	0.016	0.723	0.001	0.140
sad	0.114	0.000	0.081	0.034	0.585	0.003	0.182
sad	0.066	0.000	0.096	0.014	0.668	0.003	0.153
sad	0.071	0.000	0.115	0.008	0.685	0.003	0.118
sad	0.150	0.001	0.086	0.011	0.626	0.003	0.125
sad	0.157	0.001	0.153	0.008	0.457	0.005	0.219
sad	0.124	0.001	0.125	0.011	0.650	0.003	0.086
sad	0.058	0.000	0.103	0.004	0.720	0.001	0.113
sad	0.146	0.001	0.149	0.016	0.558	0.010	0.120
sad	0.139	0.001	0.123	0.022	0.540	0.009	0.165
sad	0.150	0.001	0.036	0.083	0.386	0.002	0.342
neutral	0.120	0.000	0.110	0.236	0.240	0.017	0.277
sad	0.110	0.000	0.118	0.058	0.432	0.024	0.258
sad	0.102	0.001	0.082	0.048	0.398	0.012	0.358
sad	0.200	0.000	0.135	0.126	0.336	0.011	0.192
sad	0.087	0.001	0.084	0.018	0.704	0.000	0.106
sad	0.054	0.001	0.094	0.037	0.530	0.003	0.282
sad	0.033	0.001	0.044	0.042	0.672	0.001	0.209
sad	0.037	0.000	0.050	0.042	0.638	0.001	0.233
sad	0.064	0.000	0.062	0.035	0.678	0.001	0.159
sad	0.085	0.000	0.077	0.017	0.671	0.002	0.147
sad	0.085	0.000	0.104	0.005	0.662	0.002	0.142
sad	0.110	0.001	0.116	0.024	0.597	0.007	0.146
sad	0.115	0.001	0.073	0.018	0.644	0.004	0.145
sad	0.147	0.001	0.046	0.040	0.539	0.003	0.224
sad	0.066	0.000	0.095	0.009	0.663	0.002	0.164
sad	0.070	0.001	0.083	0.032	0.550	0.004	0.261
sad	0.037	0.001	0.086	0.018	0.621	0.001	0.237
sad	0.114	0.001	0.077	0.017	0.612	0.001	0.177
sad	0.126	0.001	0.110	0.014	0.486	0.006	0.257
sad	0.098	0.001	0.145	0.009	0.382	0.004	0.362
neutral	0.075	0.001	0.104	0.011	0.213	0.010	0.586
neutral	0.114	0.001	0.103	0.028	0.201	0.040	0.514
neutral	0.137	0.001	0.082	0.033	0.233	0.014	0.500
sad	0.260	0.001	0.087	0.024	0.333	0.013	0.281
sad	0.121	0.001	0.071	0.031	0.497	0.010	0.270
sad	0.085	0.001	0.123	0.020	0.513	0.016	0.243
sad	0.082	0.001	0.051	0.035	0.628	0.002	0.201
sad	0.064	0.000	0.071	0.026	0.450	0.005	0.384
sad	0.117	0.001	0.066	0.019	0.639	0.002	0.156
sad	0.101	0.001	0.066	0.027	0.579	0.003	0.223
sad	0.115	0.001	0.057	0.039	0.590	0.006	0.192
sad	0.084	0.000	0.076	0.030	0.595	0.004	0.211
sad	0.063	0.001	0.050	0.020	0.551	0.002	0.312
sad	0.080	0.001	0.087	0.021	0.618	0.003	0.190
sad	0.085	0.001	0.109	0.013	0.500	0.004	0.289
neutral	0.087	0.002	0.119	0.008	0.327	0.012	0.445
neutral	0.072	0.001	0.135	0.003	0.312	0.011	0.467
neutral	0.052	0.000	0.069	0.025	0.164	0.072	0.618
neutral	0.069	0.000	0.074	0.005	0.142	0.059	0.651
neutral	0.080	0.000	0.053	0.008	0.138	0.075	0.645
neutral	0.095	0.001	0.067	0.017	0.172	0.057	0.591
neutral	0.062	0.001	0.133	0.003	0.242	0.033	0.528
neutral	0.090	0.002	0.112	0.005	0.215	0.020	0.555
neutral	0.073	0.001	0.169	0.003	0.260	0.025	0.470
neutral	0.117	0.001	0.166	0.008	0.260	0.038	0.410
neutral	0.157	0.002	0.225	0.010	0.214	0.082	0.309
neutral	0.154	0.001	0.129	0.009	0.183	0.062	0.461
neutral	0.125	0.001	0.119	0.007	0.171	0.044	0.533
neutral	0.163	0.001	0.197	0.009	0.204	0.061	0.364
neutral	0.091	0.001	0.148	0.008	0.154	0.039	0.559
neutral	0.129	0.002	0.091	0.004	0.243	0.009	0.522
neutral	0.131	0.001	0.103	0.005	0.331	0.008	0.421
neutral	0.102	0.001	0.163	0.003	0.321	0.010	0.400
neutral	0.074	0.002	0.181	0.004	0.298	0.014	0.428
fear	0.138	0.002	0.289	0.007	0.271	0.017	0.277
neutral	0.181	0.003	0.270	0.006	0.235	0.025	0.281
neutral	0.104	0.002	0.138	0.005	0.250	0.018	0.484
neutral	0.108	0.002	0.111	0.010	0.190	0.040	0.539
neutral	0.191	0.004	0.134	0.007	0.242	0.029	0.393
neutral	0.132	0.001	0.159	0.004	0.321	0.013	0.370
neutral	0.156	0.003	0.150	0.010	0.305	0.017	0.360
neutral	0.162	0.002	0.148	0.011	0.276	0.015	0.387
neutral	0.139	0.003	0.077	0.011	0.251	0.015	0.505
neutral	0.233	0.003	0.191	0.010	0.229	0.061	0.274
neutral	0.042	0.002	0.090	0.002	0.392	0.004	0.466
neutral	0.135	0.002	0.086	0.004	0.319	0.007	0.448
sad	0.184	0.002	0.132	0.005	0.337	0.017	0.324
sad	0.212	0.002	0.116	0.005	0.327	0.012	0.326
sad	0.074	0.001	0.162	0.002	0.500	0.006	0.254
sad	0.044	0.001	0.077	0.002	0.573	0.002	0.300
sad	0.102	0.001	0.117	0.002	0.539	0.003	0.236
sad	0.086	0.001	0.155	0.002	0.477	0.007	0.271
sad	0.178	0.001	0.204	0.002	0.374	0.019	0.222
sad	0.192	0.001	0.114	0.003	0.477	0.006	0.209
sad	0.160	0.001	0.160	0.004	0.437	0.007	0.231
sad	0.157	0.003	0.184	0.004	0.379	0.007	0.266
neutral	0.191	0.002	0.126	0.009	0.322	0.009	0.341
sad	0.158	0.004	0.154	0.012	0.434	0.005	0.234
fear	0.225	0.002	0.284	0.020	0.247	0.026	0.195
sad	0.167	0.006	0.217	0.025	0.300	0.016	0.269
neutral	0.185	0.003	0.191	0.041	0.267	0.040	0.274
sad	0.137	0.002	0.246	0.019	0.334	0.025	0.237
neutral	0.171	0.004	0.173	0.021	0.265	0.016	0.351
sad	0.168	0.003	0.283	0.029	0.290	0.054	0.174
neutral	0.172	0.001	0.178	0.022	0.221	0.025	0.379
neutral	0.176	0.002	0.148	0.023	0.183	0.021	0.448
neutral	0.239	0.008	0.228	0.017	0.192	0.023	0.294
neutral	0.221	0.006	0.138	0.011	0.252	0.025	0.347
neutral	0.171	0.003	0.160	0.011	0.258	0.024	0.374
neutral	0.246	0.010	0.175	0.005	0.267	0.020	0.277
neutral	0.274	0.004	0.129	0.006	0.258	0.025	0.304
angry	0.291	0.005	0.205	0.008	0.267	0.032	0.192
angry	0.326	0.003	0.237	0.002	0.262	0.012	0.159
angry	0.270	0.005	0.209	0.003	0.267	0.029	0.217
fear	0.214	0.002	0.288	0.006	0.229	0.032	0.228
sad	0.299	0.011	0.272	0.002	0.312	0.019	0.086
fear	0.287	0.002	0.295	0.004	0.242	0.030	0.139
sad	0.122	0.003	0.261	0.001	0.491	0.002	0.122
sad	0.311	0.004	0.147	0.002	0.371	0.011	0.154
sad	0.260	0.003	0.193	0.003	0.300	0.045	0.195
sad	0.221	0.004	0.221	0.001	0.326	0.026	0.202
sad	0.267	0.005	0.198	0.002	0.335	0.036	0.158
angry	0.356	0.003	0.229	0.003	0.231	0.057	0.121
sad	0.234	0.005	0.173	0.002	0.318	0.029	0.240
sad	0.236	0.003	0.192	0.002	0.335	0.034	0.198
angry	0.322	0.003	0.200	0.002	0.286	0.023	0.164
angry	0.363	0.004	0.160	0.002	0.306	0.025	0.139
sad	0.237	0.003	0.179	0.001	0.425	0.010	0.144
sad	0.252	0.003	0.157	0.002	0.446	0.014	0.126
sad	0.240	0.001	0.204	0.002	0.430	0.016	0.106
fear	0.253	0.002	0.384	0.003	0.262	0.028	0.068
angry	0.310	0.008	0.156	0.005	0.279	0.031	0.211
angry	0.346	0.003	0.158	0.004	0.285	0.029	0.175
angry	0.408	0.003	0.210	0.004	0.190	0.046	0.139
angry	0.402	0.003	0.251	0.003	0.181	0.050	0.111
angry	0.330	0.004	0.153	0.004	0.264	0.035	0.210
angry	0.379	0.001	0.143	0.004	0.285	0.020	0.167
angry	0.388	0.005	0.148	0.003	0.266	0.027	0.163
sad	0.272	0.001	0.254	0.003	0.298	0.045	0.127
angry	0.402	0.002	0.083	0.003	0.322	0.014	0.173
angry	0.324	0.001	0.175	0.002	0.304	0.029	0.164
angry	0.400	0.003	0.166	0.004	0.226	0.044	0.158
angry	0.321	0.003	0.197	0.003	0.311	0.060	0.106
angry	0.471	0.002	0.136	0.002	0.283	0.016	0.091
angry	0.417	0.002	0.160	0.002	0.329	0.022	0.068
angry	0.329	0.003	0.212	0.003	0.292	0.050	0.110
sad	0.240	0.004	0.170	0.002	0.325	0.047	0.213
neutral	0.250	0.007	0.138	0.002	0.229	0.042	0.331
sad	0.220	0.003	0.261	0.002	0.287	0.043	0.185
sad	0.147	0.003	0.244	0.001	0.443	0.004	0.158
sad	0.175	0.005	0.301	0.001	0.388	0.011	0.120
sad	0.164	0.006	0.183	0.001	0.506	0.002	0.138
sad	0.200	0.005	0.279	0.001	0.372	0.007	0.135
sad	0.210	0.004	0.256	0.000	0.448	0.007	0.075
sad	0.187	0.003	0.210	0.001	0.480	0.007	0.113
sad	0.140	0.004	0.219	0.001	0.533	0.010	0.093
sad	0.160	0.003	0.214	0.001	0.475	0.009	0.137
neutral	0.196	0.005	0.129	0.002	0.325	0.010	0.333
neutral	0.240	0.008	0.095	0.003	0.207	0.012	0.436
angry	0.382	0.007	0.106	0.005	0.158	0.039	0.302
neutral	0.273	0.003	0.055	0.006	0.169	0.041	0.453
neutral	0.301	0.007	0.090	0.005	0.203	0.066	0.328
neutral	0.313	0.005	0.075	0.008	0.183	0.062	0.353
neutral	0.342	0.012	0.076	0.006	0.156	0.066	0.343
neutral	0.300	0.008	0.097	0.007	0.159	0.081	0.349
angry	0.358	0.007	0.083	0.003	0.219	0.021	0.309
angry	0.406	0.002	0.052	0.012	0.167	0.031	0.330
neutral	0.253	0.003	0.078	0.005	0.155	0.027	0.479
angry	0.338	0.008	0.272	0.002	0.289	0.025	0.067
sad	0.218	0.009	0.291	0.002	0.342	0.012	0.125
sad	0.182	0.003	0.165	0.001	0.479	0.006	0.164
sad	0.227	0.009	0.260	0.001	0.403	0.007	0.092
sad	0.240	0.004	0.276	0.001	0.400	0.010	0.069
sad	0.216	0.008	0.230	0.001	0.375	0.007	0.163
sad	0.168	0.005	0.183	0.001	0.419	0.013	0.211
sad	0.164	0.005	0.187	0.001	0.429	0.009	0.204
sad	0.227	0.010	0.226	0.001	0.406	0.005	0.124
sad	0.169	0.003	0.264	0.001	0.447	0.008	0.108
sad	0.190	0.006	0.253	0.001	0.465	0.007	0.078
sad	0.181	0.011	0.240	0.001	0.445	0.008	0.115
sad	0.153	0.002	0.187	0.001	0.533	0.008	0.116
sad	0.185	0.009	0.226	0.002	0.405	0.015	0.158
sad	0.198	0.006	0.208	0.003	0.391	0.017	0.177
sad	0.219	0.004	0.231	0.004	0.376	0.016	0.150
sad	0.256	0.006	0.204	0.001	0.428	0.013	0.092
sad	0.207	0.004	0.194	0.003	0.371	0.021	0.200
sad	0.224	0.010	0.225	0.002	0.390	0.017	0.133
sad	0.269	0.012	0.187	0.001	0.423	0.010	0.098
fear	0.282	0.007	0.327	0.004	0.257	0.023	0.100
sad	0.248	0.003	0.288	0.002	0.338	0.025	0.096
sad	0.224	0.007	0.203	0.001	0.433	0.009	0.123
sad	0.215	0.008	0.264	0.002	0.350	0.017	0.146
sad	0.154	0.004	0.247	0.002	0.421	0.016	0.157
sad	0.221	0.003	0.248	0.002	0.345	0.026	0.154
sad	0.198	0.003	0.201	0.001	0.458	0.005	0.135
sad	0.321	0.014	0.191	0.002	0.337	0.026	0.107
angry	0.281	0.005	0.264	0.003	0.271	0.051	0.125
sad	0.247	0.006	0.180	0.003	0.319	0.034	0.212
sad	0.192	0.007	0.186	0.002	0.331	0.042	0.240
fear	0.250	0.002	0.294	0.002	0.278	0.023	0.151
fear	0.261	0.003	0.279	0.002	0.248	0.049	0.158
sad	0.248	0.002	0.270	0.002	0.293	0.023	0.161
sad	0.238	0.005	0.177	0.003	0.374	0.052	0.151
sad	0.190	0.004	0.145	0.002	0.443	0.026	0.191
sad	0.211	0.006	0.167	0.003	0.368	0.057	0.188
sad	0.209	0.002	0.117	0.003	0.411	0.037	0.221
sad	0.307	0.004	0.123	0.006	0.339	0.044	0.177
sad	0.284	0.005	0.131	0.003	0.366	0.049	0.162
sad	0.253	0.003	0.165	0.002	0.393	0.047	0.138
sad	0.241	0.003	0.138	0.002	0.384	0.050	0.182
sad	0.242	0.004	0.141	0.005	0.339	0.047	0.222
sad	0.248	0.003	0.118	0.003	0.420	0.031	0.178
sad	0.273	0.003	0.134	0.002	0.378	0.050	0.161
sad	0.222	0.006	0.159	0.003	0.298	0.026	0.286
sad	0.223	0.012	0.177	0.003	0.303	0.019	0.262
neutral	0.265	0.006	0.140	0.004	0.203	0.022	0.361
sad	0.239	0.006	0.187	0.003	0.348	0.021	0.198
angry	0.368	0.003	0.118	0.002	0.300	0.022	0.188
angry	0.397	0.002	0.163	0.002	0.283	0.030	0.122
sad	0.148	0.008	0.210	0.001	0.398	0.026	0.209
angry	0.348	0.003	0.216	0.003	0.223	0.075	0.132
sad	0.257	0.003	0.210	0.001	0.371	0.015	0.142
sad	0.145	0.002	0.222	0.001	0.556	0.009	0.065
sad	0.164	0.002	0.188	0.001	0.534	0.010	0.102
sad	0.163	0.003	0.265	0.001	0.407	0.011	0.151
sad	0.159	0.003	0.268	0.001	0.434	0.013	0.122
sad	0.169	0.003	0.206	0.001	0.459	0.012	0.149
sad	0.151	0.002	0.281	0.002	0.359	0.013	0.191
sad	0.111	0.002	0.192	0.001	0.635	0.009	0.051
sad	0.092	0.002	0.241	0.003	0.505	0.012	0.144
sad	0.107	0.003	0.153	0.004	0.615	0.007	0.112
sad	0.119	0.002	0.122	0.005	0.648	0.005	0.098
sad	0.128	0.003	0.158	0.008	0.585	0.013	0.106
sad	0.140	0.002	0.128	0.010	0.576	0.016	0.128
sad	0.183	0.002	0.125	0.008	0.589	0.005	0.088
sad	0.168	0.003	0.112	0.005	0.612	0.004	0.096
sad	0.169	0.004	0.098	0.006	0.618	0.004	0.103
sad	0.217	0.002	0.153	0.007	0.512	0.014	0.095
sad	0.206	0.003	0.142	0.006	0.554	0.009	0.081
sad	0.135	0.001	0.085	0.014	0.574	0.020	0.170
sad	0.258	0.004	0.129	0.010	0.324	0.014	0.260
neutral	0.218	0.003	0.096	0.021	0.308	0.025	0.327
neutral	0.172	0.002	0.097	0.025	0.317	0.042	0.345
neutral	0.124	0.004	0.078	0.015	0.319	0.026	0.433
sad	0.178	0.002	0.144	0.019	0.369	0.046	0.242
neutral	0.150	0.003	0.137	0.007	0.298	0.034	0.372
neutral	0.136	0.001	0.120	0.006	0.235	0.044	0.457
neutral	0.125	0.006	0.089	0.011	0.329	0.030	0.409
sad	0.156	0.002	0.115	0.017	0.332	0.051	0.327
neutral	0.153	0.002	0.147	0.008	0.308	0.039	0.343
neutral	0.250	0.006	0.143	0.006	0.272	0.038	0.286
sad	0.173	0.009	0.168	0.004	0.299	0.068	0.280
sad	0.126	0.006	0.175	0.002	0.396	0.027	0.269
sad	0.235	0.006	0.203	0.001	0.355	0.024	0.175
sad	0.110	0.004	0.164	0.002	0.387	0.029	0.304
sad	0.110	0.005	0.187	0.002	0.405	0.009	0.282
sad	0.118	0.006	0.203	0.001	0.410	0.007	0.254
sad	0.102	0.003	0.200	0.001	0.439	0.012	0.242
sad	0.109	0.003	0.230	0.001	0.529	0.010	0.119
sad	0.139	0.004	0.163	0.002	0.400	0.016	0.276
fear	0.269	0.006	0.345	0.001	0.291	0.017	0.072
sad	0.242	0.013	0.238	0.003	0.322	0.013	0.170
neutral	0.080	0.001	0.139	0.004	0.366	0.005	0.405
sad	0.211	0.003	0.257	0.006	0.326	0.008	0.189
neutral	0.109	0.001	0.230	0.008	0.306	0.009	0.338
neutral	0.107	0.002	0.226	0.025	0.232	0.021	0.386
neutral	0.039	0.004	0.186	0.026	0.362	0.005	0.378
neutral	0.023	0.001	0.096	0.055	0.336	0.008	0.481
neutral	0.028	0.003	0.141	0.048	0.342	0.007	0.431
sad	0.031	0.003	0.108	0.041	0.550	0.021	0.246
sad	0.042	0.006	0.130	0.041	0.439	0.057	0.284
sad	0.023	0.001	0.153	0.009	0.706	0.008	0.099
fear	0.023	0.000	0.773	0.000	0.203	0.000	0.000
sad	0.049	0.003	0.439	0.008	0.471	0.019	0.011
fear	0.235	0.001	0.395	0.150	0.175	0.022	0.022
sad	0.145	0.001	0.232	0.015	0.590	0.002	0.015
happy	0.020	0.001	0.004	0.914	0.006	0.037	0.018
sad	0.112	0.003	0.109	0.002	0.760	0.001	0.013
sad	0.185	0.003	0.160	0.002	0.636	0.001	0.013
sad	0.307	0.001	0.051	0.226	0.338	0.006	0.072
sad	0.181	0.004	0.173	0.000	0.560	0.080	0.002
happy	0.004	0.009	0.003	0.949	0.005	0.006	0.024
happy	0.004	0.004	0.003	0.960	0.011	0.004	0.013
happy	0.029	0.027	0.017	0.740	0.072	0.016	0.099
angry	0.401	0.001	0.262	0.002	0.303	0.019	0.012
angry	0.502	0.001	0.047	0.004	0.413	0.005	0.028
sad	0.426	0.001	0.027	0.003	0.522	0.006	0.016
sad	0.290	0.000	0.094	0.004	0.557	0.028	0.027
happy	0.210	0.000	0.097	0.549	0.066	0.022	0.056
angry	0.568	0.000	0.086	0.041	0.162	0.021	0.121
angry	0.418	0.000	0.074	0.035	0.190	0.014	0.270
angry	0.513	0.000	0.135	0.030	0.137	0.035	0.151
angry	0.543	0.000	0.070	0.030	0.120	0.013	0.224
angry	0.414	0.000	0.109	0.047	0.146	0.043	0.242
angry	0.650	0.000	0.130	0.026	0.071	0.036	0.087
sad	0.235	0.000	0.043	0.008	0.692	0.006	0.016
sad	0.301	0.002	0.052	0.007	0.607	0.015	0.017
sad	0.268	0.001	0.102	0.006	0.564	0.029	0.030
sad	0.352	0.003	0.034	0.006	0.551	0.021	0.034
sad	0.340	0.002	0.035	0.004	0.566	0.015	0.038
sad	0.359	0.004	0.026	0.002	0.565	0.011	0.032
sad	0.244	0.004	0.073	0.005	0.623	0.030	0.022
sad	0.200	0.000	0.137	0.004	0.611	0.023	0.025
sad	0.310	0.001	0.128	0.005	0.499	0.033	0.025
sad	0.253	0.000	0.108	0.004	0.593	0.017	0.024
sad	0.343	0.003	0.080	0.008	0.529	0.019	0.019
sad	0.271	0.002	0.090	0.004	0.599	0.017	0.017
sad	0.373	0.003	0.079	0.008	0.485	0.033	0.019
sad	0.183	0.000	0.212	0.005	0.525	0.055	0.020
happy	0.218	0.000	0.126	0.307	0.218	0.058	0.073
sad	0.333	0.000	0.028	0.006	0.613	0.006	0.013
sad	0.416	0.001	0.068	0.008	0.476	0.017	0.014
sad	0.289	0.000	0.130	0.004	0.552	0.009	0.014
angry	0.468	0.002	0.061	0.004	0.445	0.007	0.013
sad	0.403	0.002	0.077	0.002	0.484	0.014	0.019
angry	0.539	0.002	0.045	0.002	0.387	0.008	0.016
sad	0.383	0.001	0.105	0.008	0.456	0.019	0.027
sad	0.351	0.002	0.098	0.005	0.504	0.017	0.022
angry	0.475	0.001	0.087	0.005	0.398	0.009	0.024
angry	0.605	0.002	0.044	0.003	0.322	0.007	0.016
angry	0.564	0.000	0.047	0.004	0.368	0.003	0.014
angry	0.504	0.000	0.029	0.004	0.451	0.003	0.009
angry	0.629	0.000	0.037	0.004	0.317	0.002	0.011
angry	0.642	0.000	0.033	0.005	0.307	0.002	0.011
angry	0.611	0.000	0.031	0.006	0.324	0.005	0.024
angry	0.731	0.000	0.029	0.007	0.215	0.004	0.015
angry	0.636	0.000	0.041	0.007	0.293	0.004	0.018
angry	0.664	0.000	0.041	0.005	0.272	0.003	0.015
angry	0.598	0.000	0.052	0.006	0.311	0.005	0.029
angry	0.638	0.000	0.038	0.006	0.290	0.004	0.025
angry	0.663	0.001	0.027	0.008	0.279	0.006	0.017
angry	0.627	0.001	0.034	0.008	0.311	0.004	0.015
angry	0.780	0.000	0.019	0.006	0.183	0.003	0.009
angry	0.692	0.000	0.017	0.007	0.270	0.002	0.011
angry	0.765	0.000	0.020	0.006	0.196	0.004	0.009
angry	0.700	0.000	0.021	0.007	0.254	0.003	0.016
angry	0.676	0.001	0.029	0.005	0.271	0.004	0.014
angry	0.732	0.001	0.022	0.007	0.223	0.003	0.011
angry	0.691	0.000	0.031	0.006	0.254	0.004	0.014
angry	0.818	0.000	0.016	0.005	0.149	0.003	0.009
angry	0.809	0.000	0.016	0.005	0.159	0.003	0.008
angry	0.688	0.001	0.023	0.011	0.262	0.003	0.013
angry	0.685	0.001	0.024	0.011	0.265	0.003	0.011
angry	0.783	0.001	0.016	0.006	0.185	0.003	0.006
angry	0.747	0.001	0.024	0.008	0.209	0.003	0.009
angry	0.650	0.001	0.024	0.010	0.302	0.003	0.011
angry	0.684	0.001	0.026	0.010	0.264	0.003	0.012
angry	0.720	0.000	0.025	0.005	0.237	0.003	0.010
angry	0.744	0.001	0.023	0.008	0.209	0.003	0.011
angry	0.713	0.001	0.018	0.008	0.245	0.003	0.011
angry	0.736	0.002	0.020	0.010	0.216	0.003	0.014
angry	0.716	0.001	0.020	0.008	0.239	0.003	0.014
angry	0.716	0.000	0.023	0.006	0.240	0.003	0.011
angry	0.685	0.001	0.023	0.011	0.256	0.004	0.021
angry	0.749	0.001	0.021	0.008	0.207	0.003	0.011
angry	0.796	0.001	0.016	0.007	0.169	0.002	0.009
angry	0.713	0.001	0.019	0.009	0.246	0.002	0.010
angry	0.703	0.000	0.030	0.009	0.237	0.003	0.018
angry	0.721	0.001	0.021	0.009	0.229	0.003	0.017
angry	0.822	0.000	0.020	0.007	0.138	0.002	0.010
angry	0.732	0.001	0.024	0.004	0.226	0.002	0.011
angry	0.845	0.001	0.021	0.001	0.121	0.003	0.009
angry	0.885	0.001	0.012	0.001	0.091	0.002	0.009
angry	0.822	0.005	0.042	0.000	0.112	0.004	0.014
angry	0.557	0.002	0.040	0.004	0.383	0.005	0.009
angry	0.557	0.001	0.036	0.011	0.379	0.005	0.011
angry	0.565	0.001	0.027	0.010	0.380	0.003	0.013
angry	0.565	0.001	0.021	0.011	0.379	0.006	0.016
angry	0.570	0.000	0.018	0.010	0.384	0.004	0.012
angry	0.581	0.000	0.023	0.005	0.377	0.002	0.010
angry	0.619	0.001	0.020	0.007	0.340	0.004	0.010
angry	0.716	0.000	0.019	0.002	0.255	0.002	0.005
angry	0.695	0.000	0.032	0.003	0.259	0.002	0.009
angry	0.645	0.001	0.027	0.002	0.315	0.001	0.009
angry	0.673	0.001	0.023	0.002	0.290	0.002	0.009
angry	0.704	0.001	0.024	0.002	0.261	0.002	0.007
angry	0.630	0.001	0.023	0.002	0.333	0.001	0.008
angry	0.656	0.001	0.021	0.003	0.307	0.002	0.010
angry	0.693	0.001	0.018	0.002	0.273	0.001	0.010
angry	0.569	0.001	0.026	0.002	0.393	0.002	0.007
angry	0.706	0.001	0.025	0.002	0.258	0.002	0.007
angry	0.671	0.001	0.021	0.003	0.293	0.002	0.009
angry	0.627	0.001	0.027	0.004	0.328	0.003	0.010
angry	0.637	0.001	0.034	0.004	0.309	0.005	0.010
angry	0.631	0.001	0.028	0.004	0.323	0.003	0.010
angry	0.526	0.001	0.030	0.007	0.421	0.004	0.010
angry	0.571	0.001	0.035	0.011	0.361	0.005	0.016
angry	0.522	0.001	0.027	0.010	0.420	0.003	0.017
angry	0.489	0.001	0.030	0.009	0.452	0.006	0.014
angry	0.566	0.001	0.019	0.005	0.396	0.005	0.008
sad	0.462	0.001	0.031	0.010	0.471	0.007	0.018
sad	0.466	0.001	0.029	0.010	0.475	0.005	0.016
sad	0.365	0.000	0.026	0.009	0.581	0.004	0.015
sad	0.475	0.001	0.020	0.005	0.479	0.007	0.013
angry	0.547	0.001	0.018	0.005	0.416	0.005	0.010
angry	0.474	0.001	0.028	0.010	0.466	0.006	0.015
sad	0.460	0.000	0.020	0.010	0.489	0.004	0.017
angry	0.510	0.001	0.030	0.009	0.430	0.009	0.012
angry	0.567	0.001	0.018	0.006	0.393	0.005	0.010
sad	0.098	0.000	0.105	0.002	0.776	0.015	0.004
sad	0.126	0.000	0.349	0.000	0.518	0.003	0.002
sad	0.191	0.001	0.301	0.001	0.499	0.007	0.001
sad	0.239	0.000	0.291	0.000	0.463	0.005	0.001
sad	0.179	0.000	0.307	0.000	0.509	0.004	0.001
sad	0.228	0.001	0.189	0.001	0.576	0.004	0.001
sad	0.223	0.001	0.234	0.000	0.536	0.004	0.001
sad	0.183	0.001	0.198	0.000	0.606	0.011	0.001
sad	0.207	0.001	0.175	0.001	0.599	0.014	0.003
sad	0.291	0.002	0.152	0.000	0.540	0.013	0.002
sad	0.244	0.001	0.153	0.001	0.582	0.010	0.009
sad	0.189	0.001	0.110	0.001	0.686	0.009	0.006
sad	0.356	0.001	0.104	0.001	0.518	0.011	0.009
sad	0.328	0.000	0.115	0.005	0.525	0.006	0.022
sad	0.221	0.001	0.140	0.002	0.611	0.009	0.017
sad	0.443	0.001	0.068	0.003	0.450	0.016	0.018
sad	0.304	0.000	0.116	0.002	0.551	0.011	0.015
sad	0.191	0.001	0.101	0.001	0.682	0.013	0.010
sad	0.257	0.000	0.104	0.003	0.616	0.012	0.009
sad	0.289	0.000	0.060	0.002	0.629	0.011	0.008
sad	0.253	0.000	0.194	0.002	0.534	0.010	0.006
sad	0.139	0.000	0.169	0.001	0.678	0.005	0.008
sad	0.070	0.000	0.086	0.001	0.837	0.003	0.003
sad	0.133	0.000	0.076	0.001	0.779	0.005	0.005
sad	0.089	0.000	0.076	0.001	0.825	0.006	0.004
sad	0.144	0.000	0.064	0.002	0.780	0.006	0.004
sad	0.143	0.000	0.108	0.002	0.735	0.005	0.007
sad	0.078	0.000	0.093	0.001	0.820	0.004	0.004
sad	0.166	0.000	0.110	0.003	0.701	0.013	0.006
sad	0.170	0.000	0.122	0.002	0.683	0.016	0.007
sad	0.227	0.000	0.127	0.002	0.615	0.021	0.007
sad	0.258	0.000	0.126	0.006	0.574	0.025	0.009
sad	0.338	0.000	0.079	0.007	0.547	0.017	0.012
sad	0.263	0.001	0.132	0.007	0.561	0.027	0.009
sad	0.427	0.005	0.048	0.002	0.503	0.006	0.009
sad	0.409	0.002	0.067	0.008	0.486	0.014	0.013
sad	0.368	0.003	0.075	0.005	0.529	0.009	0.012
sad	0.376	0.003	0.076	0.006	0.499	0.025	0.016
sad	0.252	0.003	0.081	0.003	0.637	0.012	0.012
sad	0.274	0.001	0.086	0.004	0.615	0.011	0.009
sad	0.260	0.000	0.096	0.007	0.611	0.013	0.013
sad	0.307	0.000	0.101	0.006	0.543	0.022	0.022
sad	0.265	0.000	0.113	0.003	0.596	0.013	0.010
sad	0.117	0.000	0.175	0.001	0.703	0.003	0.001
sad	0.265	0.001	0.065	0.003	0.650	0.008	0.008
sad	0.223	0.000	0.072	0.003	0.684	0.011	0.008
sad	0.194	0.001	0.094	0.002	0.694	0.010	0.006
sad	0.116	0.000	0.144	0.001	0.736	0.001	0.002
sad	0.117	0.000	0.200	0.001	0.678	0.002	0.002
sad	0.134	0.000	0.369	0.000	0.494	0.002	0.001
sad	0.194	0.000	0.322	0.000	0.479	0.002	0.002
sad	0.140	0.000	0.258	0.000	0.600	0.001	0.001
sad	0.119	0.000	0.294	0.000	0.585	0.001	0.001
sad	0.140	0.000	0.235	0.000	0.623	0.001	0.001
sad	0.209	0.000	0.179	0.004	0.595	0.009	0.005
angry	0.484	0.000	0.075	0.104	0.150	0.039	0.148
angry	0.423	0.000	0.058	0.042	0.242	0.015	0.218
fear	0.029	0.000	0.799	0.000	0.171	0.001	0.001
fear	0.016	0.000	0.839	0.000	0.144	0.000	0.000
fear	0.019	0.000	0.832	0.000	0.149	0.000	0.000
fear	0.064	0.000	0.611	0.000	0.324	0.000	0.000
fear	0.082	0.000	0.643	0.000	0.275	0.000	0.000
fear	0.102	0.000	0.634	0.000	0.263	0.000	0.000
fear	0.135	0.000	0.514	0.000	0.349	0.001	0.001
sad	0.079	0.000	0.309	0.000	0.608	0.001	0.001
sad	0.098	0.001	0.307	0.000	0.590	0.001	0.002
sad	0.117	0.000	0.381	0.000	0.499	0.001	0.001
sad	0.085	0.000	0.326	0.000	0.585	0.002	0.002
sad	0.121	0.001	0.251	0.000	0.623	0.002	0.002
sad	0.192	0.001	0.255	0.001	0.547	0.002	0.003
sad	0.137	0.001	0.353	0.000	0.505	0.002	0.002
sad	0.158	0.000	0.410	0.000	0.428	0.001	0.001
sad	0.154	0.000	0.363	0.000	0.477	0.002	0.003
fear	0.123	0.000	0.524	0.000	0.351	0.001	0.001
sad	0.182	0.001	0.373	0.000	0.441	0.001	0.002
fear	0.153	0.000	0.528	0.000	0.316	0.001	0.001
fear	0.045	0.000	0.711	0.000	0.242	0.001	0.001
fear	0.038	0.000	0.682	0.000	0.277	0.002	0.001
fear	0.044	0.000	0.648	0.000	0.307	0.001	0.001
fear	0.037	0.000	0.740	0.000	0.222	0.001	0.000
fear	0.025	0.000	0.852	0.000	0.122	0.001	0.000
fear	0.017	0.000	0.846	0.000	0.136	0.001	0.000
fear	0.035	0.000	0.775	0.000	0.189	0.001	0.000
fear	0.028	0.000	0.779	0.000	0.193	0.000	0.000
fear	0.028	0.000	0.819	0.000	0.151	0.001	0.000
fear	0.039	0.000	0.841	0.000	0.120	0.000	0.000
fear	0.024	0.000	0.736	0.000	0.240	0.000	0.000
fear	0.088	0.000	0.594	0.000	0.318	0.000	0.000
fear	0.126	0.000	0.588	0.000	0.286	0.000	0.001
fear	0.036	0.000	0.571	0.001	0.385	0.007	0.001
fear	0.024	0.000	0.610	0.000	0.364	0.001	0.000
