prediction	angry	disgust	fear	happy	sad	surprise	neutral
happy	0.007	0.000	0.001	0.573	0.037	0.000	0.382
happy	0.002	0.000	0.000	0.898	0.010	0.000	0.090
happy	0.003	0.000	0.000	0.905	0.015	0.000	0.076
happy	0.002	0.000	0.000	0.915	0.007	0.000	0.075
happy	0.001	0.000	0.000	0.885	0.018	0.000	0.096
happy	0.005	0.000	0.000	0.826	0.016	0.000	0.153
happy	0.003	0.000	0.000	0.885	0.013	0.000	0.098
happy	0.004	0.000	0.000	0.819	0.011	0.000	0.165
happy	0.001	0.000	0.000	0.864	0.007	0.000	0.127
happy	0.007	0.000	0.003	0.670	0.075	0.000	0.246
happy	0.005	0.000	0.001	0.649	0.038	0.000	0.308
happy	0.003	0.000	0.000	0.818	0.017	0.000	0.161
happy	0.002	0.000	0.001	0.882	0.015	0.001	0.098
happy	0.003	0.000	0.000	0.564	0.035	0.001	0.397
happy	0.008	0.000	0.000	0.563	0.038	0.000	0.390
happy	0.005	0.000	0.001	0.707	0.033	0.000	0.254
happy	0.002	0.000	0.000	0.820	0.014	0.000	0.163
happy	0.002	0.000	0.000	0.856	0.019	0.000	0.122
happy	0.002	0.000	0.000	0.863	0.011	0.000	0.123
happy	0.003	0.000	0.002	0.727	0.059	0.001	0.208
happy	0.004	0.000	0.001	0.848	0.016	0.001	0.130
sad	0.124	0.000	0.154	0.115	0.472	0.040	0.095
happy	0.008	0.000	0.001	0.715	0.033	0.000	0.243
happy	0.004	0.000	0.001	0.766	0.010	0.000	0.219
happy	0.005	0.000	0.001	0.619	0.017	0.001	0.357
happy	0.012	0.000	0.001	0.694	0.034	0.001	0.258
happy	0.020	0.000	0.002	0.470	0.053	0.002	0.453
happy	0.010	0.000	0.001	0.649	0.018	0.000	0.322
happy	0.024	0.000	0.006	0.614	0.127	0.001	0.228
happy	0.009	0.000	0.001	0.636	0.035	0.001	0.319
happy	0.009	0.000	0.000	0.575	0.012	0.000	0.402
happy	0.022	0.000	0.002	0.485	0.046	0.001	0.445
happy	0.024	0.000	0.002	0.540	0.028	0.001	0.406
happy	0.025	0.000	0.001	0.644	0.024	0.001	0.306
happy	0.033	0.000	0.001	0.578	0.026	0.001	0.361
happy	0.012	0.000	0.001	0.625	0.023	0.000	0.339
happy	0.020	0.000	0.002	0.689	0.042	0.000	0.247
happy	0.040	0.000	0.006	0.587	0.097	0.002	0.268
happy	0.016	0.000	0.001	0.725	0.025	0.000	0.232
happy	0.017	0.000	0.001	0.612	0.027	0.000	0.342
happy	0.042	0.000	0.003	0.574	0.061	0.001	0.320
happy	0.027	0.000	0.001	0.607	0.026	0.000	0.338
sad	0.083	0.000	0.086	0.099	0.679	0.004	0.049
happy	0.023	0.000	0.008	0.669	0.068	0.000	0.232
happy	0.014	0.000	0.001	0.638	0.027	0.001	0.319
neutral	0.014	0.000	0.001	0.412	0.020	0.001	0.552
happy	0.007	0.000	0.001	0.845	0.006	0.001	0.140
sad	0.074	0.000	0.131	0.030	0.728	0.004	0.033
happy	0.008	0.000	0.002	0.521	0.041	0.000	0.428
sad	0.132	0.000	0.242	0.103	0.487	0.011	0.025
happy	0.006	0.000	0.001	0.729	0.031	0.000	0.232
sad	0.159	0.000	0.103	0.105	0.597	0.005	0.031
happy	0.008	0.000	0.005	0.684	0.051	0.001	0.251
sad	0.224	0.000	0.142	0.103	0.448	0.031	0.052
happy	0.019	0.000	0.005	0.506	0.117	0.000	0.353
happy	0.013	0.000	0.004	0.711	0.053	0.001	0.219
happy	0.018	0.000	0.007	0.433	0.140	0.001	0.401
sad	0.288	0.000	0.107	0.141	0.393	0.034	0.037
happy	0.003	0.000	0.003	0.664	0.047	0.000	0.283
happy	0.006	0.000	0.003	0.671	0.050	0.001	0.268
neutral	0.011	0.000	0.014	0.245	0.156	0.001	0.574
angry	0.350	0.000	0.099	0.122	0.330	0.061	0.037
neutral	0.012	0.000	0.011	0.416	0.112	0.005	0.444
sad	0.243	0.000	0.164	0.173	0.309	0.066	0.046
sad	0.035	0.000	0.080	0.214	0.407	0.009	0.254
sad	0.180	0.000	0.163	0.202	0.344	0.075	0.036
happy	0.037	0.000	0.062	0.364	0.248	0.024	0.266
happy	0.070	0.000	0.064	0.429	0.223	0.010	0.203
happy	0.021	0.001	0.068	0.612	0.040	0.252	0.005
happy	0.019	0.000	0.081	0.626	0.023	0.240	0.010
happy	0.070	0.001	0.030	0.776	0.026	0.091	0.006
happy	0.024	0.000	0.020	0.852	0.014	0.052	0.038
happy	0.028	0.001	0.005	0.815	0.048	0.003	0.101
neutral	0.125	0.000	0.014	0.247	0.298	0.001	0.315
happy	0.016	0.000	0.007	0.821	0.068	0.003	0.085
happy	0.007	0.000	0.003	0.955	0.018	0.002	0.014
happy	0.005	0.000	0.003	0.937	0.029	0.001	0.024
happy	0.002	0.000	0.001	0.989	0.002	0.001	0.006
happy	0.003	0.000	0.002	0.985	0.002	0.008	0.000
happy	0.010	0.000	0.010	0.945	0.014	0.014	0.007
happy	0.044	0.000	0.008	0.607	0.105	0.005	0.231
happy	0.024	0.000	0.007	0.921	0.016	0.021	0.011
happy	0.008	0.000	0.003	0.974	0.004	0.005	0.007
sad	0.193	0.000	0.071	0.203	0.399	0.024	0.111
happy	0.042	0.000	0.014	0.631	0.010	0.290	0.013
happy	0.028	0.000	0.003	0.691	0.046	0.001	0.229
neutral	0.038	0.000	0.015	0.349	0.153	0.004	0.441
happy	0.029	0.000	0.016	0.612	0.173	0.001	0.169
happy	0.011	0.000	0.007	0.626	0.149	0.001	0.206
happy	0.023	0.000	0.020	0.361	0.288	0.002	0.306
happy	0.012	0.000	0.005	0.824	0.051	0.002	0.106
happy	0.012	0.000	0.008	0.941	0.012	0.015	0.011
happy	0.005	0.000	0.004	0.875	0.039	0.001	0.075
happy	0.007	0.000	0.001	0.918	0.014	0.000	0.059
sad	0.187	0.000	0.157	0.046	0.487	0.014	0.109
happy	0.004	0.000	0.006	0.944	0.012	0.012	0.022
happy	0.004	0.000	0.002	0.911	0.008	0.002	0.072
happy	0.014	0.000	0.011	0.920	0.015	0.034	0.006
happy	0.013	0.000	0.023	0.913	0.017	0.033	0.001
happy	0.018	0.000	0.025	0.798	0.046	0.054	0.060
happy	0.039	0.000	0.007	0.453	0.185	0.008	0.307
happy	0.045	0.000	0.012	0.815	0.058	0.030	0.041
happy	0.003	0.000	0.001	0.978	0.004	0.002	0.012
happy	0.040	0.000	0.027	0.714	0.075	0.052	0.092
happy	0.011	0.000	0.024	0.817	0.066	0.013	0.068
happy	0.012	0.000	0.022	0.810	0.098	0.017	0.042
happy	0.007	0.000	0.005	0.906	0.029	0.020	0.034
happy	0.029	0.000	0.035	0.814	0.087	0.028	0.007
happy	0.003	0.000	0.007	0.948	0.010	0.030	0.001
happy	0.001	0.000	0.000	0.990	0.001	0.005	0.003
happy	0.000	0.000	0.000	0.996	0.000	0.001	0.003
happy	0.000	0.000	0.000	0.997	0.001	0.001	0.001
happy	0.000	0.000	0.000	0.991	0.001	0.001	0.006
happy	0.003	0.000	0.003	0.964	0.009	0.016	0.005
happy	0.029	0.000	0.021	0.722	0.028	0.197	0.003
happy	0.009	0.000	0.011	0.868	0.020	0.089	0.003
happy	0.014	0.000	0.025	0.817	0.084	0.029	0.030
happy	0.013	0.000	0.008	0.783	0.130	0.005	0.062
happy	0.020	0.000	0.012	0.743	0.140	0.008	0.077
happy	0.033	0.000	0.010	0.690	0.134	0.006	0.127
happy	0.014	0.000	0.003	0.825	0.079	0.003	0.076
happy	0.045	0.000	0.007	0.744	0.102	0.003	0.101
happy	0.097	0.000	0.012	0.413	0.256	0.005	0.217
happy	0.044	0.000	0.012	0.700	0.151	0.018	0.075
happy	0.081	0.000	0.020	0.411	0.290	0.004	0.194
happy	0.036	0.000	0.009	0.564	0.134	0.003	0.254
happy	0.078	0.000	0.040	0.383	0.343	0.012	0.143
neutral	0.123	0.001	0.039	0.250	0.264	0.014	0.309
sad	0.093	0.002	0.063	0.255	0.369	0.027	0.191
sad	0.173	0.002	0.058	0.116	0.447	0.014	0.190
sad	0.073	0.000	0.092	0.168	0.409	0.027	0.231
neutral	0.182	0.001	0.031	0.209	0.202	0.025	0.349
neutral	0.059	0.000	0.052	0.271	0.301	0.004	0.313
happy	0.026	0.000	0.012	0.710	0.072	0.003	0.176
happy	0.010	0.000	0.026	0.766	0.062	0.014	0.122
happy	0.068	0.000	0.087	0.478	0.223	0.051	0.094
happy	0.036	0.001	0.055	0.655	0.124	0.047	0.082
happy	0.036	0.002	0.058	0.519	0.198	0.043	0.145
sad	0.079	0.003	0.069	0.278	0.356	0.068	0.147
happy	0.041	0.001	0.094	0.432	0.220	0.122	0.091
happy	0.048	0.000	0.121	0.388	0.296	0.043	0.103
happy	0.016	0.000	0.008	0.650	0.190	0.003	0.133
happy	0.044	0.000	0.037	0.631	0.149	0.031	0.107
happy	0.016	0.000	0.052	0.607	0.199	0.065	0.062
neutral	0.047	0.000	0.017	0.353	0.176	0.004	0.403
happy	0.022	0.000	0.146	0.419	0.113	0.290	0.010
happy	0.007	0.000	0.025	0.816	0.050	0.089	0.013
happy	0.019	0.000	0.014	0.838	0.082	0.034	0.012
happy	0.023	0.000	0.068	0.601	0.219	0.042	0.047
happy	0.012	0.000	0.007	0.866	0.070	0.001	0.045
happy	0.022	0.000	0.011	0.853	0.067	0.006	0.040
happy	0.024	0.000	0.010	0.618	0.205	0.001	0.142
happy	0.025	0.000	0.012	0.708	0.161	0.008	0.086
happy	0.020	0.000	0.010	0.871	0.067	0.004	0.028
happy	0.008	0.000	0.004	0.895	0.041	0.002	0.051
happy	0.001	0.000	0.000	0.992	0.002	0.000	0.005
sad	0.147	0.000	0.093	0.155	0.472	0.027	0.105
happy	0.006	0.000	0.044	0.777	0.141	0.023	0.008
happy	0.015	0.000	0.015	0.660	0.106	0.001	0.203
sad	0.146	0.000	0.085	0.125	0.517	0.035	0.093
happy	0.009	0.000	0.005	0.892	0.055	0.001	0.038
sad	0.177	0.000	0.092	0.179	0.479	0.015	0.058
happy	0.016	0.000	0.009	0.853	0.036	0.006	0.080
happy	0.013	0.000	0.005	0.930	0.015	0.004	0.033
happy	0.012	0.000	0.007	0.908	0.022	0.003	0.048
happy	0.066	0.000	0.046	0.735	0.079	0.066	0.008
happy	0.048	0.000	0.118	0.574	0.163	0.077	0.019
happy	0.029	0.000	0.007	0.673	0.107	0.007	0.176
happy	0.030	0.001	0.006	0.858	0.051	0.004	0.050
sad	0.147	0.000	0.079	0.177	0.459	0.010	0.128
happy	0.044	0.000	0.005	0.512	0.085	0.004	0.350
sad	0.253	0.000	0.087	0.189	0.348	0.006	0.117
happy	0.010	0.000	0.011	0.932	0.021	0.002	0.023
sad	0.294	0.000	0.082	0.095	0.367	0.008	0.154
happy	0.042	0.000	0.015	0.670	0.132	0.007	0.135
happy	0.032	0.000	0.010	0.498	0.077	0.012	0.371
sad	0.166	0.000	0.207	0.155	0.367	0.031	0.075
happy	0.047	0.000	0.003	0.533	0.068	0.001	0.348
happy	0.025	0.000	0.017	0.835	0.046	0.020	0.057
happy	0.010	0.000	0.006	0.939	0.007	0.029	0.009
sad	0.173	0.000	0.055	0.102	0.569	0.016	0.085
happy	0.009	0.000	0.008	0.886	0.014	0.018	0.065
happy	0.010	0.000	0.002	0.952	0.012	0.002	0.022
happy	0.009	0.000	0.010	0.895	0.030	0.030	0.026
happy	0.005	0.000	0.003	0.868	0.028	0.005	0.091
sad	0.187	0.000	0.056	0.230	0.415	0.021	0.091
happy	0.016	0.001	0.025	0.830	0.074	0.029	0.024
happy	0.016	0.000	0.022	0.821	0.020	0.115	0.006
happy	0.024	0.001	0.071	0.611	0.212	0.057	0.024
happy	0.005	0.000	0.002	0.727	0.052	0.001	0.213
happy	0.026	0.000	0.016	0.467	0.212	0.006	0.273
happy	0.008	0.000	0.006	0.709	0.090	0.001	0.186
happy	0.007	0.000	0.012	0.770	0.147	0.003	0.061
happy	0.025	0.000	0.010	0.506	0.209	0.005	0.245
happy	0.008	0.000	0.003	0.639	0.088	0.002	0.261
neutral	0.017	0.000	0.086	0.295	0.230	0.066	0.307
neutral	0.032	0.000	0.015	0.235	0.316	0.009	0.393
happy	0.015	0.000	0.004	0.714	0.138	0.007	0.122
happy	0.078	0.001	0.028	0.445	0.240	0.004	0.204
happy	0.010	0.000	0.031	0.849	0.072	0.033	0.005
happy	0.001	0.000	0.003	0.973	0.008	0.014	0.002
happy	0.009	0.000	0.009	0.840	0.058	0.068	0.016
happy	0.000	0.000	0.000	0.986	0.001	0.001	0.012
happy	0.002	0.000	0.003	0.915	0.016	0.012	0.052
happy	0.007	0.000	0.010	0.878	0.053	0.005	0.046
happy	0.007	0.000	0.002	0.858	0.033	0.001	0.099
happy	0.008	0.000	0.016	0.780	0.134	0.006	0.057
happy	0.008	0.000	0.014	0.914	0.032	0.018	0.014
happy	0.009	0.000	0.013	0.914	0.021	0.033	0.009
happy	0.014	0.000	0.054	0.781	0.048	0.097	0.007
happy	0.006	0.000	0.007	0.922	0.034	0.005	0.027
happy	0.021	0.000	0.003	0.661	0.106	0.002	0.207
happy	0.011	0.000	0.003	0.793	0.048	0.003	0.142
happy	0.027	0.000	0.002	0.738	0.062	0.001	0.169
happy	0.004	0.000	0.000	0.921	0.010	0.000	0.064
happy	0.005	0.000	0.000	0.927	0.008	0.000	0.060
happy	0.003	0.000	0.000	0.917	0.007	0.000	0.072
happy	0.003	0.000	0.000	0.954	0.007	0.000	0.035
happy	0.002	0.000	0.000	0.942	0.006	0.000	0.049
happy	0.004	0.000	0.000	0.898	0.011	0.001	0.086
happy	0.002	0.000	0.000	0.936	0.010	0.000	0.051
happy	0.002	0.000	0.001	0.876	0.018	0.000	0.102
happy	0.007	0.000	0.003	0.666	0.057	0.001	0.267
happy	0.010	0.000	0.005	0.595	0.087	0.001	0.302
happy	0.003	0.000	0.001	0.763	0.024	0.001	0.208
neutral	0.049	0.000	0.005	0.264	0.159	0.006	0.517
happy	0.048	0.000	0.004	0.563	0.127	0.013	0.244
happy	0.006	0.000	0.002	0.734	0.051	0.002	0.205
happy	0.035	0.000	0.003	0.761	0.078	0.002	0.121
sad	0.199	0.000	0.181	0.152	0.387	0.042	0.038
happy	0.082	0.000	0.006	0.389	0.219	0.001	0.303
sad	0.211	0.000	0.174	0.207	0.293	0.040	0.075
happy	0.189	0.000	0.006	0.462	0.118	0.001	0.223
sad	0.125	0.000	0.091	0.065	0.642	0.005	0.072
neutral	0.057	0.000	0.005	0.302	0.207	0.001	0.428
neutral	0.105	0.000	0.003	0.337	0.162	0.001	0.391
happy	0.033	0.000	0.005	0.744	0.054	0.001	0.164
happy	0.026	0.000	0.002	0.765	0.031	0.001	0.176
happy	0.092	0.000	0.005	0.412	0.173	0.001	0.317
happy	0.028	0.000	0.003	0.618	0.095	0.000	0.256
happy	0.019	0.000	0.002	0.705	0.038	0.001	0.235
happy	0.041	0.000	0.007	0.637	0.079	0.001	0.235
happy	0.120	0.000	0.005	0.439	0.171	0.001	0.265
happy	0.013	0.000	0.002	0.675	0.049	0.002	0.258
happy	0.052	0.000	0.003	0.564	0.091	0.001	0.289
happy	0.034	0.000	0.002	0.594	0.051	0.001	0.318
happy	0.057	0.000	0.004	0.606	0.090	0.001	0.243
happy	0.087	0.000	0.004	0.530	0.090	0.000	0.288
happy	0.055	0.000	0.003	0.492	0.078	0.000	0.372
happy	0.052	0.000	0.006	0.552	0.096	0.000	0.293
happy	0.016	0.000	0.004	0.699	0.047	0.001	0.233
happy	0.064	0.000	0.007	0.537	0.090	0.001	0.302
happy	0.066	0.000	0.006	0.614	0.081	0.002	0.230
happy	0.029	0.000	0.004	0.589	0.072	0.002	0.304
happy	0.109	0.000	0.006	0.469	0.151	0.001	0.263
happy	0.042	0.000	0.003	0.558	0.064	0.000	0.331
happy	0.036	0.000	0.005	0.654	0.069	0.001	0.236
happy	0.060	0.000	0.003	0.462	0.057	0.002	0.416
happy	0.024	0.000	0.002	0.551	0.048	0.001	0.374
happy	0.048	0.000	0.003	0.453	0.078	0.001	0.417
happy	0.027	0.000	0.003	0.718	0.053	0.001	0.199
happy	0.036	0.000	0.003	0.563	0.066	0.001	0.331
happy	0.032	0.000	0.004	0.550	0.067	0.000	0.347
neutral	0.072	0.000	0.004	0.385	0.081	0.001	0.458
happy	0.025	0.000	0.002	0.539	0.050	0.001	0.383
neutral	0.031	0.000	0.002	0.386	0.082	0.000	0.499
neutral	0.059	0.000	0.005	0.301	0.141	0.001	0.493
neutral	0.038	0.000	0.005	0.353	0.107	0.001	0.496
neutral	0.035	0.000	0.007	0.286	0.172	0.001	0.500
sad	0.152	0.000	0.139	0.163	0.444	0.008	0.093
neutral	0.029	0.000	0.004	0.217	0.122	0.001	0.628
sad	0.170	0.000	0.076	0.190	0.429	0.007	0.127
neutral	0.033	0.000	0.006	0.270	0.183	0.001	0.507
neutral	0.122	0.000	0.005	0.117	0.162	0.002	0.592
neutral	0.032	0.000	0.006	0.234	0.126	0.002	0.601
neutral	0.030	0.000	0.012	0.233	0.250	0.001	0.474
neutral	0.052	0.000	0.006	0.201	0.186	0.000	0.554
sad	0.171	0.000	0.017	0.067	0.497	0.000	0.247
sad	0.150	0.000	0.013	0.054	0.408	0.001	0.373
sad	0.109	0.000	0.137	0.207	0.454	0.008	0.085
neutral	0.081	0.000	0.013	0.139	0.242	0.001	0.524
neutral	0.132	0.000	0.017	0.059	0.333	0.001	0.458
neutral	0.041	0.000	0.008	0.191	0.167	0.001	0.593
neutral	0.031	0.000	0.009	0.270	0.194	0.001	0.496
sad	0.064	0.000	0.022	0.048	0.600	0.001	0.266
sad	0.072	0.000	0.024	0.092	0.429	0.003	0.380
sad	0.110	0.000	0.166	0.061	0.622	0.007	0.033
sad	0.080	0.000	0.015	0.082	0.428	0.001	0.393
sad	0.097	0.000	0.104	0.084	0.671	0.002	0.041
sad	0.082	0.000	0.008	0.155	0.385	0.001	0.368
sad	0.097	0.000	0.113	0.077	0.666	0.001	0.046
happy	0.077	0.000	0.009	0.368	0.213	0.002	0.331
sad	0.092	0.000	0.135	0.047	0.683	0.006	0.037
sad	0.101	0.001	0.015	0.117	0.472	0.000	0.293
sad	0.103	0.000	0.193	0.070	0.579	0.005	0.050
neutral	0.062	0.000	0.017	0.288	0.267	0.003	0.362
sad	0.085	0.000	0.069	0.055	0.756	0.002	0.033
happy	0.022	0.000	0.003	0.628	0.077	0.001	0.269
sad	0.101	0.000	0.146	0.050	0.666	0.002	0.035
happy	0.027	0.000	0.003	0.604	0.071	0.000	0.294
sad	0.071	0.000	0.154	0.045	0.700	0.005	0.026
happy	0.061	0.000	0.016	0.324	0.308	0.000	0.291
sad	0.089	0.000	0.239	0.051	0.596	0.005	0.021
happy	0.018	0.000	0.008	0.651	0.109	0.001	0.213
sad	0.089	0.000	0.155	0.069	0.664	0.004	0.020
neutral	0.147	0.000	0.006	0.184	0.271	0.004	0.388
happy	0.127	0.000	0.039	0.515	0.133	0.013	0.174
happy	0.095	0.000	0.010	0.429	0.080	0.004	0.383
neutral	0.263	0.000	0.010	0.206	0.171	0.007	0.342
neutral	0.175	0.000	0.012	0.253	0.123	0.006	0.431
neutral	0.152	0.000	0.023	0.290	0.146	0.007	0.382
neutral	0.145	0.000	0.012	0.322	0.120	0.007	0.394
neutral	0.259	0.000	0.010	0.282	0.158	0.006	0.285
neutral	0.114	0.000	0.010	0.240	0.151	0.002	0.483
happy	0.170	0.000	0.011	0.358	0.162	0.009	0.290
happy	0.181	0.000	0.018	0.373	0.060	0.011	0.356
happy	0.040	0.000	0.006	0.686	0.031	0.003	0.235
happy	0.090	0.000	0.007	0.470	0.083	0.003	0.346
happy	0.045	0.000	0.005	0.761	0.038	0.003	0.149
happy	0.101	0.000	0.010	0.587	0.059	0.005	0.238
neutral	0.206	0.000	0.018	0.221	0.169	0.005	0.381
neutral	0.211	0.000	0.013	0.172	0.184	0.014	0.406
neutral	0.099	0.000	0.006	0.348	0.107	0.005	0.436
happy	0.187	0.000	0.069	0.348	0.159	0.020	0.218
happy	0.028	0.000	0.002	0.534	0.071	0.003	0.362
happy	0.022	0.000	0.002	0.692	0.054	0.002	0.227
happy	0.115	0.000	0.181	0.351	0.231	0.025	0.098
neutral	0.108	0.000	0.002	0.294	0.163	0.003	0.429
happy	0.058	0.000	0.003	0.608	0.068	0.003	0.261
happy	0.099	0.000	0.003	0.392	0.171	0.001	0.334
happy	0.139	0.000	0.035	0.405	0.110	0.014	0.297
sad	0.149	0.000	0.246	0.203	0.349	0.012	0.041
sad	0.110	0.000	0.009	0.093	0.461	0.002	0.326
neutral	0.181	0.000	0.004	0.134	0.102	0.002	0.577
sad	0.120	0.000	0.156	0.044	0.642	0.005	0.032
sad	0.083	0.000	0.109	0.107	0.631	0.011	0.059
neutral	0.051	0.000	0.005	0.243	0.060	0.002	0.640
sad	0.093	0.000	0.105	0.072	0.680	0.004	0.045
neutral	0.060	0.000	0.003	0.422	0.050	0.001	0.463
neutral	0.032	0.000	0.002	0.213	0.047	0.000	0.705
happy	0.011	0.000	0.001	0.662	0.041	0.001	0.284
sad	0.109	0.000	0.182	0.181	0.469	0.011	0.047
happy	0.040	0.000	0.008	0.586	0.090	0.001	0.276
sad	0.078	0.000	0.135	0.103	0.623	0.007	0.053
happy	0.011	0.000	0.001	0.869	0.011	0.001	0.107
sad	0.072	0.000	0.105	0.073	0.703	0.003	0.044
happy	0.020	0.000	0.003	0.775	0.030	0.001	0.171
sad	0.068	0.000	0.121	0.116	0.640	0.010	0.045
happy	0.018	0.000	0.001	0.699	0.021	0.001	0.262
neutral	0.044	0.000	0.060	0.234	0.199	0.023	0.440
happy	0.046	0.000	0.001	0.552	0.043	0.000	0.357
happy	0.048	0.000	0.072	0.436	0.129	0.040	0.275
happy	0.022	0.000	0.001	0.490	0.041	0.000	0.446
happy	0.029	0.000	0.003	0.634	0.059	0.001	0.274
happy	0.056	0.000	0.004	0.564	0.045	0.002	0.328
happy	0.080	0.000	0.006	0.447	0.087	0.012	0.368
happy	0.152	0.000	0.011	0.485	0.146	0.007	0.200
happy	0.145	0.000	0.012	0.573	0.100	0.010	0.159
neutral	0.114	0.000	0.012	0.324	0.135	0.008	0.407
happy	0.095	0.000	0.022	0.405	0.101	0.012	0.365
neutral	0.062	0.000	0.021	0.282	0.110	0.006	0.518
neutral	0.075	0.000	0.013	0.213	0.272	0.002	0.425
happy	0.044	0.000	0.013	0.676	0.082	0.001	0.184
happy	0.044	0.000	0.013	0.426	0.187	0.002	0.328
neutral	0.059	0.000	0.026	0.215	0.333	0.002	0.364
happy	0.107	0.000	0.105	0.357	0.204	0.015	0.212
happy	0.012	0.000	0.003	0.710	0.061	0.001	0.213
sad	0.105	0.000	0.216	0.197	0.352	0.033	0.097
neutral	0.072	0.000	0.009	0.400	0.087	0.001	0.431
sad	0.088	0.000	0.280	0.017	0.561	0.013	0.041
happy	0.011	0.000	0.003	0.508	0.077	0.000	0.401
happy	0.028	0.000	0.032	0.357	0.294	0.004	0.286
sad	0.130	0.000	0.285	0.025	0.517	0.012	0.030
sad	0.072	0.000	0.027	0.299	0.344	0.005	0.254
sad	0.090	0.000	0.138	0.071	0.653	0.014	0.034
happy	0.042	0.000	0.021	0.358	0.239	0.004	0.336
neutral	0.050	0.000	0.006	0.343	0.182	0.001	0.418
neutral	0.117	0.000	0.011	0.318	0.168	0.001	0.385
neutral	0.062	0.000	0.005	0.139	0.106	0.001	0.687
neutral	0.065	0.000	0.006	0.195	0.109	0.001	0.624
neutral	0.055	0.000	0.006	0.305	0.107	0.001	0.526
neutral	0.056	0.000	0.006	0.343	0.105	0.003	0.489
sad	0.094	0.000	0.180	0.206	0.451	0.006	0.064
neutral	0.065	0.000	0.010	0.302	0.105	0.002	0.516
neutral	0.159	0.000	0.010	0.302	0.145	0.002	0.381
neutral	0.028	0.000	0.004	0.306	0.110	0.001	0.550
happy	0.005	0.000	0.001	0.534	0.026	0.000	0.433
happy	0.022	0.000	0.002	0.560	0.050	0.000	0.366
happy	0.049	0.000	0.008	0.470	0.096	0.001	0.377
happy	0.041	0.000	0.005	0.528	0.081	0.001	0.344
neutral	0.025	0.000	0.003	0.345	0.048	0.002	0.578
neutral	0.010	0.000	0.005	0.389	0.045	0.003	0.548
happy	0.003	0.000	0.000	0.809	0.005	0.000	0.183
happy	0.009	0.000	0.002	0.659	0.025	0.001	0.305
happy	0.006	0.000	0.001	0.618	0.018	0.001	0.356
happy	0.008	0.000	0.001	0.761	0.013	0.000	0.217
happy	0.025	0.000	0.002	0.598	0.026	0.000	0.349
happy	0.005	0.000	0.000	0.752	0.013	0.000	0.230
happy	0.009	0.000	0.001	0.764	0.019	0.001	0.208
happy	0.005	0.000	0.000	0.895	0.009	0.001	0.090
happy	0.014	0.000	0.000	0.802	0.013	0.000	0.171
happy	0.023	0.000	0.001	0.734	0.040	0.000	0.202
happy	0.008	0.000	0.001	0.901	0.014	0.000	0.075
sad	0.128	0.000	0.281	0.178	0.361	0.011	0.040
happy	0.016	0.000	0.003	0.788	0.038	0.000	0.154
happy	0.018	0.000	0.003	0.795	0.041	0.000	0.143
happy	0.011	0.000	0.002	0.782	0.028	0.000	0.176
happy	0.007	0.000	0.003	0.732	0.043	0.001	0.214
sad	0.090	0.000	0.234	0.176	0.450	0.015	0.036
happy	0.012	0.000	0.003	0.718	0.049	0.001	0.217
happy	0.013	0.000	0.001	0.708	0.034	0.001	0.243
happy	0.011	0.000	0.001	0.715	0.039	0.001	0.233
happy	0.012	0.000	0.001	0.744	0.033	0.000	0.210
happy	0.028	0.000	0.001	0.726	0.029	0.002	0.215
happy	0.021	0.000	0.001	0.709	0.035	0.001	0.234
happy	0.012	0.000	0.001	0.714	0.022	0.000	0.251
happy	0.049	0.000	0.003	0.577	0.054	0.003	0.314
happy	0.019	0.000	0.001	0.500	0.059	0.001	0.419
happy	0.017	0.000	0.001	0.494	0.025	0.000	0.462
happy	0.015	0.000	0.001	0.644	0.029	0.000	0.311
neutral	0.041	0.000	0.001	0.365	0.046	0.000	0.548
neutral	0.026	0.000	0.002	0.315	0.076	0.001	0.581
sad	0.094	0.000	0.277	0.150	0.416	0.016	0.047
happy	0.017	0.000	0.001	0.480	0.051	0.000	0.451
happy	0.007	0.000	0.001	0.602	0.041	0.001	0.348
happy	0.013	0.000	0.001	0.596	0.053	0.001	0.336
neutral	0.017	0.000	0.002	0.349	0.052	0.001	0.578
happy	0.014	0.000	0.001	0.543	0.061	0.000	0.381
neutral	0.033	0.000	0.007	0.242	0.195	0.001	0.523
happy	0.015	0.000	0.002	0.560	0.069	0.001	0.353
happy	0.018	0.000	0.001	0.536	0.043	0.001	0.401
happy	0.014	0.000	0.001	0.503	0.050	0.001	0.431
happy	0.022	0.000	0.004	0.488	0.066	0.001	0.420
neutral	0.020	0.000	0.004	0.347	0.076	0.001	0.552
happy	0.021	0.000	0.003	0.468	0.074	0.001	0.434
happy	0.030	0.000	0.002	0.471	0.046	0.001	0.450
neutral	0.025	0.000	0.003	0.249	0.076	0.001	0.647
neutral	0.017	0.000	0.003	0.412	0.121	0.001	0.446
happy	0.035	0.000	0.001	0.521	0.055	0.001	0.388
neutral	0.025	0.000	0.001	0.374	0.120	0.000	0.480
neutral	0.018	0.000	0.000	0.299	0.087	0.000	0.595
neutral	0.096	0.000	0.003	0.143	0.175	0.001	0.582
neutral	0.028	0.000	0.001	0.269	0.120	0.000	0.581
neutral	0.048	0.000	0.003	0.321	0.107	0.006	0.514
happy	0.013	0.000	0.001	0.478	0.072	0.000	0.436
happy	0.009	0.000	0.004	0.779	0.050	0.002	0.156
happy	0.143	0.000	0.125	0.325	0.314	0.009	0.084
happy	0.008	0.000	0.003	0.807	0.055	0.001	0.126
sad	0.073	0.000	0.258	0.155	0.436	0.014	0.065
happy	0.011	0.000	0.004	0.648	0.098	0.001	0.239
neutral	0.059	0.000	0.014	0.288	0.235	0.001	0.403
neutral	0.137	0.001	0.015	0.199	0.174	0.001	0.472
happy	0.110	0.000	0.012	0.361	0.161	0.001	0.355
happy	0.057	0.000	0.008	0.542	0.080	0.001	0.313
happy	0.187	0.000	0.009	0.379	0.162	0.001	0.260
happy	0.069	0.000	0.005	0.631	0.071	0.002	0.222
happy	0.052	0.000	0.003	0.495	0.063	0.001	0.387
happy	0.014	0.000	0.001	0.481	0.042	0.000	0.461
happy	0.019	0.000	0.001	0.722	0.027	0.001	0.230
happy	0.018	0.000	0.001	0.599	0.029	0.000	0.353
happy	0.022	0.000	0.002	0.491	0.061	0.000	0.424
happy	0.028	0.000	0.003	0.462	0.052	0.000	0.455
happy	0.039	0.000	0.002	0.622	0.051	0.001	0.285
happy	0.032	0.000	0.002	0.451	0.066	0.000	0.448
happy	0.024	0.000	0.002	0.733	0.037	0.000	0.204
happy	0.003	0.000	0.000	0.916	0.006	0.000	0.075
happy	0.001	0.000	0.000	0.973	0.001	0.000	0.024
happy	0.001	0.000	0.000	0.965	0.001	0.000	0.032
happy	0.004	0.000	0.000	0.977	0.002	0.000	0.016
happy	0.003	0.000	0.000	0.958	0.005	0.000	0.035
happy	0.009	0.000	0.000	0.940	0.008	0.000	0.043
happy	0.004	0.000	0.000	0.974	0.005	0.000	0.017
happy	0.003	0.000	0.000	0.965	0.005	0.000	0.027
happy	0.003	0.000	0.000	0.969	0.004	0.000	0.024
happy	0.004	0.000	0.000	0.977	0.004	0.000	0.015
happy	0.014	0.000	0.001	0.926	0.013	0.001	0.045
happy	0.005	0.000	0.000	0.940	0.007	0.000	0.048
happy	0.004	0.000	0.000	0.973	0.004	0.000	0.019
happy	0.004	0.000	0.000	0.943	0.004	0.000	0.049
happy	0.008	0.000	0.001	0.909	0.007	0.001	0.074
happy	0.011	0.000	0.001	0.885	0.012	0.001	0.091
happy	0.030	0.000	0.002	0.852	0.024	0.001	0.091
happy	0.011	0.000	0.001	0.890	0.020	0.000	0.078
happy	0.014	0.000	0.001	0.887	0.021	0.001	0.075
happy	0.022	0.000	0.003	0.799	0.025	0.001	0.150
