prediction	angry	disgust	fear	happy	sad	surprise	neutral
neutral	0.056	0.000	0.040	0.060	0.178	0.015	0.651
neutral	0.085	0.000	0.011	0.053	0.095	0.007	0.750
neutral	0.146	0.000	0.016	0.031	0.129	0.013	0.666
neutral	0.126	0.000	0.017	0.034	0.114	0.010	0.700
neutral	0.094	0.000	0.022	0.049	0.108	0.012	0.715
neutral	0.060	0.000	0.013	0.052	0.106	0.006	0.763
neutral	0.072	0.000	0.014	0.068	0.094	0.009	0.743
neutral	0.067	0.000	0.018	0.094	0.070	0.011	0.740
neutral	0.076	0.000	0.016	0.103	0.071	0.016	0.718
neutral	0.072	0.000	0.014	0.154	0.070	0.012	0.677
neutral	0.106	0.000	0.011	0.166	0.081	0.008	0.628
neutral	0.056	0.000	0.011	0.071	0.064	0.006	0.792
neutral	0.115	0.000	0.011	0.133	0.059	0.008	0.674
neutral	0.122	0.000	0.019	0.214	0.063	0.023	0.559
neutral	0.125	0.000	0.011	0.136	0.071	0.008	0.650
neutral	0.076	0.000	0.014	0.144	0.075	0.015	0.677
neutral	0.103	0.000	0.016	0.072	0.096	0.008	0.705
neutral	0.125	0.000	0.023	0.100	0.077	0.029	0.647
neutral	0.139	0.000	0.017	0.057	0.133	0.012	0.643
neutral	0.041	0.000	0.012	0.114	0.062	0.009	0.761
neutral	0.090	0.000	0.015	0.164	0.070	0.012	0.650
neutral	0.051	0.000	0.010	0.157	0.055	0.009	0.717
neutral	0.053	0.000	0.009	0.132	0.049	0.008	0.748
neutral	0.144	0.000	0.011	0.119	0.088	0.014	0.623
neutral	0.093	0.000	0.008	0.230	0.048	0.012	0.610
neutral	0.127	0.000	0.019	0.200	0.081	0.017	0.557
neutral	0.044	0.000	0.013	0.245	0.061	0.013	0.622
neutral	0.145	0.000	0.011	0.172	0.061	0.013	0.598
neutral	0.047	0.000	0.009	0.135	0.079	0.007	0.723
neutral	0.036	0.000	0.010	0.089	0.087	0.008	0.771
neutral	0.116	0.000	0.017	0.055	0.111	0.010	0.691
neutral	0.156	0.000	0.012	0.015	0.115	0.009	0.692
neutral	0.118	0.000	0.022	0.018	0.191	0.019	0.632
neutral	0.175	0.000	0.015	0.011	0.251	0.007	0.540
neutral	0.188	0.000	0.011	0.012	0.244	0.008	0.536
neutral	0.137	0.000	0.011	0.006	0.140	0.009	0.697
neutral	0.114	0.000	0.014	0.009	0.136	0.009	0.718
neutral	0.113	0.000	0.014	0.013	0.229	0.010	0.621
neutral	0.086	0.000	0.013	0.017	0.201	0.009	0.675
neutral	0.108	0.000	0.015	0.012	0.219	0.008	0.638
neutral	0.118	0.000	0.013	0.012	0.175	0.007	0.675
neutral	0.119	0.000	0.020	0.017	0.199	0.006	0.638
neutral	0.088	0.000	0.018	0.013	0.249	0.014	0.618
neutral	0.089	0.000	0.010	0.016	0.165	0.006	0.714
neutral	0.105	0.000	0.016	0.011	0.231	0.009	0.627
neutral	0.071	0.000	0.016	0.012	0.219	0.005	0.676
neutral	0.084	0.000	0.017	0.012	0.241	0.007	0.638
neutral	0.094	0.000	0.017	0.017	0.231	0.007	0.634
neutral	0.155	0.000	0.015	0.013	0.190	0.006	0.622
neutral	0.099	0.000	0.011	0.017	0.108	0.006	0.759
neutral	0.076	0.000	0.013	0.015	0.133	0.007	0.757
neutral	0.080	0.000	0.012	0.011	0.135	0.006	0.757
neutral	0.072	0.000	0.015	0.010	0.138	0.009	0.757
neutral	0.093	0.000	0.011	0.013	0.231	0.006	0.646
neutral	0.133	0.000	0.013	0.013	0.152	0.009	0.680
neutral	0.105	0.000	0.013	0.011	0.272	0.007	0.592
neutral	0.138	0.000	0.019	0.013	0.197	0.007	0.626
neutral	0.137	0.000	0.017	0.014	0.182	0.005	0.645
neutral	0.127	0.000	0.010	0.005	0.334	0.006	0.518
neutral	0.131	0.000	0.019	0.016	0.193	0.009	0.632
neutral	0.140	0.000	0.013	0.010	0.194	0.007	0.636
neutral	0.119	0.000	0.014	0.013	0.177	0.007	0.669
neutral	0.142	0.000	0.011	0.007	0.167	0.006	0.667
neutral	0.132	0.000	0.012	0.011	0.170	0.010	0.665
neutral	0.148	0.000	0.015	0.011	0.291	0.010	0.526
neutral	0.192	0.000	0.021	0.009	0.181	0.011	0.586
neutral	0.113	0.000	0.022	0.016	0.250	0.013	0.587
neutral	0.102	0.000	0.020	0.009	0.223	0.011	0.634
neutral	0.164	0.000	0.023	0.013	0.188	0.011	0.602
neutral	0.194	0.000	0.029	0.027	0.180	0.012	0.559
neutral	0.144	0.000	0.006	0.021	0.108	0.003	0.718
neutral	0.129	0.000	0.017	0.022	0.134	0.008	0.690
neutral	0.072	0.000	0.013	0.014	0.135	0.005	0.760
neutral	0.055	0.000	0.008	0.013	0.095	0.003	0.827
neutral	0.134	0.000	0.022	0.021	0.119	0.009	0.695
neutral	0.060	0.000	0.009	0.012	0.104	0.003	0.812
neutral	0.112	0.000	0.023	0.021	0.157	0.008	0.679
neutral	0.135	0.000	0.015	0.024	0.128	0.009	0.690
neutral	0.127	0.000	0.028	0.024	0.140	0.016	0.665
neutral	0.156	0.000	0.024	0.012	0.191	0.010	0.607
neutral	0.151	0.000	0.031	0.026	0.175	0.009	0.608
neutral	0.114	0.000	0.022	0.020	0.149	0.011	0.683
neutral	0.139	0.000	0.040	0.025	0.186	0.018	0.592
neutral	0.119	0.000	0.019	0.021	0.169	0.009	0.663
neutral	0.137	0.000	0.042	0.027	0.187	0.020	0.587
neutral	0.186	0.000	0.035	0.040	0.168	0.018	0.552
neutral	0.178	0.000	0.035	0.035	0.156	0.015	0.581
neutral	0.112	0.000	0.018	0.014	0.132	0.013	0.711
neutral	0.090	0.000	0.023	0.019	0.149	0.015	0.705
neutral	0.105	0.000	0.035	0.024	0.183	0.019	0.633
neutral	0.169	0.000	0.033	0.027	0.155	0.013	0.603
neutral	0.060	0.000	0.028	0.011	0.177	0.011	0.713
neutral	0.084	0.000	0.013	0.010	0.110	0.013	0.769
neutral	0.060	0.000	0.017	0.013	0.155	0.007	0.748
neutral	0.058	0.000	0.023	0.014	0.193	0.010	0.701
neutral	0.098	0.000	0.017	0.010	0.148	0.006	0.721
neutral	0.107	0.000	0.039	0.016	0.172	0.020	0.647
neutral	0.106	0.000	0.013	0.015	0.141	0.007	0.718
neutral	0.172	0.000	0.050	0.015	0.209	0.016	0.538
neutral	0.128	0.001	0.091	0.017	0.184	0.050	0.530
neutral	0.194	0.000	0.054	0.014	0.171	0.032	0.535
neutral	0.169	0.000	0.038	0.022	0.172	0.023	0.575
neutral	0.157	0.000	0.056	0.014	0.146	0.058	0.569
neutral	0.120	0.000	0.041	0.015	0.166	0.028	0.629
neutral	0.121	0.000	0.036	0.013	0.120	0.024	0.685
neutral	0.164	0.000	0.036	0.017	0.155	0.016	0.612
neutral	0.149	0.000	0.056	0.028	0.209	0.023	0.535
neutral	0.149	0.000	0.040	0.023	0.175	0.014	0.600
neutral	0.068	0.000	0.008	0.018	0.109	0.003	0.794
neutral	0.090	0.000	0.011	0.019	0.145	0.004	0.732
neutral	0.064	0.000	0.012	0.015	0.116	0.006	0.787
neutral	0.123	0.000	0.016	0.021	0.141	0.006	0.693
neutral	0.103	0.000	0.008	0.022	0.119	0.004	0.743
neutral	0.151	0.000	0.046	0.022	0.191	0.025	0.564
neutral	0.073	0.000	0.035	0.017	0.210	0.028	0.637
neutral	0.102	0.000	0.017	0.020	0.146	0.007	0.707
neutral	0.168	0.000	0.021	0.017	0.165	0.011	0.619
neutral	0.080	0.000	0.024	0.029	0.186	0.011	0.669
neutral	0.136	0.000	0.030	0.029	0.186	0.009	0.610
neutral	0.108	0.000	0.029	0.014	0.158	0.013	0.678
neutral	0.146	0.000	0.043	0.010	0.220	0.019	0.561
neutral	0.143	0.000	0.042	0.012	0.199	0.017	0.587
neutral	0.145	0.000	0.043	0.019	0.150	0.016	0.626
neutral	0.176	0.000	0.082	0.028	0.185	0.030	0.499
neutral	0.086	0.000	0.013	0.019	0.145	0.004	0.733
neutral	0.150	0.000	0.060	0.024	0.148	0.022	0.597
neutral	0.092	0.000	0.062	0.014	0.200	0.027	0.605
neutral	0.100	0.000	0.107	0.027	0.165	0.058	0.542
neutral	0.101	0.000	0.025	0.019	0.127	0.014	0.714
neutral	0.144	0.000	0.023	0.021	0.148	0.011	0.652
neutral	0.154	0.000	0.068	0.025	0.159	0.031	0.563
neutral	0.089	0.000	0.016	0.024	0.110	0.007	0.753
neutral	0.087	0.001	0.067	0.022	0.204	0.042	0.577
neutral	0.093	0.000	0.029	0.017	0.198	0.008	0.655
neutral	0.104	0.000	0.026	0.018	0.183	0.008	0.661
neutral	0.076	0.000	0.029	0.013	0.258	0.010	0.614
neutral	0.080	0.000	0.018	0.015	0.192	0.004	0.691
neutral	0.073	0.000	0.008	0.013	0.137	0.002	0.767
neutral	0.097	0.000	0.025	0.018	0.172	0.006	0.681
neutral	0.086	0.000	0.009	0.005	0.144	0.003	0.753
neutral	0.060	0.000	0.007	0.010	0.119	0.002	0.801
neutral	0.106	0.000	0.024	0.012	0.174	0.006	0.677
neutral	0.161	0.000	0.036	0.014	0.230	0.009	0.549
neutral	0.147	0.000	0.114	0.013	0.225	0.070	0.430
neutral	0.094	0.000	0.036	0.010	0.263	0.033	0.564
neutral	0.152	0.000	0.019	0.009	0.259	0.007	0.555
neutral	0.115	0.000	0.024	0.014	0.198	0.014	0.635
neutral	0.100	0.000	0.023	0.021	0.172	0.013	0.671
neutral	0.184	0.000	0.016	0.006	0.225	0.008	0.560
neutral	0.149	0.000	0.023	0.010	0.190	0.013	0.616
neutral	0.202	0.000	0.020	0.010	0.179	0.006	0.583
neutral	0.197	0.000	0.025	0.012	0.180	0.010	0.576
neutral	0.146	0.000	0.019	0.009	0.162	0.010	0.653
neutral	0.188	0.000	0.023	0.013	0.211	0.015	0.550
neutral	0.182	0.000	0.025	0.018	0.180	0.011	0.585
neutral	0.172	0.000	0.017	0.013	0.166	0.007	0.626
neutral	0.077	0.000	0.064	0.013	0.216	0.038	0.592
neutral	0.098	0.000	0.017	0.015	0.174	0.010	0.686
neutral	0.091	0.000	0.029	0.008	0.128	0.011	0.732
neutral	0.118	0.000	0.045	0.022	0.138	0.021	0.657
neutral	0.150	0.000	0.062	0.009	0.201	0.027	0.550
neutral	0.169	0.000	0.064	0.012	0.179	0.025	0.550
neutral	0.089	0.000	0.041	0.014	0.215	0.015	0.625
neutral	0.094	0.000	0.015	0.010	0.182	0.004	0.695
neutral	0.056	0.000	0.012	0.011	0.160	0.004	0.757
neutral	0.074	0.000	0.009	0.011	0.150	0.005	0.750
neutral	0.114	0.000	0.058	0.012	0.300	0.022	0.494
neutral	0.098	0.000	0.052	0.016	0.244	0.017	0.572
neutral	0.093	0.000	0.014	0.009	0.292	0.008	0.584
neutral	0.110	0.000	0.040	0.014	0.177	0.011	0.648
neutral	0.090	0.000	0.025	0.015	0.113	0.019	0.737
neutral	0.126	0.000	0.050	0.016	0.162	0.024	0.621
neutral	0.090	0.000	0.037	0.005	0.345	0.018	0.505
neutral	0.121	0.000	0.042	0.018	0.245	0.035	0.539
neutral	0.073	0.000	0.026	0.006	0.221	0.021	0.653
neutral	0.109	0.000	0.022	0.014	0.257	0.015	0.583
neutral	0.101	0.000	0.028	0.014	0.299	0.019	0.539
neutral	0.146	0.000	0.033	0.016	0.217	0.015	0.574
neutral	0.100	0.000	0.021	0.010	0.164	0.009	0.696
neutral	0.097	0.000	0.045	0.013	0.213	0.016	0.615
neutral	0.110	0.000	0.021	0.010	0.220	0.007	0.632
neutral	0.107	0.000	0.042	0.011	0.278	0.026	0.537
neutral	0.104	0.000	0.035	0.013	0.253	0.024	0.570
neutral	0.110	0.000	0.047	0.007	0.223	0.013	0.600
neutral	0.098	0.000	0.017	0.012	0.216	0.006	0.652
neutral	0.120	0.000	0.028	0.010	0.256	0.013	0.572
neutral	0.084	0.000	0.011	0.010	0.184	0.006	0.706
neutral	0.084	0.000	0.024	0.011	0.272	0.010	0.599
neutral	0.087	0.000	0.020	0.009	0.192	0.009	0.682
neutral	0.075	0.000	0.021	0.009	0.216	0.009	0.670
neutral	0.147	0.001	0.035	0.007	0.193	0.028	0.588
neutral	0.095	0.000	0.043	0.013	0.215	0.015	0.619
neutral	0.072	0.000	0.013	0.010	0.153	0.012	0.739
neutral	0.115	0.000	0.030	0.007	0.287	0.015	0.547
neutral	0.101	0.000	0.021	0.008	0.192	0.008	0.670
neutral	0.086	0.000	0.022	0.007	0.184	0.009	0.691
neutral	0.065	0.000	0.011	0.010	0.194	0.005	0.715
neutral	0.095	0.000	0.021	0.006	0.133	0.012	0.733
neutral	0.080	0.000	0.009	0.010	0.188	0.004	0.709
neutral	0.100	0.000	0.034	0.013	0.226	0.015	0.612
neutral	0.092	0.000	0.031	0.008	0.169	0.012	0.687
neutral	0.083	0.000	0.026	0.006	0.162	0.008	0.715
neutral	0.080	0.000	0.023	0.007	0.170	0.009	0.711
neutral	0.056	0.000	0.014	0.006	0.140	0.008	0.776
neutral	0.072	0.000	0.012	0.009	0.171	0.005	0.731
neutral	0.069	0.000	0.035	0.006	0.206	0.015	0.668
neutral	0.063	0.000	0.014	0.008	0.156	0.005	0.754
neutral	0.110	0.000	0.023	0.008	0.209	0.014	0.636
neutral	0.114	0.000	0.052	0.010	0.230	0.024	0.570
neutral	0.104	0.000	0.032	0.006	0.241	0.013	0.603
neutral	0.058	0.000	0.023	0.007	0.234	0.014	0.663
neutral	0.103	0.000	0.030	0.005	0.268	0.007	0.586
neutral	0.129	0.000	0.032	0.005	0.209	0.008	0.616
neutral	0.136	0.000	0.035	0.009	0.198	0.013	0.609
neutral	0.110	0.000	0.027	0.008	0.239	0.006	0.610
neutral	0.083	0.000	0.061	0.009	0.218	0.029	0.601
neutral	0.152	0.000	0.036	0.008	0.207	0.012	0.585
neutral	0.134	0.000	0.036	0.008	0.215	0.011	0.596
neutral	0.134	0.000	0.046	0.009	0.267	0.017	0.528
neutral	0.196	0.000	0.059	0.009	0.207	0.030	0.499
neutral	0.133	0.000	0.069	0.006	0.173	0.040	0.578
neutral	0.134	0.000	0.064	0.011	0.212	0.026	0.554
neutral	0.066	0.000	0.084	0.011	0.218	0.035	0.587
neutral	0.116	0.000	0.036	0.009	0.239	0.014	0.586
neutral	0.078	0.000	0.070	0.005	0.224	0.033	0.589
neutral	0.078	0.000	0.019	0.015	0.180	0.010	0.699
neutral	0.170	0.000	0.031	0.017	0.199	0.027	0.556
neutral	0.171	0.000	0.038	0.024	0.241	0.025	0.500
neutral	0.135	0.000	0.042	0.014	0.219	0.023	0.567
neutral	0.115	0.000	0.016	0.028	0.163	0.012	0.666
neutral	0.130	0.000	0.016	0.007	0.139	0.012	0.696
neutral	0.155	0.000	0.011	0.006	0.158	0.005	0.665
neutral	0.099	0.000	0.059	0.013	0.216	0.035	0.579
neutral	0.185	0.000	0.038	0.055	0.144	0.032	0.546
neutral	0.095	0.000	0.034	0.029	0.159	0.010	0.673
neutral	0.201	0.000	0.071	0.026	0.142	0.053	0.506
neutral	0.210	0.000	0.033	0.022	0.153	0.024	0.557
neutral	0.103	0.000	0.013	0.014	0.165	0.004	0.701
neutral	0.170	0.000	0.013	0.037	0.167	0.006	0.607
neutral	0.227	0.000	0.059	0.011	0.171	0.032	0.499
neutral	0.401	0.000	0.010	0.007	0.149	0.007	0.425
neutral	0.092	0.000	0.024	0.017	0.176	0.013	0.678
neutral	0.068	0.000	0.009	0.010	0.150	0.004	0.759
neutral	0.116	0.000	0.016	0.010	0.220	0.006	0.632
neutral	0.216	0.000	0.018	0.007	0.178	0.010	0.571
neutral	0.147	0.000	0.007	0.011	0.300	0.005	0.531
neutral	0.121	0.000	0.031	0.019	0.111	0.026	0.692
neutral	0.298	0.001	0.078	0.008	0.134	0.070	0.410
neutral	0.174	0.000	0.071	0.009	0.202	0.036	0.508
neutral	0.284	0.000	0.019	0.010	0.176	0.012	0.497
neutral	0.171	0.000	0.019	0.012	0.188	0.012	0.597
neutral	0.093	0.000	0.022	0.015	0.226	0.010	0.633
neutral	0.082	0.000	0.024	0.023	0.279	0.017	0.575
neutral	0.091	0.000	0.027	0.025	0.277	0.017	0.562
neutral	0.090	0.000	0.032	0.024	0.323	0.023	0.507
neutral	0.066	0.000	0.029	0.011	0.251	0.013	0.630
neutral	0.093	0.000	0.056	0.012	0.205	0.032	0.603
neutral	0.092	0.000	0.027	0.019	0.217	0.010	0.635
angry	0.346	0.000	0.095	0.011	0.183	0.049	0.315
neutral	0.115	0.000	0.017	0.017	0.243	0.006	0.602
neutral	0.180	0.000	0.030	0.021	0.136	0.024	0.609
neutral	0.356	0.000	0.009	0.009	0.186	0.008	0.431
neutral	0.208	0.000	0.034	0.023	0.181	0.034	0.519
neutral	0.130	0.000	0.031	0.020	0.157	0.027	0.634
neutral	0.159	0.000	0.049	0.017	0.164	0.036	0.574
neutral	0.144	0.000	0.030	0.016	0.176	0.022	0.612
neutral	0.075	0.000	0.009	0.015	0.182	0.003	0.716
neutral	0.300	0.001	0.019	0.012	0.190	0.009	0.469
neutral	0.069	0.000	0.007	0.009	0.200	0.003	0.712
neutral	0.094	0.000	0.007	0.013	0.170	0.002	0.713
neutral	0.091	0.000	0.009	0.013	0.156	0.002	0.730
neutral	0.110	0.000	0.005	0.010	0.110	0.003	0.762
neutral	0.113	0.000	0.026	0.023	0.148	0.018	0.671
neutral	0.108	0.000	0.028	0.037	0.138	0.026	0.664
neutral	0.131	0.000	0.024	0.044	0.146	0.023	0.631
neutral	0.084	0.000	0.011	0.031	0.184	0.004	0.686
neutral	0.099	0.000	0.006	0.016	0.185	0.003	0.691
neutral	0.141	0.000	0.020	0.020	0.235	0.008	0.576
neutral	0.199	0.000	0.038	0.024	0.160	0.013	0.566
neutral	0.095	0.000	0.028	0.084	0.126	0.013	0.654
neutral	0.222	0.000	0.065	0.022	0.167	0.010	0.515
neutral	0.214	0.000	0.038	0.027	0.231	0.005	0.485
neutral	0.168	0.000	0.046	0.021	0.277	0.009	0.479
neutral	0.110	0.000	0.097	0.027	0.250	0.024	0.490
neutral	0.246	0.000	0.134	0.019	0.173	0.099	0.328
neutral	0.296	0.000	0.013	0.012	0.157	0.015	0.508
neutral	0.134	0.000	0.028	0.013	0.298	0.013	0.514
neutral	0.208	0.000	0.055	0.020	0.248	0.032	0.436
neutral	0.127	0.000	0.058	0.016	0.259	0.020	0.519
neutral	0.141	0.000	0.034	0.021	0.190	0.015	0.599
neutral	0.252	0.000	0.019	0.025	0.182	0.010	0.511
neutral	0.106	0.000	0.018	0.013	0.242	0.003	0.617
neutral	0.134	0.000	0.052	0.022	0.288	0.025	0.480
neutral	0.095	0.000	0.065	0.017	0.274	0.039	0.510
neutral	0.154	0.000	0.064	0.020	0.264	0.038	0.459
neutral	0.253	0.000	0.026	0.016	0.237	0.012	0.456
neutral	0.173	0.000	0.012	0.010	0.250	0.006	0.549
neutral	0.067	0.000	0.009	0.010	0.293	0.003	0.617
neutral	0.185	0.000	0.017	0.014	0.228	0.004	0.552
neutral	0.067	0.000	0.019	0.011	0.215	0.003	0.685
neutral	0.101	0.000	0.026	0.022	0.180	0.004	0.667
neutral	0.115	0.000	0.007	0.012	0.250	0.002	0.615
neutral	0.078	0.000	0.026	0.008	0.336	0.003	0.549
neutral	0.122	0.000	0.021	0.013	0.220	0.006	0.617
neutral	0.090	0.000	0.112	0.017	0.214	0.064	0.503
neutral	0.150	0.001	0.074	0.008	0.325	0.026	0.415
neutral	0.143	0.000	0.079	0.011	0.202	0.042	0.523
neutral	0.112	0.000	0.024	0.013	0.197	0.007	0.647
neutral	0.095	0.000	0.034	0.007	0.327	0.010	0.528
neutral	0.076	0.000	0.015	0.009	0.297	0.004	0.600
neutral	0.165	0.001	0.080	0.020	0.217	0.022	0.495
neutral	0.183	0.000	0.074	0.015	0.284	0.018	0.425
neutral	0.177	0.000	0.066	0.016	0.263	0.014	0.464
neutral	0.132	0.000	0.060	0.014	0.293	0.026	0.474
neutral	0.079	0.000	0.069	0.028	0.324	0.017	0.483
neutral	0.111	0.000	0.047	0.022	0.261	0.012	0.548
neutral	0.143	0.000	0.042	0.024	0.276	0.007	0.507
neutral	0.179	0.000	0.043	0.027	0.255	0.011	0.485
neutral	0.203	0.000	0.016	0.027	0.248	0.005	0.501
neutral	0.141	0.001	0.051	0.023	0.273	0.014	0.498
neutral	0.154	0.001	0.079	0.024	0.227	0.017	0.498
neutral	0.102	0.001	0.102	0.023	0.260	0.022	0.490
neutral	0.072	0.000	0.023	0.020	0.245	0.005	0.635
neutral	0.103	0.000	0.023	0.019	0.241	0.006	0.607
neutral	0.083	0.000	0.024	0.020	0.254	0.008	0.611
neutral	0.090	0.000	0.038	0.014	0.298	0.010	0.551
neutral	0.079	0.000	0.023	0.010	0.210	0.009	0.668
neutral	0.083	0.000	0.025	0.020	0.219	0.009	0.645
neutral	0.102	0.000	0.027	0.016	0.189	0.009	0.657
neutral	0.143	0.001	0.097	0.020	0.212	0.043	0.484
sad	0.195	0.000	0.076	0.007	0.391	0.014	0.317
neutral	0.226	0.001	0.133	0.014	0.273	0.046	0.308
neutral	0.248	0.000	0.075	0.013	0.194	0.074	0.396
neutral	0.269	0.000	0.106	0.011	0.245	0.026	0.342
neutral	0.155	0.000	0.030	0.025	0.204	0.018	0.568
neutral	0.209	0.000	0.015	0.021	0.219	0.005	0.531
neutral	0.176	0.000	0.011	0.008	0.209	0.008	0.588
neutral	0.148	0.000	0.073	0.015	0.235	0.036	0.493
neutral	0.155	0.000	0.059	0.006	0.292	0.021	0.466
neutral	0.108	0.000	0.041	0.007	0.279	0.015	0.550
neutral	0.180	0.000	0.043	0.009	0.295	0.017	0.455
neutral	0.229	0.000	0.039	0.007	0.277	0.015	0.433
neutral	0.171	0.000	0.023	0.007	0.243	0.007	0.549
neutral	0.190	0.000	0.011	0.009	0.205	0.008	0.577
neutral	0.196	0.000	0.016	0.005	0.205	0.008	0.570
neutral	0.186	0.000	0.016	0.014	0.255	0.005	0.524
neutral	0.285	0.000	0.028	0.010	0.264	0.011	0.402
neutral	0.309	0.000	0.035	0.010	0.240	0.022	0.384
neutral	0.183	0.000	0.014	0.006	0.270	0.006	0.521
neutral	0.297	0.000	0.036	0.011	0.254	0.014	0.389
neutral	0.151	0.000	0.037	0.011	0.280	0.015	0.506
neutral	0.208	0.000	0.014	0.017	0.219	0.005	0.536
neutral	0.228	0.000	0.015	0.010	0.243	0.006	0.498
neutral	0.240	0.000	0.012	0.020	0.183	0.004	0.541
neutral	0.211	0.000	0.008	0.007	0.208	0.003	0.563
neutral	0.230	0.000	0.004	0.010	0.123	0.002	0.632
neutral	0.180	0.000	0.015	0.011	0.255	0.005	0.535
neutral	0.167	0.000	0.003	0.010	0.075	0.003	0.741
neutral	0.231	0.000	0.004	0.007	0.125	0.002	0.631
neutral	0.084	0.000	0.008	0.034	0.206	0.003	0.666
neutral	0.177	0.000	0.003	0.009	0.099	0.002	0.710
neutral	0.217	0.000	0.002	0.010	0.099	0.002	0.669
neutral	0.172	0.000	0.005	0.006	0.149	0.002	0.667
neutral	0.157	0.000	0.005	0.006	0.150	0.002	0.681
neutral	0.213	0.000	0.004	0.007	0.123	0.001	0.653
neutral	0.154	0.000	0.004	0.012	0.099	0.002	0.729
neutral	0.234	0.000	0.002	0.011	0.095	0.002	0.656
neutral	0.257	0.000	0.004	0.014	0.129	0.003	0.593
neutral	0.210	0.000	0.004	0.011	0.124	0.001	0.650
neutral	0.217	0.000	0.014	0.010	0.201	0.006	0.553
neutral	0.167	0.000	0.020	0.009	0.268	0.005	0.532
neutral	0.176	0.000	0.009	0.007	0.194	0.002	0.612
neutral	0.187	0.000	0.006	0.007	0.149	0.002	0.649
neutral	0.190	0.000	0.010	0.017	0.223	0.006	0.554
neutral	0.214	0.000	0.004	0.009	0.118	0.002	0.653
neutral	0.234	0.000	0.023	0.011	0.256	0.007	0.470
neutral	0.175	0.000	0.011	0.005	0.237	0.004	0.567
neutral	0.249	0.000	0.018	0.008	0.173	0.006	0.545
neutral	0.215	0.000	0.018	0.007	0.216	0.008	0.536
neutral	0.239	0.000	0.025	0.007	0.220	0.010	0.498
neutral	0.230	0.000	0.014	0.006	0.222	0.007	0.521
neutral	0.194	0.000	0.023	0.007	0.237	0.009	0.530
neutral	0.257	0.000	0.020	0.007	0.225	0.011	0.480
neutral	0.241	0.000	0.012	0.003	0.200	0.004	0.540
neutral	0.120	0.000	0.008	0.002	0.273	0.004	0.593
neutral	0.130	0.000	0.008	0.002	0.279	0.004	0.577
neutral	0.121	0.000	0.008	0.002	0.292	0.004	0.573
neutral	0.210	0.000	0.011	0.003	0.201	0.005	0.569
neutral	0.253	0.000	0.014	0.004	0.234	0.004	0.489
neutral	0.156	0.000	0.006	0.003	0.275	0.002	0.559
neutral	0.192	0.000	0.009	0.004	0.224	0.002	0.569
neutral	0.237	0.000	0.010	0.004	0.193	0.007	0.548
neutral	0.173	0.000	0.007	0.003	0.260	0.002	0.555
neutral	0.266	0.000	0.006	0.009	0.161	0.003	0.555
neutral	0.235	0.000	0.025	0.008	0.231	0.010	0.490
neutral	0.276	0.000	0.008	0.007	0.175	0.003	0.531
neutral	0.220	0.000	0.011	0.004	0.208	0.004	0.553
neutral	0.175	0.000	0.012	0.005	0.266	0.004	0.539
neutral	0.130	0.000	0.010	0.003	0.302	0.003	0.552
neutral	0.182	0.000	0.015	0.004	0.267	0.004	0.527
neutral	0.175	0.000	0.008	0.002	0.295	0.004	0.516
neutral	0.155	0.000	0.006	0.002	0.262	0.003	0.572
neutral	0.126	0.000	0.009	0.003	0.279	0.002	0.581
neutral	0.239	0.000	0.012	0.005	0.212	0.004	0.527
neutral	0.148	0.000	0.005	0.002	0.272	0.002	0.570
neutral	0.184	0.000	0.007	0.003	0.219	0.002	0.585
neutral	0.137	0.000	0.008	0.002	0.323	0.004	0.525
neutral	0.091	0.000	0.005	0.002	0.310	0.001	0.591
neutral	0.218	0.000	0.008	0.002	0.248	0.004	0.520
neutral	0.194	0.000	0.009	0.002	0.242	0.003	0.550
neutral	0.193	0.000	0.009	0.004	0.215	0.005	0.574
neutral	0.186	0.000	0.009	0.005	0.199	0.005	0.597
neutral	0.096	0.000	0.006	0.002	0.267	0.003	0.626
neutral	0.156	0.000	0.006	0.002	0.208	0.003	0.626
neutral	0.223	0.000	0.007	0.002	0.257	0.003	0.509
neutral	0.203	0.000	0.008	0.002	0.257	0.003	0.527
neutral	0.203	0.000	0.009	0.003	0.242	0.003	0.540
neutral	0.192	0.000	0.010	0.002	0.225	0.002	0.569
neutral	0.224	0.001	0.018	0.004	0.267	0.009	0.478
neutral	0.190	0.001	0.018	0.004	0.343	0.010	0.436
neutral	0.258	0.000	0.008	0.005	0.173	0.003	0.553
neutral	0.238	0.000	0.010	0.002	0.204	0.004	0.542
neutral	0.200	0.000	0.016	0.004	0.240	0.004	0.535
neutral	0.111	0.000	0.013	0.003	0.287	0.003	0.583
neutral	0.053	0.000	0.007	0.002	0.311	0.003	0.623
neutral	0.111	0.000	0.005	0.003	0.338	0.003	0.540
neutral	0.172	0.000	0.011	0.002	0.194	0.004	0.618
neutral	0.073	0.000	0.014	0.003	0.303	0.006	0.601
neutral	0.179	0.000	0.006	0.004	0.154	0.003	0.653
neutral	0.087	0.000	0.010	0.006	0.402	0.004	0.491
neutral	0.075	0.000	0.023	0.012	0.313	0.012	0.564
neutral	0.047	0.000	0.019	0.013	0.234	0.013	0.675
neutral	0.074	0.000	0.023	0.016	0.105	0.009	0.774
neutral	0.153	0.000	0.015	0.046	0.088	0.019	0.679
neutral	0.144	0.000	0.012	0.034	0.129	0.010	0.670
neutral	0.182	0.000	0.007	0.023	0.089	0.006	0.693
neutral	0.120	0.000	0.010	0.024	0.087	0.007	0.752
neutral	0.064	0.000	0.005	0.027	0.083	0.005	0.816
neutral	0.081	0.000	0.013	0.022	0.092	0.007	0.785
neutral	0.094	0.000	0.011	0.024	0.090	0.007	0.774
neutral	0.047	0.000	0.013	0.032	0.151	0.009	0.748
neutral	0.036	0.000	0.011	0.020	0.102	0.008	0.823
neutral	0.037	0.000	0.008	0.015	0.136	0.006	0.798
neutral	0.040	0.000	0.010	0.019	0.159	0.006	0.767
neutral	0.042	0.000	0.009	0.013	0.196	0.006	0.734
neutral	0.035	0.000	0.006	0.006	0.145	0.004	0.804
neutral	0.064	0.000	0.003	0.004	0.104	0.001	0.824
neutral	0.054	0.000	0.007	0.008	0.165	0.004	0.761
neutral	0.114	0.000	0.012	0.014	0.127	0.004	0.728
neutral	0.087	0.000	0.012	0.022	0.179	0.005	0.695
neutral	0.064	0.000	0.005	0.010	0.141	0.004	0.775
neutral	0.063	0.000	0.005	0.005	0.088	0.003	0.836
neutral	0.054	0.000	0.008	0.016	0.189	0.009	0.724
neutral	0.042	0.000	0.010	0.011	0.222	0.005	0.709
neutral	0.072	0.000	0.015	0.012	0.242	0.008	0.650
neutral	0.047	0.000	0.006	0.014	0.188	0.005	0.741
neutral	0.129	0.000	0.006	0.009	0.079	0.003	0.773
neutral	0.078	0.000	0.012	0.017	0.182	0.004	0.707
neutral	0.144	0.000	0.004	0.006	0.066	0.003	0.777
neutral	0.053	0.000	0.012	0.007	0.117	0.006	0.805
neutral	0.127	0.000	0.023	0.036	0.069	0.012	0.734
neutral	0.120	0.000	0.021	0.038	0.088	0.023	0.710
neutral	0.121	0.000	0.028	0.065	0.125	0.016	0.645
neutral	0.100	0.000	0.026	0.040	0.082	0.017	0.735
neutral	0.132	0.000	0.078	0.031	0.184	0.058	0.516
neutral	0.093	0.000	0.023	0.023	0.251	0.018	0.592
neutral	0.098	0.000	0.033	0.028	0.201	0.016	0.624
neutral	0.063	0.000	0.020	0.030	0.228	0.021	0.639
neutral	0.058	0.000	0.013	0.043	0.200	0.018	0.668
neutral	0.058	0.000	0.013	0.047	0.212	0.017	0.652
neutral	0.043	0.000	0.008	0.033	0.129	0.018	0.769
neutral	0.064	0.000	0.015	0.052	0.162	0.025	0.683
neutral	0.069	0.000	0.018	0.050	0.181	0.021	0.661
neutral	0.085	0.000	0.016	0.026	0.210	0.011	0.652
neutral	0.067	0.000	0.016	0.043	0.199	0.013	0.663
neutral	0.075	0.000	0.015	0.041	0.222	0.014	0.634
neutral	0.067	0.000	0.017	0.031	0.231	0.012	0.642
neutral	0.106	0.000	0.015	0.008	0.192	0.007	0.672
neutral	0.088	0.000	0.012	0.009	0.270	0.011	0.611
neutral	0.131	0.000	0.023	0.009	0.190	0.007	0.641
neutral	0.130	0.000	0.012	0.012	0.240	0.007	0.600
neutral	0.071	0.000	0.021	0.013	0.299	0.012	0.582
neutral	0.058	0.000	0.022	0.013	0.287	0.014	0.607
neutral	0.078	0.000	0.023	0.010	0.308	0.009	0.572
neutral	0.105	0.000	0.016	0.009	0.179	0.008	0.683
neutral	0.093	0.000	0.017	0.014	0.333	0.008	0.534
neutral	0.095	0.000	0.012	0.010	0.197	0.005	0.682
neutral	0.056	0.000	0.021	0.014	0.314	0.011	0.583
neutral	0.057	0.000	0.022	0.012	0.313	0.008	0.589
neutral	0.071	0.000	0.024	0.013	0.295	0.013	0.584
neutral	0.103	0.000	0.026	0.006	0.338	0.011	0.516
neutral	0.066	0.000	0.014	0.017	0.264	0.013	0.626
neutral	0.106	0.000	0.016	0.012	0.180	0.005	0.680
neutral	0.056	0.000	0.010	0.013	0.220	0.006	0.696
neutral	0.070	0.000	0.007	0.013	0.234	0.005	0.671
neutral	0.151	0.000	0.017	0.010	0.251	0.005	0.565
neutral	0.146	0.000	0.023	0.015	0.265	0.010	0.541
neutral	0.136	0.000	0.039	0.019	0.277	0.018	0.511
neutral	0.108	0.000	0.020	0.017	0.180	0.007	0.668
neutral	0.174	0.000	0.020	0.014	0.209	0.005	0.578
neutral	0.125	0.000	0.019	0.012	0.263	0.009	0.573
neutral	0.071	0.000	0.020	0.016	0.232	0.009	0.652
neutral	0.067	0.000	0.008	0.014	0.248	0.005	0.657
neutral	0.164	0.000	0.019	0.016	0.223	0.006	0.572
neutral	0.088	0.000	0.007	0.009	0.289	0.005	0.603
neutral	0.094	0.000	0.021	0.017	0.258	0.007	0.603
neutral	0.097	0.000	0.017	0.010	0.320	0.008	0.548
neutral	0.169	0.000	0.019	0.015	0.252	0.006	0.539
neutral	0.145	0.000	0.013	0.010	0.310	0.006	0.517
neutral	0.128	0.000	0.018	0.010	0.292	0.008	0.544
neutral	0.106	0.000	0.023	0.013	0.337	0.012	0.509
neutral	0.228	0.000	0.022	0.008	0.199	0.008	0.535
neutral	0.112	0.000	0.016	0.008	0.285	0.007	0.571
neutral	0.193	0.000	0.020	0.007	0.267	0.005	0.508
neutral	0.106	0.000	0.017	0.011	0.315	0.008	0.542
neutral	0.228	0.000	0.021	0.013	0.166	0.008	0.565
neutral	0.112	0.000	0.014	0.011	0.156	0.004	0.703
neutral	0.110	0.000	0.020	0.010	0.286	0.007	0.567
neutral	0.085	0.000	0.013	0.015	0.228	0.006	0.652
neutral	0.101	0.000	0.016	0.014	0.233	0.007	0.629
neutral	0.074	0.000	0.010	0.011	0.169	0.003	0.734
neutral	0.117	0.000	0.028	0.017	0.251	0.008	0.579
neutral	0.134	0.000	0.012	0.014	0.164	0.003	0.673
neutral	0.053	0.000	0.014	0.014	0.246	0.009	0.664
neutral	0.111	0.000	0.025	0.016	0.267	0.007	0.573
neutral	0.054	0.000	0.013	0.010	0.200	0.012	0.711
neutral	0.090	0.000	0.014	0.010	0.314	0.007	0.565
neutral	0.082	0.000	0.012	0.008	0.311	0.005	0.582
neutral	0.080	0.000	0.012	0.008	0.339	0.005	0.557
neutral	0.130	0.000	0.019	0.011	0.203	0.005	0.632
neutral	0.089	0.000	0.014	0.006	0.352	0.004	0.536
neutral	0.097	0.000	0.017	0.007	0.326	0.005	0.547
neutral	0.100	0.000	0.008	0.007	0.235	0.006	0.644
neutral	0.128	0.000	0.016	0.007	0.296	0.005	0.547
neutral	0.075	0.000	0.015	0.012	0.305	0.010	0.584
neutral	0.042	0.000	0.016	0.009	0.270	0.010	0.652
neutral	0.180	0.000	0.015	0.011	0.218	0.003	0.573
neutral	0.218	0.000	0.011	0.007	0.227	0.003	0.535
neutral	0.179	0.000	0.019	0.010	0.216	0.006	0.569
neutral	0.034	0.000	0.018	0.014	0.228	0.014	0.691
neutral	0.104	0.000	0.008	0.010	0.257	0.003	0.618
neutral	0.220	0.000	0.017	0.009	0.236	0.006	0.513
neutral	0.113	0.000	0.011	0.010	0.239	0.003	0.623
neutral	0.101	0.000	0.018	0.011	0.316	0.011	0.543
neutral	0.145	0.000	0.010	0.007	0.231	0.004	0.602
neutral	0.201	0.000	0.012	0.009	0.250	0.004	0.525
neutral	0.118	0.000	0.020	0.007	0.256	0.005	0.593
neutral	0.170	0.000	0.010	0.005	0.240	0.003	0.571
neutral	0.125	0.000	0.015	0.007	0.288	0.006	0.560
neutral	0.100	0.000	0.006	0.007	0.205	0.002	0.680
neutral	0.112	0.000	0.015	0.007	0.289	0.008	0.569
neutral	0.185	0.000	0.014	0.006	0.242	0.005	0.548
neutral	0.088	0.000	0.016	0.008	0.293	0.007	0.589
neutral	0.224	0.000	0.016	0.008	0.223	0.004	0.525
neutral	0.062	0.000	0.011	0.017	0.163	0.007	0.741
neutral	0.052	0.000	0.005	0.010	0.148	0.002	0.784
neutral	0.070	0.000	0.010	0.010	0.240	0.004	0.666
neutral	0.074	0.000	0.009	0.008	0.248	0.005	0.657
neutral	0.083	0.000	0.010	0.008	0.200	0.004	0.696
neutral	0.063	0.000	0.011	0.009	0.203	0.007	0.707
neutral	0.095	0.000	0.011	0.007	0.248	0.004	0.635
neutral	0.184	0.000	0.011	0.007	0.185	0.006	0.608
neutral	0.127	0.000	0.006	0.006	0.183	0.003	0.675
neutral	0.150	0.000	0.007	0.008	0.183	0.003	0.650
neutral	0.086	0.000	0.008	0.006	0.218	0.003	0.679
neutral	0.094	0.000	0.007	0.006	0.215	0.003	0.675
neutral	0.049	0.000	0.007	0.012	0.164	0.004	0.764
neutral	0.118	0.000	0.008	0.006	0.234	0.003	0.631
neutral	0.086	0.000	0.009	0.013	0.215	0.007	0.671
neutral	0.078	0.000	0.010	0.006	0.210	0.006	0.691
neutral	0.097	0.000	0.009	0.007	0.218	0.004	0.666
neutral	0.226	0.000	0.009	0.007	0.194	0.004	0.561
neutral	0.138	0.000	0.008	0.006	0.236	0.003	0.609
neutral	0.216	0.000	0.008	0.006	0.219	0.003	0.548
neutral	0.174	0.000	0.008	0.009	0.221	0.004	0.584
neutral	0.090	0.000	0.008	0.012	0.118	0.004	0.769
neutral	0.238	0.000	0.010	0.006	0.174	0.004	0.567
neutral	0.076	0.000	0.013	0.009	0.283	0.007	0.612
neutral	0.210	0.000	0.012	0.009	0.179	0.009	0.582
neutral	0.134	0.000	0.016	0.009	0.222	0.005	0.614
neutral	0.057	0.000	0.011	0.012	0.217	0.005	0.697
neutral	0.080	0.000	0.016	0.008	0.306	0.004	0.586
neutral	0.150	0.000	0.021	0.010	0.280	0.006	0.533
neutral	0.165	0.000	0.014	0.010	0.188	0.004	0.619
neutral	0.125	0.000	0.013	0.006	0.208	0.004	0.643
neutral	0.169	0.000	0.013	0.006	0.240	0.003	0.569
neutral	0.207	0.000	0.022	0.010	0.274	0.005	0.482
neutral	0.098	0.000	0.012	0.006	0.296	0.006	0.582
neutral	0.231	0.000	0.011	0.006	0.244	0.003	0.506
neutral	0.140	0.000	0.018	0.005	0.337	0.007	0.493
neutral	0.224	0.000	0.015	0.006	0.249	0.004	0.502
neutral	0.242	0.000	0.013	0.007	0.216	0.004	0.518
neutral	0.211	0.000	0.014	0.005	0.271	0.003	0.496
neutral	0.185	0.000	0.018	0.008	0.315	0.004	0.471
neutral	0.191	0.000	0.013	0.006	0.305	0.003	0.482
neutral	0.121	0.000	0.026	0.006	0.321	0.012	0.514
neutral	0.144	0.000	0.021	0.003	0.370	0.007	0.455
neutral	0.170	0.000	0.007	0.005	0.277	0.002	0.539
neutral	0.157	0.000	0.007	0.006	0.251	0.002	0.577
neutral	0.152	0.000	0.021	0.003	0.325	0.007	0.492
neutral	0.113	0.000	0.010	0.005	0.280	0.002	0.590
neutral	0.218	0.000	0.014	0.004	0.282	0.003	0.478
neutral	0.240	0.000	0.018	0.006	0.324	0.005	0.407
neutral	0.223	0.000	0.013	0.005	0.286	0.004	0.469
neutral	0.184	0.000	0.024	0.005	0.344	0.013	0.429
neutral	0.246	0.000	0.008	0.006	0.291	0.002	0.446
neutral	0.230	0.000	0.015	0.005	0.310	0.006	0.435
neutral	0.285	0.000	0.014	0.007	0.276	0.006	0.413
neutral	0.280	0.000	0.016	0.006	0.279	0.005	0.414
neutral	0.292	0.000	0.006	0.010	0.216	0.002	0.474
neutral	0.137	0.000	0.015	0.005	0.371	0.009	0.463
neutral	0.132	0.000	0.017	0.004	0.300	0.006	0.540
neutral	0.235	0.000	0.012	0.004	0.287	0.005	0.457
neutral	0.195	0.000	0.016	0.008	0.347	0.005	0.429
neutral	0.210	0.000	0.010	0.013	0.246	0.007	0.515
neutral	0.222	0.000	0.010	0.021	0.227	0.005	0.515
neutral	0.141	0.000	0.021	0.011	0.356	0.004	0.468
neutral	0.221	0.000	0.020	0.010	0.343	0.006	0.401
neutral	0.157	0.000	0.014	0.010	0.277	0.003	0.538
neutral	0.103	0.000	0.024	0.015	0.239	0.008	0.612
angry	0.346	0.000	0.028	0.007	0.268	0.009	0.342
neutral	0.098	0.000	0.015	0.012	0.258	0.005	0.613
neutral	0.084	0.000	0.022	0.010	0.313	0.007	0.564
neutral	0.082	0.000	0.018	0.011	0.248	0.007	0.635
neutral	0.084	0.000	0.020	0.010	0.258	0.006	0.622
neutral	0.109	0.000	0.021	0.013	0.257	0.007	0.594
neutral	0.148	0.000	0.022	0.012	0.275	0.006	0.536
neutral	0.087	0.000	0.034	0.008	0.306	0.007	0.559
neutral	0.121	0.000	0.020	0.007	0.392	0.004	0.456
neutral	0.167	0.000	0.021	0.006	0.382	0.002	0.421
neutral	0.159	0.000	0.019	0.006	0.404	0.003	0.409
neutral	0.176	0.000	0.024	0.007	0.354	0.007	0.431
neutral	0.247	0.000	0.022	0.007	0.359	0.005	0.360
sad	0.234	0.000	0.018	0.010	0.392	0.003	0.343
neutral	0.178	0.000	0.018	0.014	0.381	0.004	0.405
neutral	0.197	0.000	0.019	0.016	0.335	0.004	0.430
sad	0.191	0.000	0.026	0.007	0.410	0.005	0.360
neutral	0.169	0.000	0.020	0.018	0.271	0.008	0.515
neutral	0.164	0.000	0.016	0.018	0.314	0.006	0.482
neutral	0.181	0.000	0.023	0.009	0.378	0.004	0.405
neutral	0.306	0.000	0.016	0.007	0.253	0.009	0.409
neutral	0.343	0.000	0.011	0.007	0.271	0.004	0.364
neutral	0.238	0.000	0.015	0.005	0.262	0.004	0.476
neutral	0.227	0.000	0.008	0.014	0.181	0.006	0.565
neutral	0.258	0.000	0.009	0.004	0.257	0.003	0.468
neutral	0.171	0.000	0.013	0.013	0.285	0.005	0.513
neutral	0.166	0.000	0.011	0.008	0.333	0.003	0.478
neutral	0.141	0.000	0.015	0.020	0.194	0.012	0.618
neutral	0.081	0.000	0.010	0.006	0.266	0.005	0.632
neutral	0.178	0.000	0.008	0.006	0.352	0.003	0.453
neutral	0.131	0.000	0.011	0.006	0.236	0.005	0.611
neutral	0.153	0.000	0.017	0.006	0.275	0.008	0.540
neutral	0.217	0.000	0.009	0.007	0.236	0.005	0.526
neutral	0.191	0.000	0.013	0.010	0.261	0.006	0.519
neutral	0.158	0.000	0.007	0.004	0.267	0.002	0.562
neutral	0.212	0.000	0.009	0.010	0.201	0.004	0.564
neutral	0.289	0.000	0.014	0.004	0.219	0.005	0.470
neutral	0.183	0.000	0.048	0.004	0.145	0.034	0.587
neutral	0.148	0.000	0.028	0.003	0.237	0.029	0.554
neutral	0.106	0.000	0.026	0.005	0.277	0.020	0.566
neutral	0.086	0.000	0.031	0.004	0.221	0.026	0.633
neutral	0.085	0.000	0.014	0.003	0.251	0.011	0.636
neutral	0.073	0.000	0.018	0.003	0.225	0.016	0.665
neutral	0.083	0.000	0.021	0.002	0.253	0.016	0.626
neutral	0.251	0.000	0.018	0.001	0.338	0.013	0.378
neutral	0.174	0.000	0.014	0.003	0.248	0.015	0.547
neutral	0.225	0.000	0.012	0.004	0.235	0.013	0.512
neutral	0.277	0.000	0.013	0.002	0.235	0.015	0.457
neutral	0.109	0.000	0.008	0.002	0.278	0.009	0.594
angry	0.376	0.000	0.008	0.001	0.257	0.005	0.353
neutral	0.163	0.000	0.009	0.001	0.348	0.003	0.477
neutral	0.311	0.000	0.025	0.002	0.252	0.025	0.385
sad	0.205	0.000	0.006	0.001	0.413	0.003	0.372
neutral	0.195	0.000	0.012	0.005	0.192	0.018	0.578
angry	0.335	0.000	0.033	0.002	0.278	0.039	0.312
neutral	0.143	0.000	0.008	0.003	0.208	0.017	0.621
neutral	0.158	0.000	0.007	0.005	0.236	0.013	0.580
neutral	0.079	0.000	0.005	0.004	0.193	0.003	0.717
neutral	0.236	0.000	0.030	0.003	0.290	0.032	0.408
neutral	0.249	0.000	0.011	0.003	0.190	0.012	0.536
angry	0.372	0.000	0.006	0.001	0.333	0.005	0.284
sad	0.342	0.000	0.015	0.001	0.358	0.013	0.271
neutral	0.185	0.000	0.007	0.002	0.198	0.006	0.601
neutral	0.299	0.000	0.014	0.002	0.231	0.009	0.446
neutral	0.185	0.000	0.005	0.003	0.171	0.005	0.631
neutral	0.296	0.000	0.013	0.003	0.214	0.010	0.465
angry	0.396	0.001	0.036	0.002	0.235	0.025	0.305
neutral	0.118	0.000	0.009	0.004	0.195	0.006	0.668
neutral	0.202	0.000	0.013	0.004	0.168	0.009	0.603
neutral	0.089	0.000	0.018	0.012	0.201	0.013	0.667
neutral	0.091	0.000	0.018	0.019	0.184	0.015	0.673
neutral	0.105	0.000	0.016	0.009	0.170	0.015	0.685
neutral	0.109	0.000	0.014	0.010	0.157	0.009	0.700
neutral	0.105	0.000	0.019	0.015	0.176	0.014	0.670
neutral	0.225	0.000	0.031	0.005	0.246	0.012	0.480
neutral	0.167	0.000	0.011	0.038	0.157	0.006	0.622
neutral	0.126	0.000	0.009	0.107	0.144	0.012	0.602
neutral	0.118	0.000	0.010	0.137	0.134	0.011	0.590
neutral	0.142	0.000	0.012	0.069	0.111	0.007	0.658
neutral	0.164	0.000	0.011	0.070	0.100	0.010	0.646
neutral	0.184	0.000	0.015	0.054	0.135	0.009	0.603
neutral	0.162	0.000	0.017	0.051	0.166	0.014	0.590
neutral	0.297	0.000	0.021	0.067	0.132	0.019	0.464
neutral	0.181	0.000	0.010	0.038	0.115	0.012	0.645
neutral	0.159	0.000	0.011	0.038	0.129	0.010	0.653
neutral	0.169	0.000	0.009	0.027	0.139	0.006	0.650
neutral	0.304	0.000	0.018	0.009	0.162	0.007	0.500
