prediction	angry	disgust	fear	happy	sad	surprise	neutral
sad	0.095	0.000	0.154	0.153	0.372	0.046	0.178
neutral	0.216	0.001	0.004	0.052	0.350	0.001	0.376
sad	0.282	0.001	0.005	0.074	0.323	0.006	0.309
angry	0.360	0.002	0.004	0.086	0.249	0.008	0.291
neutral	0.276	0.002	0.006	0.086	0.309	0.008	0.314
neutral	0.274	0.001	0.003	0.058	0.270	0.003	0.390
sad	0.299	0.002	0.005	0.075	0.309	0.005	0.304
sad	0.192	0.001	0.005	0.036	0.438	0.002	0.325
sad	0.101	0.000	0.170	0.103	0.381	0.034	0.210
sad	0.322	0.001	0.006	0.054	0.328	0.006	0.283
sad	0.290	0.002	0.006	0.067	0.344	0.004	0.288
sad	0.082	0.000	0.111	0.200	0.334	0.018	0.254
neutral	0.219	0.002	0.004	0.104	0.270	0.003	0.397
sad	0.315	0.001	0.005	0.065	0.358	0.003	0.254
sad	0.054	0.000	0.093	0.160	0.431	0.020	0.242
neutral	0.199	0.001	0.002	0.124	0.254	0.002	0.418
sad	0.304	0.002	0.004	0.069	0.349	0.002	0.270
neutral	0.251	0.002	0.004	0.058	0.310	0.002	0.374
sad	0.286	0.002	0.005	0.063	0.361	0.002	0.282
sad	0.103	0.000	0.109	0.064	0.496	0.021	0.207
neutral	0.144	0.001	0.002	0.100	0.222	0.003	0.528
sad	0.075	0.000	0.115	0.144	0.344	0.027	0.293
neutral	0.269	0.003	0.004	0.074	0.308	0.004	0.339
sad	0.194	0.004	0.004	0.047	0.427	0.002	0.323
sad	0.225	0.004	0.003	0.042	0.471	0.002	0.252
sad	0.205	0.004	0.003	0.060	0.499	0.002	0.227
sad	0.203	0.004	0.004	0.060	0.369	0.002	0.358
sad	0.223	0.003	0.005	0.047	0.487	0.002	0.234
sad	0.251	0.001	0.004	0.069	0.421	0.003	0.250
sad	0.245	0.002	0.005	0.094	0.413	0.004	0.237
sad	0.271	0.002	0.005	0.061	0.350	0.003	0.307
sad	0.202	0.002	0.005	0.052	0.516	0.003	0.221
sad	0.229	0.002	0.005	0.045	0.504	0.002	0.213
sad	0.207	0.003	0.005	0.060	0.470	0.003	0.252
sad	0.203	0.001	0.004	0.047	0.490	0.003	0.252
sad	0.177	0.014	0.004	0.034	0.575	0.001	0.195
sad	0.229	0.003	0.007	0.031	0.560	0.002	0.169
sad	0.220	0.003	0.005	0.049	0.441	0.003	0.279
sad	0.228	0.004	0.004	0.072	0.431	0.003	0.257
sad	0.255	0.002	0.004	0.053	0.377	0.003	0.305
neutral	0.274	0.001	0.004	0.070	0.319	0.004	0.328
sad	0.043	0.000	0.094	0.216	0.350	0.026	0.272
neutral	0.201	0.001	0.003	0.048	0.322	0.004	0.421
neutral	0.290	0.001	0.003	0.037	0.257	0.003	0.409
neutral	0.264	0.003	0.003	0.062	0.287	0.004	0.377
neutral	0.302	0.003	0.004	0.031	0.189	0.007	0.465
neutral	0.187	0.001	0.002	0.026	0.078	0.006	0.700
sad	0.164	0.002	0.005	0.099	0.410	0.005	0.314
sad	0.306	0.003	0.006	0.028	0.339	0.006	0.311
neutral	0.179	0.001	0.002	0.068	0.105	0.006	0.639
neutral	0.260	0.002	0.005	0.061	0.230	0.010	0.433
neutral	0.115	0.002	0.004	0.054	0.306	0.006	0.514
neutral	0.289	0.001	0.006	0.048	0.273	0.009	0.375
neutral	0.060	0.001	0.003	0.037	0.270	0.004	0.625
neutral	0.092	0.002	0.004	0.029	0.317	0.003	0.554
neutral	0.091	0.002	0.005	0.034	0.255	0.003	0.609
neutral	0.095	0.008	0.005	0.049	0.314	0.004	0.525
neutral	0.130	0.003	0.004	0.051	0.268	0.010	0.534
neutral	0.116	0.005	0.004	0.050	0.272	0.003	0.549
neutral	0.142	0.002	0.004	0.059	0.313	0.008	0.471
neutral	0.091	0.003	0.004	0.050	0.290	0.005	0.558
neutral	0.113	0.004	0.005	0.030	0.306	0.003	0.539
neutral	0.094	0.002	0.004	0.041	0.255	0.004	0.600
neutral	0.100	0.002	0.003	0.040	0.228	0.005	0.621
neutral	0.136	0.002	0.004	0.040	0.258	0.007	0.553
neutral	0.113	0.001	0.003	0.038	0.202	0.005	0.639
neutral	0.108	0.005	0.006	0.039	0.316	0.006	0.521
neutral	0.102	0.002	0.004	0.033	0.230	0.004	0.625
neutral	0.126	0.003	0.004	0.076	0.236	0.007	0.548
neutral	0.114	0.004	0.005	0.072	0.260	0.007	0.539
neutral	0.160	0.003	0.005	0.051	0.341	0.008	0.432
neutral	0.090	0.008	0.006	0.046	0.275	0.004	0.572
neutral	0.107	0.003	0.005	0.066	0.300	0.010	0.509
neutral	0.104	0.002	0.003	0.064	0.212	0.007	0.607
neutral	0.098	0.002	0.004	0.043	0.260	0.006	0.588
neutral	0.091	0.001	0.004	0.053	0.215	0.007	0.629
neutral	0.081	0.003	0.005	0.050	0.244	0.006	0.610
neutral	0.106	0.004	0.004	0.048	0.267	0.003	0.567
neutral	0.103	0.003	0.004	0.037	0.265	0.005	0.583
neutral	0.099	0.005	0.006	0.027	0.279	0.004	0.580
neutral	0.132	0.004	0.007	0.032	0.371	0.006	0.449
neutral	0.109	0.004	0.007	0.028	0.286	0.005	0.561
neutral	0.128	0.003	0.005	0.032	0.314	0.006	0.513
neutral	0.130	0.001	0.005	0.047	0.294	0.008	0.516
neutral	0.139	0.001	0.006	0.054	0.341	0.011	0.449
neutral	0.178	0.002	0.006	0.067	0.313	0.009	0.426
neutral	0.094	0.002	0.005	0.092	0.297	0.006	0.503
neutral	0.151	0.003	0.006	0.057	0.327	0.005	0.452
neutral	0.137	0.003	0.006	0.059	0.337	0.008	0.450
neutral	0.092	0.002	0.007	0.064	0.372	0.005	0.457
sad	0.160	0.003	0.009	0.052	0.390	0.007	0.378
sad	0.141	0.003	0.009	0.050	0.399	0.007	0.391
sad	0.164	0.007	0.010	0.062	0.393	0.007	0.357
neutral	0.103	0.006	0.007	0.050	0.367	0.005	0.462
neutral	0.108	0.008	0.008	0.073	0.354	0.007	0.441
neutral	0.278	0.004	0.007	0.042	0.307	0.005	0.357
neutral	0.099	0.007	0.007	0.062	0.359	0.006	0.459
neutral	0.097	0.009	0.008	0.066	0.371	0.007	0.443
neutral	0.090	0.002	0.005	0.077	0.343	0.006	0.476
neutral	0.106	0.006	0.008	0.076	0.368	0.005	0.431
sad	0.106	0.003	0.007	0.057	0.411	0.006	0.409
neutral	0.078	0.003	0.006	0.060	0.420	0.005	0.428
neutral	0.101	0.002	0.004	0.069	0.337	0.005	0.481
sad	0.166	0.002	0.011	0.052	0.505	0.002	0.263
sad	0.180	0.004	0.010	0.034	0.515	0.002	0.256
sad	0.141	0.006	0.009	0.035	0.605	0.002	0.202
neutral	0.283	0.007	0.002	0.048	0.157	0.004	0.500
neutral	0.298	0.004	0.003	0.042	0.182	0.007	0.464
neutral	0.251	0.006	0.004	0.031	0.221	0.003	0.485
neutral	0.336	0.005	0.006	0.023	0.178	0.004	0.447
neutral	0.349	0.012	0.006	0.018	0.208	0.003	0.404
neutral	0.329	0.011	0.004	0.046	0.204	0.005	0.401
neutral	0.236	0.010	0.003	0.037	0.184	0.006	0.524
neutral	0.280	0.010	0.003	0.039	0.196	0.004	0.468
neutral	0.334	0.006	0.004	0.054	0.174	0.005	0.424
neutral	0.292	0.008	0.003	0.069	0.193	0.011	0.424
sad	0.229	0.005	0.004	0.059	0.358	0.006	0.339
neutral	0.237	0.006	0.003	0.094	0.231	0.013	0.417
neutral	0.246	0.009	0.003	0.056	0.177	0.009	0.500
neutral	0.196	0.008	0.002	0.110	0.128	0.010	0.545
neutral	0.261	0.007	0.003	0.088	0.197	0.013	0.431
neutral	0.295	0.007	0.002	0.053	0.160	0.004	0.479
neutral	0.340	0.009	0.002	0.055	0.165	0.006	0.423
neutral	0.235	0.004	0.004	0.071	0.250	0.015	0.422
neutral	0.265	0.007	0.002	0.045	0.156	0.010	0.515
neutral	0.192	0.003	0.003	0.058	0.158	0.006	0.580
neutral	0.242	0.009	0.003	0.066	0.219	0.012	0.449
neutral	0.193	0.007	0.003	0.082	0.179	0.011	0.526
neutral	0.195	0.006	0.003	0.057	0.178	0.009	0.552
neutral	0.204	0.006	0.004	0.085	0.211	0.009	0.482
neutral	0.224	0.006	0.004	0.064	0.162	0.008	0.532
neutral	0.282	0.003	0.002	0.080	0.115	0.009	0.509
neutral	0.296	0.003	0.003	0.067	0.122	0.009	0.500
neutral	0.212	0.001	0.002	0.051	0.106	0.005	0.622
neutral	0.217	0.006	0.003	0.039	0.183	0.004	0.548
neutral	0.221	0.001	0.003	0.039	0.108	0.006	0.621
neutral	0.209	0.003	0.002	0.042	0.112	0.007	0.624
neutral	0.249	0.002	0.002	0.021	0.124	0.005	0.597
neutral	0.193	0.004	0.004	0.057	0.177	0.009	0.556
neutral	0.222	0.005	0.002	0.028	0.160	0.003	0.579
neutral	0.188	0.004	0.002	0.031	0.129	0.005	0.641
neutral	0.239	0.003	0.003	0.023	0.206	0.003	0.523
neutral	0.221	0.001	0.002	0.028	0.111	0.004	0.633
neutral	0.183	0.003	0.003	0.042	0.157	0.004	0.608
neutral	0.172	0.003	0.002	0.036	0.161	0.003	0.622
neutral	0.213	0.003	0.002	0.035	0.155	0.003	0.590
neutral	0.175	0.005	0.002	0.024	0.124	0.003	0.666
neutral	0.152	0.002	0.003	0.049	0.181	0.005	0.608
neutral	0.163	0.002	0.002	0.038	0.143	0.005	0.647
neutral	0.162	0.004	0.002	0.030	0.183	0.004	0.615
neutral	0.253	0.000	0.001	0.043	0.070	0.009	0.622
neutral	0.323	0.002	0.003	0.057	0.116	0.006	0.493
neutral	0.240	0.002	0.002	0.058	0.105	0.009	0.583
neutral	0.341	0.003	0.005	0.040	0.234	0.012	0.365
neutral	0.234	0.001	0.003	0.064	0.122	0.010	0.566
neutral	0.304	0.004	0.003	0.074	0.138	0.008	0.469
neutral	0.237	0.002	0.002	0.077	0.094	0.005	0.584
neutral	0.248	0.002	0.002	0.088	0.093	0.007	0.560
neutral	0.274	0.002	0.002	0.061	0.163	0.008	0.490
neutral	0.262	0.002	0.002	0.047	0.141	0.008	0.537
neutral	0.215	0.002	0.003	0.057	0.144	0.013	0.566
neutral	0.274	0.002	0.002	0.047	0.157	0.013	0.505
neutral	0.276	0.003	0.002	0.058	0.142	0.008	0.512
neutral	0.250	0.002	0.002	0.072	0.134	0.007	0.533
neutral	0.192	0.002	0.002	0.054	0.210	0.008	0.532
neutral	0.257	0.003	0.003	0.045	0.228	0.010	0.453
neutral	0.222	0.003	0.003	0.062	0.231	0.009	0.471
neutral	0.274	0.003	0.003	0.047	0.228	0.009	0.436
neutral	0.238	0.006	0.003	0.076	0.109	0.009	0.559
neutral	0.124	0.015	0.017	0.191	0.103	0.124	0.425
neutral	0.121	0.021	0.014	0.099	0.135	0.109	0.501
neutral	0.175	0.032	0.013	0.063	0.190	0.096	0.430
neutral	0.130	0.012	0.006	0.090	0.218	0.035	0.510
angry	0.421	0.002	0.003	0.014	0.204	0.005	0.351
neutral	0.120	0.006	0.006	0.121	0.176	0.055	0.515
neutral	0.124	0.021	0.017	0.195	0.071	0.223	0.349
neutral	0.125	0.009	0.013	0.209	0.087	0.059	0.498
neutral	0.115	0.009	0.013	0.171	0.132	0.028	0.533
neutral	0.086	0.003	0.007	0.052	0.370	0.002	0.480
sad	0.103	0.002	0.007	0.019	0.491	0.003	0.374
neutral	0.078	0.003	0.005	0.019	0.355	0.001	0.538
sad	0.077	0.004	0.009	0.031	0.473	0.004	0.402
neutral	0.191	0.003	0.004	0.040	0.345	0.001	0.418
neutral	0.082	0.001	0.010	0.065	0.371	0.002	0.470
sad	0.116	0.005	0.006	0.020	0.509	0.001	0.342
neutral	0.139	0.002	0.007	0.042	0.361	0.004	0.445
neutral	0.169	0.001	0.004	0.052	0.211	0.004	0.559
neutral	0.073	0.001	0.001	0.096	0.095	0.004	0.730
neutral	0.143	0.010	0.010	0.118	0.166	0.062	0.492
neutral	0.123	0.004	0.006	0.090	0.217	0.022	0.539
neutral	0.045	0.000	0.001	0.150	0.052	0.004	0.748
neutral	0.063	0.001	0.001	0.148	0.116	0.004	0.666
neutral	0.083	0.008	0.007	0.078	0.253	0.016	0.555
neutral	0.083	0.003	0.004	0.077	0.151	0.023	0.659
neutral	0.071	0.004	0.004	0.082	0.125	0.036	0.678
neutral	0.090	0.015	0.010	0.133	0.122	0.086	0.543
neutral	0.121	0.001	0.002	0.063	0.143	0.010	0.660
neutral	0.090	0.002	0.005	0.114	0.219	0.012	0.558
neutral	0.126	0.002	0.004	0.123	0.199	0.012	0.535
neutral	0.230	0.004	0.003	0.074	0.198	0.007	0.484
neutral	0.175	0.002	0.004	0.098	0.191	0.013	0.517
neutral	0.138	0.004	0.004	0.076	0.219	0.012	0.547
neutral	0.194	0.001	0.004	0.033	0.216	0.005	0.548
neutral	0.098	0.001	0.002	0.020	0.145	0.004	0.729
neutral	0.044	0.001	0.011	0.105	0.154	0.006	0.680
neutral	0.155	0.002	0.003	0.021	0.200	0.003	0.616
neutral	0.374	0.001	0.003	0.027	0.187	0.007	0.401
sad	0.089	0.002	0.016	0.196	0.396	0.008	0.295
sad	0.136	0.027	0.029	0.107	0.396	0.023	0.282
sad	0.105	0.022	0.026	0.092	0.358	0.057	0.340
neutral	0.188	0.003	0.006	0.013	0.353	0.004	0.432
neutral	0.143	0.006	0.004	0.029	0.218	0.005	0.595
neutral	0.068	0.004	0.007	0.073	0.197	0.015	0.636
neutral	0.075	0.012	0.007	0.194	0.134	0.039	0.538
neutral	0.066	0.006	0.009	0.200	0.156	0.045	0.518
neutral	0.126	0.003	0.006	0.074	0.256	0.012	0.522
neutral	0.140	0.001	0.002	0.150	0.153	0.004	0.550
neutral	0.031	0.000	0.001	0.312	0.082	0.003	0.570
sad	0.063	0.001	0.007	0.162	0.414	0.002	0.351
sad	0.057	0.002	0.013	0.186	0.409	0.009	0.323
sad	0.061	0.007	0.018	0.106	0.467	0.024	0.316
neutral	0.081	0.006	0.027	0.123	0.352	0.039	0.372
neutral	0.069	0.003	0.008	0.107	0.283	0.013	0.518
neutral	0.042	0.000	0.002	0.231	0.105	0.003	0.618
neutral	0.053	0.000	0.002	0.169	0.106	0.003	0.666
neutral	0.091	0.001	0.005	0.015	0.231	0.007	0.648
neutral	0.079	0.003	0.002	0.044	0.147	0.004	0.721
neutral	0.050	0.001	0.003	0.031	0.141	0.006	0.768
neutral	0.030	0.001	0.003	0.022	0.131	0.004	0.809
neutral	0.069	0.001	0.003	0.038	0.116	0.005	0.768
neutral	0.077	0.000	0.003	0.036	0.151	0.004	0.728
neutral	0.071	0.002	0.004	0.055	0.206	0.008	0.654
neutral	0.098	0.004	0.007	0.064	0.198	0.019	0.611
neutral	0.075	0.002	0.007	0.097	0.165	0.040	0.614
neutral	0.108	0.001	0.005	0.023	0.235	0.010	0.618
neutral	0.090	0.007	0.012	0.045	0.335	0.025	0.487
neutral	0.112	0.009	0.010	0.043	0.310	0.024	0.493
neutral	0.069	0.011	0.013	0.036	0.265	0.039	0.567
neutral	0.136	0.050	0.054	0.082	0.173	0.126	0.378
neutral	0.091	0.006	0.006	0.133	0.113	0.043	0.607
neutral	0.100	0.004	0.008	0.097	0.226	0.012	0.553
sad	0.116	0.000	0.149	0.110	0.511	0.009	0.105
neutral	0.109	0.005	0.005	0.052	0.261	0.004	0.565
neutral	0.109	0.002	0.005	0.049	0.179	0.009	0.646
neutral	0.094	0.000	0.006	0.040	0.305	0.004	0.550
sad	0.131	0.000	0.175	0.118	0.452	0.006	0.117
neutral	0.068	0.001	0.005	0.172	0.187	0.015	0.552
sad	0.100	0.000	0.135	0.187	0.446	0.007	0.125
neutral	0.081	0.004	0.015	0.137	0.179	0.058	0.526
neutral	0.075	0.005	0.012	0.125	0.173	0.046	0.565
neutral	0.079	0.010	0.016	0.192	0.180	0.115	0.408
neutral	0.089	0.006	0.007	0.151	0.124	0.032	0.590
neutral	0.065	0.001	0.002	0.118	0.086	0.006	0.722
neutral	0.063	0.000	0.002	0.112	0.112	0.006	0.704
neutral	0.073	0.000	0.002	0.140	0.104	0.005	0.675
neutral	0.091	0.000	0.001	0.162	0.079	0.003	0.663
neutral	0.119	0.001	0.001	0.195	0.089	0.002	0.593
neutral	0.160	0.000	0.001	0.087	0.081	0.001	0.671
neutral	0.099	0.000	0.001	0.240	0.062	0.003	0.595
neutral	0.062	0.000	0.001	0.160	0.043	0.001	0.732
neutral	0.102	0.001	0.001	0.185	0.066	0.002	0.644
neutral	0.053	0.000	0.001	0.090	0.038	0.001	0.817
neutral	0.056	0.000	0.001	0.128	0.040	0.001	0.774
neutral	0.061	0.000	0.001	0.177	0.041	0.001	0.719
neutral	0.060	0.000	0.001	0.186	0.043	0.001	0.709
neutral	0.053	0.000	0.001	0.126	0.049	0.001	0.770
neutral	0.052	0.000	0.001	0.112	0.044	0.001	0.790
neutral	0.053	0.000	0.000	0.127	0.039	0.001	0.779
neutral	0.038	0.000	0.001	0.198	0.042	0.001	0.720
neutral	0.053	0.000	0.001	0.137	0.047	0.001	0.760
neutral	0.062	0.000	0.001	0.228	0.044	0.002	0.663
neutral	0.149	0.001	0.001	0.246	0.066	0.003	0.534
neutral	0.112	0.001	0.001	0.227	0.068	0.002	0.589
neutral	0.091	0.000	0.001	0.262	0.042	0.001	0.602
neutral	0.078	0.000	0.001	0.253	0.047	0.002	0.619
neutral	0.191	0.001	0.001	0.236	0.096	0.001	0.474
neutral	0.115	0.000	0.001	0.190	0.087	0.002	0.605
neutral	0.123	0.000	0.002	0.136	0.111	0.002	0.627
neutral	0.110	0.000	0.001	0.106	0.086	0.002	0.694
neutral	0.098	0.000	0.001	0.153	0.090	0.001	0.657
neutral	0.144	0.001	0.002	0.161	0.115	0.002	0.576
neutral	0.072	0.000	0.001	0.152	0.068	0.002	0.704
neutral	0.182	0.001	0.002	0.127	0.119	0.004	0.565
neutral	0.051	0.000	0.001	0.079	0.055	0.002	0.812
neutral	0.120	0.001	0.002	0.103	0.130	0.002	0.642
neutral	0.169	0.001	0.002	0.141	0.127	0.002	0.558
neutral	0.160	0.002	0.002	0.123	0.119	0.002	0.592
neutral	0.105	0.000	0.002	0.062	0.073	0.001	0.757
neutral	0.125	0.001	0.002	0.074	0.095	0.002	0.702
neutral	0.086	0.000	0.002	0.050	0.065	0.001	0.796
neutral	0.108	0.001	0.002	0.047	0.072	0.001	0.770
neutral	0.122	0.002	0.001	0.105	0.066	0.002	0.703
neutral	0.114	0.000	0.002	0.058	0.066	0.002	0.757
neutral	0.246	0.002	0.002	0.080	0.105	0.009	0.556
neutral	0.154	0.001	0.002	0.060	0.071	0.004	0.710
neutral	0.172	0.001	0.002	0.045	0.140	0.005	0.635
neutral	0.118	0.001	0.002	0.126	0.074	0.004	0.675
neutral	0.147	0.001	0.001	0.092	0.063	0.005	0.692
neutral	0.178	0.002	0.001	0.074	0.067	0.004	0.674
neutral	0.115	0.001	0.001	0.098	0.049	0.004	0.733
neutral	0.200	0.001	0.001	0.080	0.092	0.004	0.622
neutral	0.159	0.002	0.001	0.102	0.074	0.003	0.659
neutral	0.134	0.002	0.001	0.121	0.086	0.004	0.651
neutral	0.166	0.002	0.002	0.074	0.144	0.004	0.608
neutral	0.144	0.001	0.002	0.101	0.070	0.007	0.675
neutral	0.166	0.001	0.003	0.031	0.080	0.008	0.711
sad	0.228	0.001	0.005	0.024	0.492	0.002	0.248
angry	0.350	0.000	0.009	0.007	0.315	0.014	0.305
angry	0.439	0.000	0.007	0.008	0.130	0.030	0.386
neutral	0.305	0.001	0.003	0.013	0.124	0.016	0.538
neutral	0.249	0.001	0.002	0.019	0.154	0.005	0.570
neutral	0.244	0.001	0.001	0.034	0.074	0.004	0.642
neutral	0.240	0.002	0.002	0.022	0.116	0.002	0.616
neutral	0.237	0.002	0.002	0.031	0.139	0.002	0.586
neutral	0.174	0.001	0.002	0.024	0.094	0.003	0.702
neutral	0.242	0.001	0.003	0.041	0.154	0.002	0.557
neutral	0.109	0.001	0.002	0.036	0.107	0.002	0.743
neutral	0.213	0.001	0.002	0.037	0.109	0.001	0.638
neutral	0.359	0.001	0.002	0.036	0.149	0.003	0.450
neutral	0.322	0.001	0.002	0.014	0.221	0.001	0.439
neutral	0.352	0.002	0.002	0.019	0.137	0.004	0.485
neutral	0.352	0.001	0.002	0.017	0.157	0.002	0.468
neutral	0.345	0.001	0.002	0.023	0.125	0.003	0.500
neutral	0.382	0.001	0.003	0.012	0.163	0.004	0.435
neutral	0.307	0.002	0.002	0.025	0.109	0.003	0.552
neutral	0.265	0.001	0.002	0.026	0.114	0.002	0.589
neutral	0.319	0.002	0.002	0.024	0.105	0.003	0.546
neutral	0.369	0.001	0.003	0.020	0.139	0.005	0.463
neutral	0.295	0.001	0.002	0.016	0.132	0.005	0.549
neutral	0.370	0.001	0.002	0.014	0.125	0.006	0.481
neutral	0.315	0.002	0.002	0.022	0.093	0.005	0.562
neutral	0.285	0.001	0.003	0.015	0.133	0.010	0.554
neutral	0.278	0.001	0.003	0.010	0.166	0.006	0.537
neutral	0.332	0.001	0.002	0.017	0.116	0.007	0.525
neutral	0.240	0.001	0.003	0.011	0.149	0.008	0.588
neutral	0.229	0.001	0.002	0.013	0.101	0.009	0.644
neutral	0.269	0.001	0.003	0.016	0.096	0.014	0.600
neutral	0.291	0.002	0.003	0.024	0.181	0.005	0.494
neutral	0.252	0.003	0.002	0.022	0.087	0.008	0.626
neutral	0.210	0.001	0.003	0.015	0.149	0.005	0.617
neutral	0.330	0.001	0.002	0.021	0.078	0.010	0.558
neutral	0.231	0.001	0.002	0.024	0.115	0.007	0.619
neutral	0.236	0.001	0.002	0.021	0.148	0.005	0.588
neutral	0.298	0.000	0.001	0.019	0.068	0.008	0.605
neutral	0.237	0.001	0.002	0.014	0.105	0.006	0.636
neutral	0.280	0.001	0.002	0.011	0.106	0.006	0.594
neutral	0.185	0.000	0.002	0.016	0.069	0.007	0.720
neutral	0.219	0.001	0.002	0.017	0.078	0.010	0.673
neutral	0.209	0.001	0.001	0.013	0.071	0.006	0.700
neutral	0.233	0.001	0.002	0.026	0.069	0.011	0.659
neutral	0.240	0.001	0.001	0.017	0.071	0.006	0.664
neutral	0.271	0.001	0.001	0.022	0.064	0.006	0.635
neutral	0.196	0.001	0.001	0.023	0.062	0.008	0.709
neutral	0.280	0.000	0.001	0.042	0.066	0.011	0.600
neutral	0.278	0.001	0.001	0.025	0.074	0.005	0.616
neutral	0.233	0.001	0.002	0.016	0.091	0.005	0.653
neutral	0.275	0.001	0.002	0.026	0.073	0.009	0.615
neutral	0.243	0.001	0.002	0.015	0.087	0.005	0.647
neutral	0.287	0.001	0.002	0.017	0.085	0.006	0.602
neutral	0.350	0.001	0.003	0.025	0.087	0.010	0.525
neutral	0.344	0.001	0.001	0.024	0.063	0.003	0.563
neutral	0.365	0.001	0.001	0.026	0.057	0.005	0.544
neutral	0.320	0.001	0.002	0.038	0.068	0.007	0.564
neutral	0.224	0.001	0.002	0.026	0.114	0.006	0.627
neutral	0.262	0.001	0.002	0.017	0.096	0.004	0.618
neutral	0.358	0.001	0.002	0.021	0.085	0.009	0.525
neutral	0.285	0.001	0.001	0.016	0.078	0.006	0.613
neutral	0.222	0.001	0.002	0.026	0.077	0.009	0.663
neutral	0.343	0.001	0.001	0.035	0.054	0.005	0.560
neutral	0.324	0.001	0.002	0.028	0.073	0.007	0.566
neutral	0.316	0.001	0.001	0.035	0.046	0.005	0.596
neutral	0.297	0.002	0.002	0.031	0.093	0.006	0.570
neutral	0.276	0.002	0.002	0.026	0.105	0.007	0.581
neutral	0.335	0.001	0.001	0.027	0.047	0.005	0.583
neutral	0.303	0.001	0.001	0.015	0.074	0.006	0.599
neutral	0.223	0.001	0.002	0.028	0.126	0.007	0.614
angry	0.517	0.001	0.002	0.023	0.073	0.010	0.374
neutral	0.289	0.000	0.001	0.032	0.067	0.010	0.601
neutral	0.303	0.000	0.001	0.012	0.090	0.006	0.588
neutral	0.327	0.001	0.002	0.008	0.229	0.007	0.426
neutral	0.384	0.001	0.002	0.004	0.177	0.012	0.420
neutral	0.392	0.001	0.002	0.007	0.172	0.008	0.418
angry	0.524	0.003	0.002	0.010	0.141	0.005	0.315
angry	0.565	0.002	0.002	0.008	0.130	0.005	0.287
neutral	0.375	0.002	0.001	0.025	0.075	0.003	0.519
angry	0.625	0.015	0.003	0.006	0.192	0.001	0.157
neutral	0.387	0.003	0.002	0.015	0.139	0.005	0.449
angry	0.460	0.019	0.004	0.027	0.209	0.001	0.280
angry	0.494	0.003	0.005	0.016	0.283	0.001	0.197
sad	0.254	0.002	0.010	0.018	0.434	0.002	0.280
sad	0.416	0.008	0.007	0.024	0.419	0.001	0.126
sad	0.378	0.011	0.008	0.018	0.463	0.001	0.122
angry	0.351	0.007	0.004	0.014	0.319	0.003	0.303
angry	0.423	0.003	0.003	0.020	0.260	0.007	0.285
angry	0.446	0.001	0.002	0.022	0.165	0.004	0.362
sad	0.143	0.000	0.099	0.184	0.397	0.006	0.171
angry	0.711	0.000	0.004	0.007	0.122	0.011	0.144
angry	0.755	0.000	0.004	0.003	0.126	0.017	0.095
angry	0.747	0.000	0.004	0.002	0.152	0.008	0.087
angry	0.705	0.000	0.003	0.004	0.143	0.008	0.138
angry	0.706	0.000	0.002	0.003	0.120	0.004	0.165
angry	0.538	0.001	0.002	0.014	0.171	0.002	0.273
angry	0.652	0.000	0.001	0.009	0.168	0.004	0.165
angry	0.575	0.000	0.001	0.006	0.210	0.003	0.206
angry	0.521	0.001	0.001	0.010	0.150	0.004	0.314
angry	0.500	0.001	0.001	0.012	0.144	0.002	0.340
angry	0.480	0.001	0.002	0.011	0.170	0.005	0.332
angry	0.506	0.001	0.001	0.015	0.120	0.005	0.353
angry	0.381	0.001	0.003	0.010	0.229	0.008	0.368
angry	0.435	0.000	0.002	0.017	0.227	0.007	0.311
angry	0.419	0.000	0.002	0.012	0.211	0.005	0.350
angry	0.442	0.000	0.002	0.013	0.202	0.004	0.336
neutral	0.354	0.001	0.002	0.018	0.230	0.010	0.385
angry	0.383	0.001	0.003	0.018	0.228	0.011	0.356
angry	0.414	0.001	0.002	0.021	0.173	0.007	0.383
angry	0.494	0.001	0.002	0.024	0.130	0.006	0.344
neutral	0.369	0.001	0.002	0.030	0.101	0.003	0.495
angry	0.498	0.002	0.002	0.017	0.107	0.003	0.371
neutral	0.384	0.001	0.002	0.033	0.127	0.004	0.450
neutral	0.363	0.001	0.002	0.040	0.108	0.004	0.483
angry	0.417	0.001	0.002	0.023	0.166	0.005	0.386
angry	0.447	0.001	0.002	0.026	0.111	0.009	0.404
angry	0.487	0.002	0.002	0.023	0.110	0.004	0.372
neutral	0.312	0.001	0.002	0.054	0.141	0.007	0.483
angry	0.446	0.001	0.002	0.034	0.134	0.006	0.378
neutral	0.343	0.001	0.002	0.035	0.223	0.009	0.387
angry	0.382	0.001	0.002	0.032	0.195	0.009	0.379
neutral	0.305	0.002	0.002	0.041	0.134	0.004	0.512
neutral	0.271	0.002	0.001	0.087	0.087	0.004	0.549
neutral	0.288	0.002	0.001	0.067	0.144	0.007	0.491
neutral	0.322	0.002	0.001	0.066	0.134	0.008	0.466
neutral	0.290	0.001	0.002	0.065	0.128	0.005	0.508
neutral	0.279	0.001	0.002	0.037	0.214	0.008	0.460
neutral	0.338	0.002	0.002	0.041	0.151	0.008	0.458
neutral	0.259	0.002	0.002	0.084	0.130	0.005	0.518
neutral	0.356	0.002	0.001	0.050	0.133	0.005	0.452
neutral	0.300	0.002	0.002	0.080	0.121	0.004	0.492
neutral	0.297	0.003	0.001	0.093	0.152	0.008	0.445
neutral	0.304	0.004	0.001	0.099	0.120	0.006	0.466
neutral	0.319	0.002	0.002	0.058	0.175	0.008	0.437
neutral	0.362	0.003	0.002	0.052	0.167	0.010	0.406
neutral	0.349	0.003	0.001	0.066	0.148	0.009	0.424
neutral	0.338	0.003	0.001	0.069	0.165	0.012	0.412
neutral	0.295	0.004	0.001	0.084	0.132	0.007	0.476
neutral	0.344	0.003	0.001	0.087	0.122	0.007	0.436
neutral	0.316	0.003	0.001	0.088	0.115	0.009	0.467
neutral	0.303	0.003	0.002	0.061	0.182	0.005	0.444
neutral	0.324	0.001	0.002	0.043	0.180	0.011	0.440
neutral	0.359	0.003	0.001	0.075	0.155	0.008	0.398
neutral	0.306	0.003	0.002	0.085	0.141	0.006	0.457
neutral	0.311	0.003	0.001	0.104	0.134	0.008	0.439
neutral	0.228	0.002	0.002	0.144	0.131	0.007	0.486
neutral	0.317	0.003	0.002	0.083	0.196	0.008	0.392
neutral	0.362	0.002	0.001	0.061	0.173	0.007	0.393
neutral	0.332	0.005	0.002	0.070	0.219	0.008	0.364
neutral	0.283	0.002	0.003	0.033	0.263	0.009	0.406
neutral	0.307	0.003	0.002	0.088	0.115	0.006	0.480
neutral	0.257	0.003	0.001	0.102	0.128	0.007	0.502
neutral	0.326	0.003	0.001	0.051	0.167	0.008	0.444
neutral	0.274	0.004	0.001	0.122	0.132	0.010	0.457
neutral	0.246	0.005	0.003	0.069	0.196	0.003	0.478
sad	0.277	0.010	0.005	0.047	0.433	0.001	0.227
neutral	0.313	0.011	0.006	0.033	0.310	0.001	0.326
angry	0.343	0.005	0.003	0.024	0.297	0.004	0.325
neutral	0.282	0.008	0.002	0.065	0.206	0.005	0.432
neutral	0.351	0.007	0.002	0.055	0.216	0.005	0.364
angry	0.400	0.003	0.002	0.022	0.234	0.008	0.331
neutral	0.323	0.004	0.003	0.054	0.193	0.005	0.418
neutral	0.348	0.003	0.003	0.017	0.245	0.006	0.378
angry	0.385	0.006	0.003	0.022	0.244	0.005	0.334
neutral	0.324	0.012	0.002	0.019	0.231	0.002	0.410
neutral	0.331	0.011	0.002	0.028	0.181	0.003	0.444
neutral	0.271	0.004	0.002	0.025	0.211	0.005	0.482
neutral	0.234	0.004	0.003	0.036	0.206	0.005	0.511
neutral	0.208	0.007	0.003	0.036	0.247	0.005	0.495
neutral	0.262	0.003	0.003	0.049	0.189	0.009	0.484
neutral	0.323	0.009	0.002	0.062	0.155	0.009	0.440
neutral	0.315	0.004	0.003	0.099	0.137	0.017	0.426
angry	0.429	0.047	0.001	0.063	0.173	0.004	0.283
neutral	0.365	0.035	0.001	0.146	0.062	0.008	0.384
angry	0.478	0.015	0.001	0.073	0.095	0.009	0.330
neutral	0.322	0.025	0.001	0.092	0.122	0.006	0.431
neutral	0.288	0.008	0.002	0.096	0.157	0.005	0.444
neutral	0.269	0.002	0.003	0.135	0.188	0.010	0.394
angry	0.359	0.012	0.002	0.082	0.186	0.009	0.350
neutral	0.331	0.003	0.001	0.168	0.148	0.007	0.341
angry	0.494	0.017	0.001	0.054	0.170	0.009	0.256
angry	0.498	0.020	0.001	0.051	0.150	0.008	0.272
angry	0.494	0.021	0.001	0.046	0.146	0.011	0.281
angry	0.583	0.019	0.001	0.037	0.138	0.008	0.214
angry	0.567	0.024	0.001	0.055	0.131	0.007	0.215
angry	0.565	0.033	0.001	0.066	0.110	0.007	0.218
angry	0.429	0.018	0.002	0.056	0.117	0.010	0.369
angry	0.409	0.041	0.001	0.085	0.125	0.007	0.331
angry	0.413	0.016	0.001	0.083	0.095	0.008	0.384
angry	0.523	0.038	0.001	0.048	0.101	0.005	0.284
angry	0.449	0.015	0.001	0.078	0.094	0.007	0.355
angry	0.390	0.011	0.001	0.061	0.152	0.003	0.381
angry	0.467	0.012	0.001	0.043	0.171	0.003	0.303
angry	0.502	0.018	0.002	0.055	0.145	0.006	0.272
angry	0.405	0.022	0.002	0.061	0.189	0.006	0.315
neutral	0.370	0.020	0.002	0.055	0.172	0.009	0.374
neutral	0.326	0.011	0.002	0.064	0.178	0.010	0.409
neutral	0.302	0.011	0.003	0.025	0.267	0.007	0.386
angry	0.366	0.008	0.003	0.035	0.239	0.005	0.345
neutral	0.344	0.006	0.003	0.028	0.228	0.007	0.384
angry	0.474	0.015	0.003	0.038	0.194	0.013	0.264
angry	0.499	0.008	0.002	0.027	0.212	0.009	0.242
angry	0.480	0.015	0.003	0.011	0.258	0.006	0.226
angry	0.582	0.015	0.001	0.010	0.206	0.003	0.183
angry	0.514	0.027	0.003	0.016	0.193	0.011	0.236
angry	0.463	0.035	0.002	0.011	0.210	0.007	0.272
neutral	0.315	0.044	0.004	0.030	0.259	0.007	0.342
angry	0.401	0.032	0.001	0.073	0.150	0.003	0.340
neutral	0.261	0.038	0.001	0.203	0.143	0.005	0.349
angry	0.303	0.012	0.001	0.275	0.114	0.005	0.291
angry	0.499	0.024	0.002	0.054	0.291	0.001	0.129
angry	0.403	0.018	0.002	0.093	0.298	0.001	0.186
sad	0.314	0.021	0.003	0.027	0.392	0.001	0.241
sad	0.303	0.015	0.004	0.051	0.359	0.001	0.268
neutral	0.200	0.001	0.002	0.033	0.170	0.001	0.593
neutral	0.156	0.002	0.002	0.032	0.169	0.000	0.639
neutral	0.294	0.007	0.003	0.025	0.197	0.001	0.474
angry	0.417	0.071	0.002	0.018	0.249	0.001	0.241
