prediction	angry	disgust	fear	happy	sad	surprise	neutral
neutral	0.061	0.001	0.002	0.165	0.047	0.008	0.715
neutral	0.188	0.000	0.003	0.149	0.067	0.001	0.592
neutral	0.235	0.000	0.005	0.016	0.134	0.001	0.608
neutral	0.159	0.000	0.003	0.052	0.063	0.001	0.722
neutral	0.240	0.000	0.004	0.035	0.078	0.004	0.640
neutral	0.080	0.000	0.003	0.205	0.026	0.008	0.678
neutral	0.153	0.000	0.013	0.071	0.071	0.001	0.690
neutral	0.052	0.000	0.003	0.241	0.020	0.002	0.681
neutral	0.035	0.000	0.003	0.335	0.026	0.002	0.599
happy	0.048	0.001	0.008	0.457	0.020	0.015	0.451
neutral	0.045	0.000	0.007	0.206	0.033	0.006	0.704
neutral	0.034	0.000	0.007	0.135	0.046	0.004	0.774
neutral	0.084	0.001	0.013	0.140	0.090	0.015	0.656
neutral	0.031	0.002	0.011	0.218	0.060	0.006	0.673
neutral	0.077	0.001	0.010	0.112	0.066	0.012	0.721
neutral	0.149	0.003	0.014	0.235	0.089	0.023	0.488
neutral	0.091	0.003	0.010	0.300	0.065	0.010	0.521
happy	0.026	0.000	0.004	0.513	0.041	0.004	0.412
happy	0.035	0.001	0.005	0.478	0.044	0.011	0.426
neutral	0.024	0.000	0.002	0.368	0.028	0.003	0.575
happy	0.011	0.000	0.001	0.563	0.028	0.001	0.396
happy	0.010	0.000	0.001	0.570	0.023	0.001	0.395
happy	0.006	0.000	0.001	0.827	0.014	0.001	0.151
happy	0.008	0.000	0.001	0.718	0.022	0.002	0.250
happy	0.006	0.000	0.002	0.754	0.034	0.002	0.202
happy	0.008	0.000	0.001	0.660	0.027	0.002	0.301
happy	0.007	0.000	0.001	0.658	0.026	0.002	0.306
happy	0.006	0.000	0.002	0.801	0.019	0.003	0.169
happy	0.015	0.000	0.003	0.655	0.028	0.004	0.295
happy	0.027	0.000	0.004	0.558	0.048	0.002	0.361
happy	0.032	0.000	0.004	0.504	0.052	0.003	0.406
neutral	0.041	0.000	0.004	0.399	0.067	0.002	0.487
neutral	0.038	0.000	0.002	0.340	0.046	0.001	0.573
neutral	0.017	0.000	0.002	0.347	0.040	0.002	0.592
neutral	0.030	0.000	0.003	0.113	0.058	0.001	0.797
neutral	0.019	0.000	0.002	0.245	0.039	0.002	0.692
neutral	0.017	0.000	0.003	0.289	0.044	0.002	0.645
neutral	0.028	0.000	0.001	0.423	0.039	0.001	0.508
neutral	0.020	0.000	0.002	0.459	0.049	0.002	0.467
neutral	0.026	0.000	0.002	0.158	0.050	0.001	0.764
neutral	0.032	0.000	0.001	0.354	0.046	0.001	0.566
neutral	0.021	0.000	0.001	0.346	0.032	0.001	0.598
neutral	0.019	0.000	0.002	0.233	0.046	0.001	0.699
happy	0.023	0.000	0.001	0.597	0.031	0.001	0.346
happy	0.025	0.000	0.002	0.546	0.036	0.002	0.389
neutral	0.023	0.000	0.001	0.380	0.043	0.001	0.551
happy	0.015	0.000	0.001	0.515	0.025	0.002	0.442
neutral	0.024	0.000	0.005	0.406	0.046	0.010	0.508
happy	0.015	0.000	0.010	0.614	0.048	0.016	0.297
happy	0.022	0.000	0.001	0.758	0.018	0.001	0.200
happy	0.007	0.000	0.000	0.759	0.017	0.001	0.216
happy	0.014	0.000	0.002	0.585	0.024	0.002	0.373
neutral	0.037	0.000	0.001	0.439	0.059	0.000	0.463
neutral	0.027	0.000	0.004	0.355	0.064	0.007	0.543
neutral	0.010	0.000	0.001	0.417	0.029	0.002	0.542
happy	0.008	0.000	0.001	0.715	0.027	0.005	0.244
neutral	0.010	0.000	0.001	0.450	0.024	0.000	0.514
happy	0.012	0.000	0.001	0.814	0.021	0.004	0.149
happy	0.017	0.000	0.000	0.780	0.013	0.002	0.188
happy	0.002	0.000	0.000	0.899	0.003	0.001	0.095
happy	0.006	0.000	0.000	0.903	0.005	0.003	0.083
happy	0.020	0.000	0.000	0.909	0.008	0.000	0.063
happy	0.006	0.000	0.000	0.918	0.008	0.001	0.065
neutral	0.035	0.000	0.001	0.297	0.040	0.000	0.627
happy	0.007	0.000	0.000	0.868	0.012	0.001	0.112
happy	0.011	0.000	0.000	0.903	0.011	0.000	0.074
happy	0.005	0.000	0.000	0.936	0.005	0.001	0.052
happy	0.004	0.000	0.000	0.933	0.004	0.000	0.058
happy	0.004	0.000	0.000	0.948	0.009	0.002	0.037
happy	0.008	0.000	0.001	0.735	0.017	0.002	0.238
happy	0.008	0.000	0.000	0.819	0.009	0.001	0.164
happy	0.008	0.000	0.001	0.896	0.013	0.002	0.081
happy	0.004	0.000	0.000	0.953	0.006	0.001	0.037
happy	0.002	0.000	0.000	0.950	0.004	0.001	0.041
happy	0.005	0.000	0.000	0.949	0.005	0.002	0.039
happy	0.008	0.000	0.000	0.785	0.013	0.000	0.193
happy	0.003	0.000	0.000	0.934	0.005	0.001	0.057
happy	0.006	0.000	0.000	0.823	0.009	0.001	0.161
happy	0.003	0.000	0.000	0.700	0.012	0.001	0.285
happy	0.003	0.000	0.000	0.942	0.006	0.001	0.048
happy	0.006	0.000	0.000	0.865	0.016	0.000	0.113
happy	0.002	0.000	0.000	0.956	0.005	0.001	0.036
happy	0.011	0.000	0.001	0.518	0.023	0.003	0.445
happy	0.003	0.000	0.000	0.963	0.004	0.001	0.029
happy	0.049	0.000	0.003	0.833	0.024	0.008	0.082
happy	0.009	0.000	0.000	0.909	0.010	0.001	0.070
happy	0.062	0.000	0.002	0.814	0.027	0.001	0.094
happy	0.012	0.000	0.001	0.870	0.007	0.009	0.101
happy	0.009	0.000	0.001	0.847	0.014	0.002	0.127
happy	0.011	0.000	0.001	0.691	0.011	0.001	0.285
happy	0.004	0.000	0.001	0.934	0.004	0.002	0.056
happy	0.015	0.000	0.002	0.882	0.014	0.009	0.079
happy	0.008	0.000	0.001	0.714	0.008	0.001	0.268
happy	0.005	0.000	0.001	0.755	0.007	0.001	0.232
happy	0.010	0.000	0.002	0.629	0.027	0.002	0.330
neutral	0.013	0.000	0.002	0.432	0.028	0.002	0.523
happy	0.009	0.000	0.001	0.628	0.019	0.002	0.340
happy	0.005	0.000	0.000	0.858	0.007	0.001	0.129
happy	0.029	0.000	0.001	0.754	0.009	0.002	0.206
happy	0.003	0.000	0.000	0.839	0.009	0.001	0.148
happy	0.023	0.000	0.001	0.858	0.010	0.002	0.105
happy	0.007	0.000	0.000	0.907	0.004	0.004	0.077
happy	0.013	0.000	0.000	0.939	0.003	0.007	0.037
happy	0.008	0.000	0.000	0.949	0.007	0.004	0.032
happy	0.001	0.000	0.000	0.960	0.003	0.001	0.035
happy	0.006	0.000	0.001	0.935	0.003	0.005	0.050
happy	0.005	0.000	0.000	0.920	0.004	0.001	0.070
happy	0.004	0.000	0.000	0.860	0.003	0.001	0.132
happy	0.003	0.000	0.000	0.966	0.002	0.001	0.028
happy	0.005	0.000	0.001	0.948	0.003	0.003	0.040
happy	0.009	0.000	0.001	0.890	0.013	0.003	0.085
happy	0.001	0.000	0.000	0.978	0.002	0.002	0.016
happy	0.001	0.000	0.000	0.968	0.001	0.001	0.029
happy	0.001	0.000	0.000	0.941	0.003	0.001	0.054
happy	0.002	0.000	0.000	0.816	0.006	0.001	0.175
happy	0.003	0.000	0.000	0.785	0.008	0.000	0.204
happy	0.005	0.000	0.000	0.707	0.012	0.000	0.276
happy	0.003	0.000	0.000	0.763	0.010	0.000	0.224
happy	0.004	0.000	0.000	0.756	0.011	0.001	0.228
happy	0.006	0.000	0.000	0.589	0.025	0.000	0.380
happy	0.003	0.000	0.001	0.622	0.018	0.001	0.355
happy	0.004	0.000	0.001	0.608	0.025	0.001	0.361
happy	0.003	0.000	0.001	0.665	0.015	0.001	0.316
neutral	0.008	0.000	0.001	0.388	0.030	0.001	0.573
happy	0.003	0.000	0.001	0.763	0.015	0.001	0.217
neutral	0.009	0.000	0.001	0.431	0.037	0.000	0.522
happy	0.010	0.000	0.001	0.598	0.022	0.001	0.369
happy	0.004	0.000	0.000	0.746	0.014	0.000	0.236
happy	0.007	0.000	0.000	0.634	0.025	0.000	0.334
happy	0.004	0.000	0.000	0.751	0.013	0.000	0.231
happy	0.009	0.000	0.000	0.518	0.023	0.000	0.450
happy	0.005	0.000	0.000	0.607	0.023	0.000	0.366
happy	0.004	0.000	0.000	0.616	0.018	0.000	0.361
happy	0.003	0.000	0.000	0.790	0.012	0.000	0.195
happy	0.002	0.000	0.000	0.832	0.008	0.000	0.157
happy	0.004	0.000	0.000	0.638	0.015	0.000	0.343
happy	0.007	0.000	0.000	0.616	0.018	0.000	0.358
happy	0.005	0.000	0.000	0.530	0.020	0.000	0.445
happy	0.004	0.000	0.001	0.594	0.013	0.001	0.387
neutral	0.008	0.000	0.000	0.453	0.023	0.000	0.516
happy	0.012	0.000	0.001	0.488	0.030	0.000	0.470
happy	0.008	0.000	0.000	0.514	0.034	0.000	0.444
neutral	0.007	0.000	0.000	0.407	0.032	0.000	0.553
happy	0.005	0.000	0.000	0.588	0.016	0.000	0.390
happy	0.009	0.000	0.000	0.516	0.023	0.000	0.452
neutral	0.005	0.000	0.000	0.479	0.032	0.000	0.484
neutral	0.016	0.000	0.001	0.336	0.046	0.000	0.602
neutral	0.007	0.000	0.001	0.343	0.032	0.000	0.616
neutral	0.008	0.000	0.000	0.366	0.045	0.000	0.580
neutral	0.007	0.000	0.001	0.342	0.030	0.000	0.619
happy	0.005	0.000	0.001	0.496	0.028	0.001	0.469
neutral	0.008	0.000	0.001	0.339	0.037	0.000	0.615
happy	0.004	0.000	0.001	0.527	0.022	0.000	0.446
happy	0.006	0.000	0.001	0.509	0.026	0.001	0.459
neutral	0.006	0.000	0.001	0.387	0.025	0.000	0.581
neutral	0.007	0.000	0.001	0.353	0.029	0.001	0.609
neutral	0.006	0.000	0.001	0.399	0.026	0.000	0.568
happy	0.006	0.000	0.001	0.571	0.023	0.000	0.398
neutral	0.006	0.000	0.001	0.408	0.029	0.000	0.556
neutral	0.007	0.000	0.001	0.389	0.030	0.000	0.573
neutral	0.007	0.000	0.001	0.418	0.020	0.000	0.554
neutral	0.009	0.000	0.000	0.329	0.022	0.000	0.640
neutral	0.008	0.000	0.000	0.443	0.012	0.000	0.536
neutral	0.008	0.000	0.000	0.375	0.018	0.000	0.599
neutral	0.010	0.000	0.000	0.342	0.020	0.000	0.628
neutral	0.005	0.000	0.000	0.460	0.014	0.001	0.519
happy	0.002	0.000	0.000	0.865	0.005	0.001	0.127
happy	0.005	0.000	0.000	0.757	0.010	0.000	0.226
happy	0.003	0.000	0.000	0.757	0.007	0.001	0.232
happy	0.002	0.000	0.000	0.847	0.005	0.001	0.145
neutral	0.009	0.000	0.000	0.476	0.015	0.000	0.499
happy	0.009	0.000	0.000	0.502	0.015	0.000	0.473
happy	0.003	0.000	0.000	0.660	0.009	0.000	0.327
happy	0.003	0.000	0.000	0.578	0.011	0.000	0.408
happy	0.010	0.000	0.000	0.583	0.012	0.001	0.394
happy	0.003	0.000	0.000	0.744	0.008	0.000	0.244
happy	0.003	0.000	0.000	0.715	0.011	0.000	0.270
happy	0.005	0.000	0.001	0.647	0.013	0.001	0.333
happy	0.006	0.000	0.000	0.592	0.009	0.000	0.393
happy	0.002	0.000	0.000	0.895	0.002	0.001	0.101
happy	0.003	0.000	0.000	0.793	0.007	0.000	0.197
happy	0.002	0.000	0.000	0.896	0.003	0.000	0.099
happy	0.003	0.000	0.000	0.863	0.004	0.000	0.130
happy	0.003	0.000	0.000	0.848	0.010	0.000	0.139
happy	0.011	0.000	0.000	0.550	0.012	0.000	0.427
happy	0.009	0.000	0.000	0.676	0.015	0.000	0.299
happy	0.003	0.000	0.000	0.809	0.008	0.000	0.179
happy	0.003	0.000	0.000	0.819	0.008	0.000	0.169
happy	0.002	0.000	0.000	0.835	0.009	0.000	0.153
happy	0.005	0.000	0.000	0.829	0.011	0.000	0.155
happy	0.006	0.000	0.000	0.774	0.005	0.000	0.214
happy	0.003	0.000	0.000	0.734	0.007	0.000	0.256
happy	0.003	0.000	0.000	0.728	0.005	0.000	0.263
happy	0.007	0.000	0.000	0.645	0.010	0.000	0.337
happy	0.005	0.000	0.000	0.740	0.009	0.000	0.246
happy	0.011	0.000	0.000	0.727	0.007	0.001	0.254
happy	0.002	0.000	0.000	0.806	0.004	0.000	0.188
happy	0.005	0.000	0.000	0.584	0.009	0.000	0.401
happy	0.004	0.000	0.000	0.732	0.006	0.000	0.257
happy	0.003	0.000	0.000	0.672	0.012	0.000	0.313
happy	0.003	0.000	0.000	0.684	0.006	0.000	0.305
happy	0.004	0.000	0.000	0.686	0.009	0.000	0.300
happy	0.003	0.000	0.000	0.778	0.007	0.000	0.211
happy	0.002	0.000	0.000	0.858	0.005	0.001	0.134
happy	0.002	0.000	0.000	0.865	0.004	0.000	0.128
happy	0.003	0.000	0.000	0.765	0.007	0.000	0.225
happy	0.003	0.000	0.000	0.831	0.007	0.000	0.157
happy	0.006	0.000	0.000	0.727	0.011	0.000	0.256
happy	0.003	0.000	0.000	0.844	0.006	0.000	0.146
happy	0.003	0.000	0.000	0.875	0.005	0.000	0.116
happy	0.004	0.000	0.000	0.860	0.008	0.000	0.127
happy	0.004	0.000	0.000	0.783	0.009	0.000	0.203
happy	0.004	0.000	0.000	0.808	0.011	0.000	0.177
happy	0.004	0.000	0.000	0.777	0.012	0.000	0.206
happy	0.004	0.000	0.000	0.802	0.010	0.000	0.183
happy	0.006	0.000	0.000	0.629	0.010	0.000	0.354
happy	0.009	0.000	0.000	0.620	0.012	0.000	0.359
happy	0.002	0.000	0.000	0.851	0.006	0.000	0.140
happy	0.004	0.000	0.000	0.759	0.010	0.000	0.227
happy	0.003	0.000	0.000	0.899	0.002	0.001	0.094
happy	0.004	0.000	0.000	0.810	0.010	0.000	0.175
happy	0.002	0.000	0.000	0.840	0.006	0.000	0.151
happy	0.005	0.000	0.000	0.755	0.012	0.000	0.226
happy	0.005	0.000	0.000	0.566	0.015	0.001	0.412
happy	0.003	0.000	0.000	0.686	0.008	0.001	0.302
happy	0.006	0.000	0.000	0.601	0.013	0.000	0.379
happy	0.003	0.000	0.000	0.718	0.010	0.000	0.269
happy	0.009	0.000	0.000	0.573	0.021	0.000	0.397
happy	0.006	0.000	0.000	0.709	0.013	0.000	0.271
happy	0.006	0.000	0.000	0.748	0.012	0.000	0.234
happy	0.005	0.000	0.000	0.708	0.011	0.000	0.275
happy	0.005	0.000	0.000	0.719	0.013	0.000	0.262
happy	0.005	0.000	0.000	0.657	0.017	0.000	0.321
happy	0.005	0.000	0.001	0.614	0.019	0.000	0.360
happy	0.008	0.000	0.001	0.557	0.031	0.000	0.404
neutral	0.007	0.000	0.001	0.394	0.033	0.000	0.564
neutral	0.013	0.000	0.001	0.368	0.053	0.000	0.564
happy	0.010	0.000	0.001	0.488	0.020	0.000	0.481
happy	0.011	0.000	0.001	0.583	0.022	0.002	0.380
happy	0.005	0.000	0.001	0.643	0.012	0.002	0.336
neutral	0.002	0.000	0.000	0.466	0.005	0.000	0.526
happy	0.004	0.000	0.001	0.669	0.013	0.002	0.311
happy	0.001	0.000	0.001	0.733	0.004	0.002	0.260
neutral	0.002	0.000	0.000	0.429	0.004	0.002	0.563
happy	0.001	0.000	0.001	0.657	0.014	0.002	0.325
happy	0.002	0.000	0.001	0.619	0.028	0.002	0.347
happy	0.003	0.000	0.003	0.530	0.047	0.009	0.407
neutral	0.004	0.000	0.004	0.396	0.031	0.005	0.559
neutral	0.005	0.000	0.010	0.404	0.046	0.010	0.525
neutral	0.011	0.000	0.003	0.301	0.043	0.001	0.641
happy	0.004	0.000	0.012	0.517	0.084	0.009	0.374
neutral	0.011	0.000	0.013	0.131	0.044	0.007	0.795
neutral	0.008	0.000	0.006	0.347	0.083	0.004	0.551
happy	0.008	0.000	0.003	0.600	0.038	0.002	0.348
happy	0.006	0.000	0.002	0.681	0.022	0.007	0.281
happy	0.005	0.000	0.002	0.497	0.031	0.007	0.458
neutral	0.009	0.000	0.001	0.451	0.028	0.008	0.503
happy	0.002	0.000	0.001	0.661	0.017	0.001	0.317
neutral	0.004	0.000	0.002	0.212	0.039	0.004	0.740
happy	0.002	0.000	0.002	0.646	0.035	0.002	0.312
happy	0.004	0.000	0.001	0.682	0.025	0.001	0.287
happy	0.002	0.000	0.001	0.511	0.018	0.001	0.467
neutral	0.003	0.000	0.001	0.183	0.036	0.000	0.778
neutral	0.005	0.000	0.001	0.296	0.032	0.001	0.665
neutral	0.001	0.000	0.001	0.317	0.016	0.001	0.664
neutral	0.003	0.000	0.001	0.093	0.032	0.001	0.871
neutral	0.002	0.000	0.001	0.108	0.038	0.000	0.850
neutral	0.002	0.000	0.001	0.113	0.030	0.000	0.854
neutral	0.002	0.000	0.001	0.083	0.024	0.001	0.890
neutral	0.003	0.000	0.002	0.466	0.038	0.008	0.483
neutral	0.004	0.000	0.003	0.240	0.041	0.008	0.704
neutral	0.001	0.000	0.000	0.153	0.017	0.000	0.827
neutral	0.002	0.000	0.002	0.213	0.019	0.006	0.758
neutral	0.004	0.000	0.001	0.168	0.029	0.001	0.797
neutral	0.003	0.000	0.000	0.182	0.024	0.000	0.790
neutral	0.002	0.000	0.000	0.195	0.012	0.002	0.788
neutral	0.004	0.000	0.002	0.223	0.021	0.008	0.742
neutral	0.004	0.000	0.002	0.257	0.021	0.009	0.708
happy	0.004	0.000	0.003	0.494	0.027	0.008	0.464
neutral	0.004	0.000	0.002	0.351	0.020	0.005	0.618
neutral	0.003	0.000	0.005	0.418	0.022	0.025	0.528
neutral	0.004	0.000	0.002	0.316	0.021	0.008	0.650
neutral	0.002	0.000	0.003	0.396	0.019	0.011	0.569
neutral	0.004	0.000	0.002	0.209	0.026	0.003	0.756
neutral	0.002	0.000	0.001	0.416	0.013	0.001	0.568
neutral	0.003	0.000	0.002	0.297	0.019	0.007	0.672
neutral	0.003	0.000	0.001	0.350	0.020	0.002	0.624
neutral	0.005	0.000	0.001	0.184	0.026	0.003	0.780
neutral	0.003	0.000	0.001	0.133	0.027	0.003	0.832
neutral	0.003	0.000	0.001	0.142	0.016	0.001	0.837
neutral	0.003	0.000	0.001	0.143	0.022	0.000	0.830
neutral	0.005	0.000	0.001	0.195	0.031	0.001	0.768
neutral	0.006	0.000	0.000	0.103	0.035	0.000	0.856
neutral	0.004	0.000	0.001	0.121	0.024	0.000	0.850
neutral	0.003	0.000	0.000	0.154	0.017	0.000	0.825
neutral	0.004	0.000	0.000	0.135	0.017	0.000	0.844
neutral	0.003	0.000	0.001	0.172	0.024	0.001	0.800
neutral	0.003	0.000	0.001	0.177	0.020	0.001	0.799
neutral	0.002	0.000	0.001	0.181	0.018	0.001	0.797
neutral	0.002	0.000	0.001	0.235	0.018	0.001	0.743
neutral	0.009	0.000	0.000	0.106	0.023	0.000	0.862
neutral	0.005	0.000	0.000	0.139	0.030	0.000	0.825
neutral	0.004	0.000	0.001	0.137	0.024	0.001	0.833
neutral	0.004	0.000	0.001	0.160	0.034	0.001	0.800
neutral	0.005	0.000	0.001	0.135	0.023	0.000	0.835
neutral	0.003	0.000	0.000	0.109	0.016	0.000	0.871
neutral	0.011	0.000	0.000	0.181	0.021	0.001	0.785
neutral	0.002	0.000	0.001	0.191	0.014	0.002	0.790
neutral	0.003	0.000	0.002	0.184	0.023	0.002	0.787
neutral	0.004	0.000	0.000	0.183	0.016	0.000	0.796
neutral	0.003	0.000	0.001	0.145	0.026	0.001	0.824
neutral	0.004	0.000	0.001	0.167	0.033	0.001	0.795
neutral	0.004	0.000	0.001	0.163	0.029	0.001	0.802
