prediction	angry	disgust	fear	happy	sad	surprise	neutral
angry	0.427	0.022	0.129	0.005	0.094	0.238	0.086
neutral	0.289	0.001	0.019	0.007	0.174	0.002	0.508
neutral	0.261	0.004	0.026	0.004	0.223	0.001	0.481
neutral	0.173	0.004	0.028	0.003	0.296	0.000	0.497
neutral	0.142	0.004	0.017	0.003	0.282	0.001	0.550
neutral	0.127	0.003	0.014	0.008	0.319	0.001	0.528
neutral	0.130	0.001	0.016	0.007	0.315	0.002	0.530
neutral	0.113	0.001	0.012	0.007	0.213	0.004	0.650
neutral	0.133	0.004	0.024	0.006	0.285	0.003	0.545
neutral	0.203	0.001	0.018	0.007	0.275	0.003	0.491
sad	0.260	0.001	0.028	0.003	0.422	0.007	0.279
neutral	0.167	0.002	0.016	0.010	0.192	0.006	0.607
sad	0.322	0.004	0.036	0.007	0.383	0.014	0.234
neutral	0.326	0.001	0.026	0.009	0.294	0.016	0.327
neutral	0.232	0.006	0.035	0.002	0.357	0.005	0.364
neutral	0.251	0.008	0.035	0.006	0.300	0.007	0.393
neutral	0.213	0.012	0.028	0.008	0.341	0.006	0.392
neutral	0.296	0.001	0.014	0.023	0.181	0.021	0.465
neutral	0.173	0.001	0.007	0.023	0.157	0.008	0.632
sad	0.341	0.002	0.019	0.009	0.349	0.004	0.274
sad	0.183	0.002	0.018	0.005	0.439	0.001	0.352
neutral	0.118	0.000	0.012	0.029	0.221	0.003	0.616
neutral	0.124	0.001	0.017	0.027	0.229	0.001	0.600
neutral	0.145	0.018	0.045	0.033	0.314	0.002	0.444
sad	0.178	0.022	0.042	0.047	0.358	0.002	0.352
sad	0.259	0.026	0.038	0.011	0.532	0.002	0.131
angry	0.436	0.029	0.082	0.018	0.345	0.003	0.086
angry	0.618	0.012	0.034	0.025	0.194	0.009	0.109
angry	0.639	0.001	0.042	0.007	0.245	0.014	0.053
sad	0.338	0.002	0.058	0.019	0.385	0.012	0.186
sad	0.354	0.019	0.075	0.004	0.427	0.032	0.088
sad	0.298	0.010	0.085	0.006	0.503	0.016	0.081
angry	0.521	0.005	0.085	0.000	0.367	0.001	0.020
sad	0.316	0.002	0.145	0.000	0.479	0.002	0.055
angry	0.487	0.008	0.090	0.001	0.318	0.002	0.094
neutral	0.199	0.003	0.059	0.001	0.335	0.002	0.400
angry	0.428	0.001	0.059	0.002	0.330	0.005	0.175
sad	0.259	0.002	0.095	0.001	0.402	0.004	0.237
neutral	0.356	0.002	0.017	0.014	0.123	0.005	0.484
angry	0.491	0.004	0.034	0.009	0.121	0.008	0.332
neutral	0.329	0.006	0.048	0.015	0.145	0.006	0.451
neutral	0.222	0.015	0.070	0.007	0.227	0.001	0.458
neutral	0.136	0.010	0.034	0.004	0.192	0.002	0.622
neutral	0.182	0.008	0.025	0.005	0.214	0.001	0.564
angry	0.487	0.006	0.052	0.027	0.087	0.002	0.340
neutral	0.317	0.008	0.041	0.033	0.251	0.002	0.348
neutral	0.362	0.024	0.031	0.017	0.188	0.001	0.377
angry	0.363	0.034	0.042	0.015	0.282	0.005	0.259
neutral	0.340	0.024	0.049	0.010	0.231	0.003	0.343
neutral	0.360	0.010	0.028	0.034	0.168	0.003	0.396
angry	0.543	0.007	0.037	0.014	0.217	0.005	0.176
sad	0.266	0.004	0.040	0.003	0.411	0.004	0.273
angry	0.531	0.003	0.057	0.004	0.250	0.006	0.148
angry	0.470	0.002	0.034	0.012	0.216	0.005	0.262
neutral	0.209	0.003	0.026	0.004	0.345	0.002	0.411
angry	0.361	0.001	0.023	0.006	0.303	0.002	0.304
angry	0.513	0.013	0.073	0.008	0.302	0.012	0.079
angry	0.478	0.001	0.055	0.010	0.229	0.008	0.219
angry	0.635	0.003	0.074	0.010	0.175	0.019	0.084
angry	0.447	0.003	0.019	0.012	0.125	0.004	0.390
neutral	0.168	0.000	0.037	0.002	0.264	0.003	0.526
sad	0.133	0.002	0.026	0.002	0.439	0.001	0.398
sad	0.183	0.008	0.033	0.007	0.410	0.001	0.358
neutral	0.144	0.002	0.021	0.006	0.232	0.001	0.594
neutral	0.124	0.002	0.017	0.005	0.317	0.001	0.534
neutral	0.124	0.003	0.024	0.005	0.340	0.001	0.503
neutral	0.114	0.002	0.014	0.005	0.197	0.001	0.668
neutral	0.116	0.002	0.020	0.007	0.401	0.001	0.453
neutral	0.075	0.001	0.009	0.007	0.257	0.000	0.651
neutral	0.130	0.002	0.019	0.003	0.361	0.000	0.486
sad	0.177	0.002	0.032	0.002	0.409	0.001	0.377
sad	0.177	0.003	0.024	0.002	0.491	0.001	0.301
sad	0.224	0.004	0.023	0.002	0.403	0.001	0.344
neutral	0.134	0.007	0.023	0.004	0.349	0.002	0.482
neutral	0.226	0.002	0.010	0.002	0.369	0.000	0.390
neutral	0.079	0.002	0.009	0.004	0.189	0.001	0.715
neutral	0.073	0.002	0.022	0.022	0.243	0.003	0.636
neutral	0.090	0.001	0.013	0.015	0.250	0.002	0.629
neutral	0.107	0.002	0.011	0.005	0.273	0.001	0.602
neutral	0.130	0.001	0.007	0.013	0.224	0.001	0.623
neutral	0.231	0.001	0.021	0.009	0.290	0.004	0.444
sad	0.151	0.003	0.034	0.002	0.446	0.003	0.361
neutral	0.159	0.003	0.034	0.004	0.381	0.005	0.415
sad	0.149	0.004	0.020	0.002	0.424	0.001	0.400
sad	0.342	0.005	0.026	0.002	0.342	0.002	0.282
neutral	0.227	0.003	0.019	0.002	0.356	0.002	0.390
neutral	0.259	0.005	0.018	0.002	0.314	0.003	0.398
neutral	0.277	0.010	0.051	0.009	0.312	0.013	0.328
sad	0.228	0.004	0.031	0.003	0.387	0.006	0.343
angry	0.337	0.009	0.026	0.003	0.292	0.007	0.326
sad	0.312	0.015	0.039	0.003	0.337	0.006	0.288
angry	0.354	0.004	0.026	0.004	0.267	0.010	0.334
neutral	0.337	0.002	0.019	0.005	0.251	0.003	0.384
sad	0.237	0.003	0.070	0.001	0.393	0.005	0.290
neutral	0.149	0.001	0.022	0.001	0.211	0.002	0.615
neutral	0.228	0.002	0.013	0.002	0.286	0.003	0.466
angry	0.575	0.004	0.040	0.002	0.221	0.060	0.099
angry	0.373	0.005	0.032	0.003	0.218	0.016	0.353
neutral	0.157	0.003	0.012	0.004	0.282	0.002	0.541
neutral	0.231	0.004	0.015	0.004	0.181	0.001	0.564
neutral	0.223	0.002	0.022	0.012	0.169	0.003	0.570
angry	0.403	0.003	0.016	0.011	0.167	0.003	0.397
neutral	0.351	0.003	0.018	0.002	0.235	0.002	0.389
neutral	0.092	0.001	0.024	0.006	0.268	0.001	0.609
neutral	0.230	0.001	0.018	0.005	0.331	0.003	0.411
neutral	0.179	0.002	0.019	0.001	0.341	0.001	0.456
neutral	0.239	0.001	0.017	0.002	0.323	0.001	0.417
neutral	0.367	0.000	0.013	0.008	0.192	0.002	0.419
angry	0.466	0.003	0.011	0.017	0.174	0.001	0.328
angry	0.722	0.004	0.016	0.010	0.080	0.002	0.166
neutral	0.227	0.003	0.007	0.010	0.134	0.000	0.619
neutral	0.204	0.001	0.002	0.006	0.086	0.000	0.701
angry	0.581	0.002	0.006	0.023	0.112	0.002	0.274
angry	0.425	0.005	0.020	0.012	0.146	0.004	0.388
angry	0.475	0.002	0.012	0.016	0.138	0.003	0.355
angry	0.715	0.005	0.021	0.003	0.143	0.002	0.111
angry	0.695	0.006	0.028	0.004	0.159	0.004	0.103
angry	0.465	0.017	0.022	0.004	0.211	0.002	0.278
angry	0.474	0.006	0.020	0.002	0.218	0.002	0.278
neutral	0.303	0.001	0.019	0.010	0.197	0.004	0.466
angry	0.754	0.004	0.022	0.002	0.147	0.002	0.069
angry	0.356	0.004	0.027	0.010	0.265	0.004	0.334
angry	0.434	0.008	0.036	0.006	0.304	0.005	0.206
angry	0.393	0.010	0.057	0.002	0.293	0.006	0.239
neutral	0.166	0.001	0.024	0.006	0.319	0.002	0.482
neutral	0.281	0.001	0.015	0.016	0.291	0.018	0.378
angry	0.518	0.001	0.021	0.003	0.245	0.007	0.205
sad	0.272	0.003	0.029	0.001	0.443	0.006	0.245
neutral	0.301	0.002	0.023	0.002	0.304	0.003	0.366
angry	0.469	0.005	0.021	0.001	0.292	0.003	0.209
neutral	0.280	0.000	0.020	0.003	0.306	0.002	0.389
neutral	0.188	0.001	0.012	0.004	0.164	0.001	0.630
neutral	0.229	0.002	0.018	0.006	0.191	0.001	0.554
neutral	0.230	0.001	0.013	0.005	0.259	0.001	0.492
neutral	0.230	0.000	0.016	0.006	0.280	0.002	0.466
angry	0.682	0.001	0.013	0.006	0.150	0.008	0.141
angry	0.535	0.002	0.021	0.003	0.261	0.003	0.176
neutral	0.283	0.004	0.033	0.003	0.283	0.002	0.391
neutral	0.227	0.001	0.008	0.001	0.208	0.001	0.554
neutral	0.226	0.001	0.009	0.002	0.187	0.001	0.574
angry	0.450	0.003	0.041	0.001	0.224	0.009	0.272
angry	0.528	0.007	0.043	0.007	0.172	0.012	0.231
neutral	0.289	0.001	0.009	0.005	0.080	0.000	0.616
angry	0.734	0.003	0.018	0.012	0.058	0.006	0.169
angry	0.621	0.003	0.049	0.009	0.129	0.087	0.101
angry	0.433	0.007	0.036	0.004	0.150	0.004	0.365
neutral	0.358	0.001	0.025	0.003	0.224	0.002	0.388
neutral	0.237	0.001	0.014	0.004	0.134	0.001	0.610
neutral	0.183	0.002	0.012	0.004	0.125	0.001	0.674
neutral	0.132	0.003	0.009	0.007	0.160	0.001	0.688
neutral	0.302	0.003	0.016	0.008	0.168	0.003	0.500
neutral	0.231	0.010	0.025	0.012	0.125	0.000	0.597
angry	0.446	0.008	0.027	0.005	0.131	0.001	0.381
neutral	0.289	0.002	0.007	0.004	0.150	0.001	0.548
angry	0.472	0.002	0.017	0.001	0.203	0.002	0.303
angry	0.401	0.003	0.045	0.001	0.235	0.003	0.313
angry	0.409	0.011	0.036	0.002	0.210	0.006	0.326
neutral	0.211	0.003	0.015	0.002	0.156	0.002	0.612
neutral	0.235	0.001	0.016	0.001	0.207	0.001	0.539
neutral	0.159	0.001	0.014	0.002	0.148	0.000	0.675
neutral	0.160	0.003	0.009	0.003	0.094	0.001	0.729
neutral	0.266	0.003	0.020	0.003	0.154	0.003	0.552
neutral	0.199	0.003	0.008	0.002	0.093	0.000	0.695
neutral	0.276	0.006	0.009	0.005	0.113	0.001	0.591
neutral	0.189	0.001	0.008	0.005	0.176	0.002	0.619
neutral	0.325	0.012	0.048	0.006	0.200	0.009	0.400
angry	0.406	0.016	0.044	0.002	0.209	0.014	0.308
angry	0.475	0.015	0.028	0.003	0.208	0.015	0.257
neutral	0.357	0.020	0.022	0.005	0.164	0.013	0.419
neutral	0.326	0.004	0.022	0.061	0.152	0.003	0.431
neutral	0.344	0.003	0.017	0.010	0.158	0.002	0.466
neutral	0.159	0.002	0.017	0.013	0.160	0.003	0.646
neutral	0.167	0.001	0.010	0.002	0.226	0.001	0.594
neutral	0.119	0.001	0.004	0.001	0.137	0.000	0.738
neutral	0.117	0.001	0.007	0.002	0.122	0.001	0.749
neutral	0.242	0.002	0.030	0.003	0.318	0.007	0.397
neutral	0.258	0.005	0.053	0.004	0.300	0.031	0.349
angry	0.418	0.008	0.046	0.003	0.244	0.024	0.256
angry	0.470	0.016	0.056	0.002	0.278	0.011	0.168
neutral	0.311	0.013	0.057	0.004	0.259	0.007	0.349
neutral	0.186	0.000	0.017	0.004	0.196	0.001	0.595
neutral	0.293	0.005	0.011	0.008	0.148	0.001	0.535
neutral	0.204	0.001	0.009	0.003	0.210	0.000	0.573
neutral	0.311	0.000	0.012	0.001	0.238	0.000	0.438
neutral	0.258	0.001	0.008	0.006	0.191	0.002	0.536
neutral	0.218	0.001	0.023	0.004	0.246	0.001	0.507
neutral	0.174	0.001	0.010	0.007	0.178	0.001	0.629
neutral	0.215	0.001	0.017	0.004	0.244	0.001	0.518
neutral	0.158	0.000	0.011	0.002	0.234	0.000	0.594
neutral	0.221	0.001	0.017	0.002	0.206	0.000	0.553
neutral	0.114	0.001	0.021	0.002	0.197	0.000	0.665
neutral	0.125	0.001	0.010	0.002	0.172	0.000	0.690
neutral	0.147	0.001	0.011	0.003	0.167	0.000	0.671
neutral	0.177	0.000	0.023	0.001	0.259	0.000	0.540
neutral	0.161	0.002	0.014	0.003	0.207	0.001	0.614
neutral	0.090	0.001	0.022	0.002	0.197	0.000	0.686
neutral	0.120	0.001	0.017	0.002	0.153	0.000	0.707
neutral	0.182	0.001	0.025	0.002	0.270	0.000	0.519
neutral	0.246	0.001	0.024	0.001	0.230	0.000	0.497
neutral	0.164	0.003	0.015	0.003	0.199	0.001	0.615
neutral	0.138	0.003	0.030	0.001	0.282	0.001	0.545
neutral	0.103	0.001	0.024	0.001	0.182	0.000	0.688
sad	0.151	0.000	0.035	0.009	0.712	0.004	0.088
neutral	0.169	0.001	0.017	0.001	0.202	0.001	0.609
neutral	0.161	0.002	0.026	0.004	0.383	0.002	0.421
neutral	0.253	0.003	0.038	0.004	0.321	0.001	0.379
neutral	0.184	0.003	0.028	0.001	0.252	0.001	0.530
neutral	0.318	0.002	0.025	0.008	0.269	0.003	0.374
neutral	0.205	0.001	0.035	0.003	0.268	0.002	0.486
neutral	0.196	0.008	0.025	0.003	0.292	0.001	0.475
sad	0.240	0.024	0.048	0.001	0.439	0.001	0.247
neutral	0.202	0.004	0.026	0.002	0.268	0.001	0.497
neutral	0.140	0.008	0.033	0.001	0.362	0.001	0.455
neutral	0.123	0.001	0.020	0.002	0.176	0.002	0.677
neutral	0.106	0.002	0.022	0.002	0.177	0.001	0.689
neutral	0.130	0.004	0.029	0.002	0.274	0.001	0.560
neutral	0.220	0.009	0.042	0.002	0.282	0.001	0.444
sad	0.221	0.016	0.074	0.001	0.508	0.003	0.177
neutral	0.206	0.008	0.022	0.002	0.268	0.001	0.493
sad	0.201	0.024	0.041	0.004	0.402	0.001	0.327
sad	0.186	0.023	0.046	0.001	0.457	0.001	0.287
neutral	0.141	0.001	0.024	0.001	0.242	0.001	0.590
neutral	0.239	0.008	0.033	0.001	0.334	0.001	0.385
sad	0.212	0.007	0.051	0.004	0.395	0.002	0.328
neutral	0.154	0.005	0.043	0.002	0.298	0.001	0.497
neutral	0.157	0.004	0.034	0.002	0.279	0.001	0.523
neutral	0.124	0.003	0.043	0.001	0.354	0.000	0.475
neutral	0.125	0.001	0.020	0.002	0.201	0.001	0.651
neutral	0.206	0.005	0.037	0.003	0.308	0.001	0.440
neutral	0.277	0.005	0.040	0.003	0.264	0.001	0.410
neutral	0.162	0.004	0.028	0.003	0.275	0.002	0.527
sad	0.160	0.008	0.047	0.002	0.471	0.001	0.311
sad	0.137	0.006	0.044	0.001	0.514	0.000	0.298
neutral	0.176	0.002	0.026	0.003	0.262	0.001	0.530
neutral	0.206	0.002	0.027	0.008	0.302	0.003	0.453
sad	0.213	0.017	0.047	0.003	0.481	0.001	0.237
sad	0.149	0.070	0.033	0.004	0.422	0.002	0.321
sad	0.148	0.013	0.032	0.003	0.469	0.001	0.334
neutral	0.169	0.011	0.033	0.007	0.271	0.001	0.507
neutral	0.185	0.005	0.017	0.019	0.225	0.003	0.548
sad	0.172	0.023	0.045	0.003	0.534	0.002	0.221
sad	0.237	0.008	0.061	0.001	0.538	0.001	0.154
sad	0.275	0.004	0.076	0.001	0.477	0.006	0.161
sad	0.158	0.001	0.063	0.002	0.412	0.045	0.319
sad	0.187	0.001	0.064	0.004	0.341	0.095	0.308
sad	0.133	0.000	0.068	0.003	0.397	0.025	0.374
neutral	0.120	0.000	0.109	0.006	0.348	0.051	0.365
neutral	0.188	0.001	0.108	0.006	0.313	0.039	0.346
sad	0.129	0.000	0.144	0.004	0.389	0.039	0.296
neutral	0.155	0.000	0.081	0.008	0.299	0.058	0.398
sad	0.068	0.000	0.114	0.001	0.407	0.033	0.377
sad	0.067	0.000	0.098	0.001	0.414	0.014	0.406
neutral	0.043	0.000	0.071	0.001	0.384	0.010	0.492
sad	0.053	0.000	0.129	0.002	0.460	0.015	0.342
neutral	0.134	0.001	0.063	0.004	0.346	0.021	0.431
sad	0.338	0.023	0.041	0.003	0.401	0.003	0.191
sad	0.148	0.008	0.039	0.003	0.546	0.005	0.251
neutral	0.250	0.005	0.033	0.005	0.337	0.001	0.369
neutral	0.159	0.003	0.014	0.005	0.267	0.001	0.551
neutral	0.119	0.001	0.007	0.002	0.301	0.001	0.569
sad	0.139	0.006	0.032	0.001	0.420	0.001	0.401
neutral	0.173	0.002	0.018	0.010	0.268	0.002	0.527
neutral	0.142	0.002	0.017	0.005	0.377	0.003	0.455
neutral	0.257	0.005	0.032	0.007	0.274	0.004	0.421
neutral	0.244	0.004	0.029	0.005	0.347	0.003	0.369
sad	0.273	0.005	0.026	0.002	0.379	0.003	0.313
angry	0.489	0.004	0.015	0.001	0.269	0.001	0.221
sad	0.253	0.017	0.036	0.002	0.366	0.002	0.325
neutral	0.130	0.002	0.023	0.001	0.325	0.001	0.519
sad	0.196	0.003	0.032	0.001	0.432	0.001	0.335
neutral	0.165	0.007	0.028	0.001	0.324	0.001	0.474
neutral	0.153	0.001	0.015	0.001	0.320	0.001	0.508
neutral	0.271	0.005	0.023	0.001	0.314	0.001	0.385
neutral	0.109	0.002	0.018	0.001	0.276	0.001	0.594
neutral	0.156	0.004	0.022	0.002	0.266	0.001	0.549
sad	0.197	0.003	0.023	0.001	0.444	0.001	0.331
sad	0.161	0.005	0.036	0.001	0.471	0.001	0.326
neutral	0.140	0.009	0.037	0.001	0.306	0.001	0.505
neutral	0.228	0.016	0.030	0.001	0.236	0.001	0.488
neutral	0.167	0.003	0.024	0.002	0.330	0.001	0.472
neutral	0.130	0.013	0.036	0.001	0.298	0.002	0.519
neutral	0.136	0.004	0.029	0.001	0.290	0.001	0.539
sad	0.262	0.003	0.015	0.001	0.365	0.001	0.352
sad	0.167	0.004	0.039	0.001	0.411	0.001	0.377
neutral	0.090	0.007	0.029	0.001	0.432	0.001	0.440
sad	0.286	0.004	0.028	0.001	0.387	0.002	0.291
sad	0.114	0.004	0.031	0.001	0.523	0.001	0.325
neutral	0.094	0.003	0.015	0.001	0.420	0.002	0.465
neutral	0.130	0.002	0.014	0.001	0.415	0.001	0.438
neutral	0.263	0.003	0.020	0.002	0.293	0.001	0.419
neutral	0.143	0.003	0.021	0.004	0.286	0.001	0.541
neutral	0.120	0.005	0.020	0.003	0.281	0.001	0.571
neutral	0.126	0.008	0.021	0.002	0.313	0.001	0.530
neutral	0.126	0.008	0.027	0.001	0.323	0.000	0.514
neutral	0.164	0.003	0.021	0.002	0.292	0.001	0.516
neutral	0.234	0.002	0.008	0.002	0.262	0.002	0.490
neutral	0.144	0.004	0.017	0.001	0.357	0.001	0.475
neutral	0.303	0.001	0.007	0.004	0.292	0.003	0.391
neutral	0.230	0.002	0.012	0.003	0.267	0.002	0.484
neutral	0.193	0.003	0.011	0.002	0.249	0.001	0.542
neutral	0.117	0.011	0.024	0.002	0.300	0.001	0.546
neutral	0.143	0.004	0.012	0.002	0.314	0.001	0.526
neutral	0.156	0.008	0.024	0.002	0.369	0.001	0.441
neutral	0.215	0.001	0.008	0.003	0.223	0.003	0.547
neutral	0.163	0.007	0.028	0.002	0.326	0.001	0.473
angry	0.437	0.002	0.011	0.002	0.284	0.004	0.260
sad	0.206	0.006	0.023	0.001	0.420	0.000	0.343
sad	0.252	0.003	0.024	0.001	0.415	0.001	0.305
sad	0.241	0.004	0.015	0.001	0.477	0.001	0.262
sad	0.198	0.006	0.036	0.001	0.396	0.001	0.363
sad	0.177	0.009	0.023	0.001	0.422	0.001	0.367
sad	0.152	0.007	0.036	0.001	0.407	0.001	0.397
sad	0.156	0.000	0.045	0.056	0.595	0.001	0.148
neutral	0.241	0.009	0.016	0.002	0.262	0.001	0.470
sad	0.195	0.012	0.024	0.000	0.401	0.000	0.367
sad	0.197	0.002	0.019	0.000	0.516	0.001	0.266
sad	0.292	0.007	0.018	0.000	0.455	0.001	0.227
sad	0.220	0.003	0.015	0.001	0.400	0.001	0.360
sad	0.133	0.007	0.033	0.001	0.496	0.001	0.330
sad	0.182	0.004	0.011	0.001	0.402	0.000	0.401
sad	0.140	0.011	0.027	0.001	0.507	0.001	0.314
sad	0.148	0.001	0.012	0.002	0.422	0.001	0.414
neutral	0.113	0.001	0.013	0.002	0.319	0.001	0.551
neutral	0.169	0.001	0.009	0.002	0.398	0.001	0.420
sad	0.147	0.009	0.020	0.001	0.422	0.001	0.401
sad	0.138	0.006	0.020	0.001	0.450	0.001	0.386
neutral	0.166	0.003	0.009	0.002	0.342	0.001	0.477
neutral	0.182	0.004	0.012	0.002	0.319	0.001	0.480
neutral	0.184	0.001	0.013	0.005	0.294	0.001	0.501
neutral	0.268	0.004	0.011	0.001	0.304	0.000	0.412
neutral	0.158	0.002	0.010	0.002	0.302	0.001	0.526
neutral	0.214	0.003	0.013	0.001	0.356	0.000	0.413
sad	0.175	0.005	0.018	0.000	0.490	0.000	0.311
sad	0.165	0.004	0.016	0.000	0.532	0.000	0.282
neutral	0.205	0.001	0.007	0.002	0.280	0.001	0.504
sad	0.234	0.011	0.019	0.001	0.468	0.000	0.267
neutral	0.153	0.002	0.010	0.002	0.282	0.001	0.550
sad	0.184	0.000	0.064	0.037	0.558	0.001	0.158
neutral	0.147	0.001	0.010	0.002	0.355	0.001	0.485
sad	0.230	0.013	0.027	0.000	0.555	0.000	0.174
sad	0.200	0.000	0.052	0.074	0.555	0.000	0.118
sad	0.325	0.003	0.013	0.001	0.402	0.001	0.254
angry	0.359	0.002	0.014	0.001	0.320	0.002	0.302
sad	0.353	0.003	0.015	0.001	0.356	0.001	0.270
neutral	0.270	0.001	0.009	0.004	0.302	0.002	0.411
angry	0.368	0.004	0.015	0.002	0.314	0.002	0.295
angry	0.366	0.002	0.018	0.004	0.279	0.002	0.328
angry	0.475	0.004	0.011	0.003	0.224	0.002	0.281
angry	0.349	0.026	0.032	0.003	0.267	0.002	0.321
neutral	0.178	0.010	0.025	0.002	0.195	0.001	0.590
neutral	0.223	0.018	0.030	0.003	0.207	0.001	0.519
neutral	0.238	0.018	0.033	0.003	0.254	0.001	0.453
neutral	0.299	0.014	0.013	0.004	0.156	0.001	0.513
neutral	0.210	0.013	0.021	0.002	0.289	0.000	0.465
neutral	0.215	0.005	0.027	0.002	0.233	0.001	0.517
neutral	0.189	0.003	0.014	0.005	0.197	0.001	0.591
neutral	0.284	0.005	0.024	0.004	0.187	0.004	0.493
neutral	0.233	0.007	0.023	0.003	0.225	0.004	0.505
neutral	0.315	0.007	0.034	0.004	0.288	0.009	0.344
neutral	0.190	0.003	0.033	0.006	0.299	0.004	0.464
neutral	0.137	0.005	0.021	0.021	0.205	0.003	0.608
neutral	0.187	0.005	0.015	0.008	0.276	0.001	0.507
sad	0.322	0.008	0.023	0.014	0.325	0.007	0.301
sad	0.279	0.005	0.021	0.006	0.355	0.003	0.331
sad	0.239	0.004	0.034	0.006	0.448	0.013	0.256
sad	0.212	0.001	0.022	0.003	0.405	0.004	0.353
neutral	0.150	0.002	0.017	0.026	0.240	0.005	0.560
neutral	0.124	0.001	0.040	0.011	0.296	0.004	0.526
sad	0.090	0.001	0.019	0.001	0.520	0.001	0.368
neutral	0.128	0.002	0.016	0.001	0.371	0.000	0.482
neutral	0.114	0.001	0.022	0.001	0.241	0.001	0.620
neutral	0.193	0.001	0.027	0.001	0.276	0.001	0.501
neutral	0.167	0.001	0.021	0.002	0.336	0.001	0.471
neutral	0.147	0.001	0.013	0.002	0.343	0.001	0.494
neutral	0.177	0.006	0.019	0.002	0.324	0.001	0.472
sad	0.236	0.001	0.012	0.001	0.399	0.001	0.351
neutral	0.195	0.002	0.016	0.001	0.386	0.001	0.398
sad	0.208	0.011	0.025	0.005	0.394	0.002	0.355
neutral	0.211	0.002	0.012	0.002	0.372	0.001	0.400
sad	0.242	0.003	0.019	0.001	0.457	0.001	0.276
sad	0.190	0.002	0.022	0.000	0.525	0.000	0.261
sad	0.210	0.004	0.027	0.001	0.456	0.000	0.302
neutral	0.178	0.005	0.013	0.002	0.363	0.002	0.437
sad	0.190	0.003	0.027	0.001	0.482	0.001	0.296
sad	0.260	0.006	0.021	0.001	0.409	0.001	0.302
sad	0.237	0.005	0.025	0.001	0.427	0.001	0.304
neutral	0.198	0.004	0.014	0.002	0.324	0.002	0.457
sad	0.324	0.012	0.027	0.001	0.399	0.002	0.235
neutral	0.277	0.003	0.013	0.003	0.279	0.006	0.419
angry	0.477	0.005	0.021	0.001	0.298	0.002	0.197
sad	0.295	0.003	0.025	0.001	0.395	0.001	0.280
neutral	0.249	0.003	0.027	0.001	0.355	0.001	0.364
sad	0.302	0.005	0.020	0.001	0.423	0.002	0.247
sad	0.369	0.028	0.019	0.002	0.381	0.004	0.197
sad	0.254	0.002	0.012	0.003	0.364	0.003	0.362
sad	0.373	0.019	0.017	0.001	0.394	0.002	0.194
angry	0.386	0.006	0.008	0.002	0.319	0.004	0.274
angry	0.367	0.013	0.016	0.001	0.281	0.005	0.317
sad	0.303	0.002	0.007	0.002	0.344	0.008	0.335
angry	0.467	0.008	0.012	0.002	0.220	0.003	0.288
angry	0.409	0.002	0.014	0.001	0.374	0.001	0.199
angry	0.477	0.001	0.006	0.002	0.329	0.002	0.183
angry	0.497	0.002	0.010	0.001	0.368	0.002	0.120
angry	0.375	0.002	0.019	0.001	0.361	0.002	0.240
sad	0.298	0.001	0.014	0.001	0.523	0.003	0.161
sad	0.350	0.001	0.010	0.001	0.485	0.001	0.151
sad	0.262	0.001	0.018	0.001	0.540	0.002	0.175
angry	0.611	0.002	0.016	0.000	0.328	0.004	0.038
sad	0.405	0.002	0.023	0.001	0.457	0.005	0.108
sad	0.385	0.001	0.013	0.001	0.451	0.003	0.146
sad	0.272	0.001	0.021	0.001	0.436	0.006	0.264
angry	0.430	0.005	0.028	0.001	0.428	0.002	0.106
sad	0.266	0.025	0.040	0.001	0.579	0.003	0.087
sad	0.211	0.004	0.025	0.001	0.574	0.001	0.185
sad	0.234	0.002	0.032	0.000	0.588	0.001	0.142
sad	0.187	0.003	0.046	0.001	0.620	0.005	0.137
sad	0.242	0.002	0.033	0.002	0.446	0.006	0.269
sad	0.275	0.004	0.022	0.002	0.465	0.003	0.230
sad	0.294	0.006	0.047	0.001	0.530	0.003	0.120
sad	0.229	0.005	0.018	0.001	0.535	0.003	0.209
sad	0.337	0.004	0.027	0.003	0.384	0.002	0.243
sad	0.233	0.004	0.023	0.002	0.506	0.011	0.220
sad	0.213	0.003	0.022	0.002	0.543	0.006	0.211
sad	0.219	0.005	0.032	0.002	0.590	0.006	0.146
sad	0.316	0.024	0.036	0.001	0.488	0.004	0.131
sad	0.357	0.027	0.054	0.000	0.521	0.002	0.038
angry	0.491	0.008	0.033	0.001	0.386	0.004	0.077
angry	0.571	0.011	0.021	0.001	0.313	0.003	0.080
angry	0.529	0.005	0.032	0.000	0.381	0.003	0.049
angry	0.525	0.011	0.014	0.001	0.291	0.004	0.154
angry	0.477	0.007	0.028	0.001	0.343	0.003	0.140
angry	0.598	0.006	0.018	0.000	0.321	0.003	0.053
sad	0.417	0.010	0.042	0.000	0.476	0.002	0.053
sad	0.356	0.007	0.037	0.000	0.530	0.002	0.068
angry	0.461	0.003	0.031	0.000	0.446	0.003	0.055
sad	0.397	0.003	0.011	0.002	0.401	0.007	0.180
angry	0.585	0.006	0.020	0.001	0.324	0.004	0.061
angry	0.582	0.005	0.016	0.001	0.318	0.005	0.072
angry	0.515	0.006	0.029	0.001	0.384	0.004	0.060
angry	0.643	0.004	0.020	0.000	0.273	0.004	0.056
angry	0.469	0.002	0.029	0.001	0.382	0.006	0.110
angry	0.440	0.002	0.015	0.003	0.315	0.010	0.215
angry	0.566	0.003	0.014	0.001	0.296	0.005	0.115
sad	0.345	0.001	0.028	0.001	0.481	0.004	0.140
sad	0.311	0.007	0.036	0.000	0.586	0.001	0.057
sad	0.205	0.003	0.044	0.001	0.653	0.001	0.093
angry	0.452	0.009	0.051	0.001	0.430	0.005	0.053
sad	0.194	0.001	0.038	0.001	0.644	0.002	0.119
sad	0.251	0.018	0.039	0.001	0.615	0.004	0.072
sad	0.288	0.006	0.044	0.001	0.520	0.007	0.134
sad	0.381	0.008	0.052	0.002	0.448	0.008	0.102
angry	0.463	0.017	0.042	0.001	0.394	0.004	0.079
sad	0.185	0.009	0.049	0.001	0.645	0.002	0.109
sad	0.356	0.011	0.050	0.001	0.494	0.003	0.084
angry	0.466	0.011	0.032	0.001	0.387	0.003	0.101
