prediction	angry	disgust	fear	happy	sad	surprise	neutral
sad	0.020	0.000	0.022	0.023	0.523	0.000	0.411
neutral	0.062	0.000	0.053	0.023	0.247	0.009	0.606
neutral	0.017	0.000	0.062	0.016	0.450	0.003	0.452
neutral	0.041	0.000	0.054	0.006	0.425	0.001	0.472
neutral	0.037	0.000	0.044	0.006	0.329	0.000	0.583
neutral	0.037	0.000	0.053	0.007	0.297	0.001	0.605
neutral	0.058	0.000	0.047	0.010	0.264	0.001	0.619
neutral	0.052	0.000	0.035	0.016	0.240	0.001	0.656
neutral	0.048	0.000	0.055	0.015	0.263	0.002	0.617
neutral	0.063	0.000	0.033	0.013	0.231	0.001	0.658
neutral	0.048	0.000	0.038	0.027	0.263	0.001	0.623
neutral	0.052	0.000	0.044	0.009	0.332	0.002	0.562
neutral	0.057	0.000	0.045	0.012	0.372	0.002	0.512
neutral	0.038	0.000	0.022	0.012	0.283	0.000	0.644
neutral	0.046	0.000	0.020	0.011	0.226	0.001	0.696
neutral	0.053	0.000	0.023	0.016	0.182	0.001	0.725
neutral	0.078	0.002	0.054	0.021	0.377	0.002	0.467
neutral	0.078	0.000	0.043	0.035	0.244	0.001	0.599
neutral	0.121	0.000	0.052	0.048	0.221	0.002	0.556
neutral	0.120	0.001	0.055	0.022	0.366	0.005	0.432
neutral	0.136	0.005	0.124	0.024	0.293	0.006	0.412
sad	0.153	0.000	0.139	0.013	0.350	0.013	0.332
neutral	0.093	0.003	0.069	0.025	0.296	0.009	0.505
sad	0.087	0.001	0.244	0.020	0.391	0.018	0.240
neutral	0.096	0.001	0.104	0.039	0.274	0.030	0.455
neutral	0.126	0.001	0.138	0.020	0.348	0.011	0.357
neutral	0.091	0.002	0.168	0.035	0.343	0.013	0.348
sad	0.079	0.001	0.202	0.017	0.441	0.029	0.232
sad	0.129	0.001	0.127	0.039	0.351	0.009	0.344
sad	0.122	0.001	0.167	0.019	0.394	0.008	0.290
sad	0.041	0.000	0.232	0.007	0.492	0.012	0.216
sad	0.050	0.000	0.293	0.000	0.624	0.006	0.026
sad	0.034	0.000	0.343	0.001	0.573	0.018	0.031
sad	0.026	0.000	0.310	0.000	0.642	0.005	0.016
sad	0.025	0.000	0.455	0.000	0.494	0.008	0.017
fear	0.030	0.000	0.479	0.002	0.436	0.016	0.036
sad	0.042	0.000	0.311	0.002	0.586	0.002	0.057
sad	0.038	0.001	0.207	0.002	0.695	0.002	0.056
sad	0.057	0.000	0.242	0.001	0.653	0.002	0.044
sad	0.048	0.000	0.249	0.001	0.662	0.002	0.038
sad	0.047	0.000	0.328	0.002	0.571	0.007	0.045
fear	0.041	0.000	0.514	0.001	0.404	0.014	0.027
sad	0.048	0.000	0.312	0.001	0.613	0.003	0.023
sad	0.067	0.000	0.218	0.002	0.658	0.002	0.053
sad	0.066	0.000	0.207	0.001	0.677	0.002	0.047
sad	0.055	0.001	0.083	0.002	0.789	0.000	0.071
sad	0.093	0.003	0.152	0.002	0.675	0.001	0.074
sad	0.076	0.001	0.126	0.006	0.586	0.001	0.203
sad	0.088	0.000	0.102	0.004	0.584	0.001	0.221
sad	0.068	0.000	0.210	0.007	0.457	0.011	0.247
sad	0.082	0.000	0.132	0.013	0.475	0.003	0.295
sad	0.053	0.000	0.251	0.010	0.517	0.008	0.160
sad	0.051	0.000	0.132	0.005	0.668	0.002	0.141
sad	0.061	0.001	0.058	0.011	0.593	0.001	0.274
sad	0.065	0.000	0.095	0.011	0.556	0.003	0.270
sad	0.062	0.001	0.057	0.006	0.725	0.001	0.148
sad	0.048	0.000	0.096	0.013	0.470	0.005	0.368
sad	0.058	0.000	0.083	0.008	0.626	0.002	0.221
sad	0.056	0.001	0.093	0.010	0.572	0.003	0.265
sad	0.064	0.000	0.097	0.008	0.628	0.003	0.200
sad	0.054	0.000	0.153	0.011	0.505	0.005	0.272
sad	0.044	0.000	0.145	0.006	0.624	0.003	0.177
sad	0.059	0.000	0.107	0.012	0.535	0.003	0.285
sad	0.044	0.000	0.166	0.010	0.459	0.008	0.313
sad	0.100	0.000	0.077	0.011	0.577	0.003	0.231
sad	0.060	0.000	0.090	0.017	0.415	0.006	0.412
sad	0.055	0.000	0.152	0.007	0.442	0.006	0.337
sad	0.084	0.000	0.079	0.013	0.523	0.004	0.297
sad	0.046	0.000	0.182	0.005	0.552	0.006	0.210
sad	0.048	0.000	0.141	0.008	0.481	0.005	0.316
sad	0.050	0.000	0.118	0.011	0.449	0.006	0.365
sad	0.049	0.000	0.150	0.013	0.396	0.004	0.388
sad	0.039	0.000	0.106	0.024	0.453	0.003	0.375
sad	0.049	0.000	0.110	0.008	0.562	0.002	0.269
sad	0.071	0.001	0.059	0.020	0.512	0.002	0.335
sad	0.045	0.000	0.145	0.009	0.405	0.011	0.384
neutral	0.061	0.000	0.091	0.026	0.329	0.004	0.489
neutral	0.036	0.000	0.076	0.018	0.217	0.003	0.649
neutral	0.056	0.000	0.034	0.025	0.322	0.001	0.562
neutral	0.087	0.000	0.072	0.014	0.405	0.002	0.420
sad	0.072	0.001	0.130	0.020	0.500	0.002	0.276
sad	0.116	0.001	0.098	0.029	0.492	0.005	0.259
neutral	0.101	0.001	0.102	0.031	0.364	0.003	0.399
sad	0.038	0.000	0.039	0.014	0.595	0.000	0.313
sad	0.075	0.001	0.126	0.014	0.578	0.004	0.201
sad	0.103	0.001	0.175	0.023	0.455	0.014	0.230
sad	0.106	0.001	0.311	0.006	0.446	0.021	0.110
sad	0.068	0.001	0.297	0.013	0.426	0.046	0.150
sad	0.058	0.000	0.248	0.018	0.364	0.082	0.229
neutral	0.033	0.000	0.053	0.054	0.276	0.003	0.581
neutral	0.071	0.001	0.027	0.072	0.359	0.001	0.469
sad	0.120	0.000	0.198	0.037	0.368	0.027	0.248
sad	0.042	0.001	0.181	0.049	0.372	0.012	0.343
sad	0.061	0.001	0.206	0.023	0.414	0.011	0.283
neutral	0.035	0.000	0.178	0.029	0.367	0.007	0.385
sad	0.075	0.002	0.142	0.020	0.441	0.006	0.314
sad	0.108	0.003	0.100	0.027	0.385	0.006	0.370
sad	0.110	0.002	0.094	0.026	0.426	0.003	0.341
sad	0.079	0.000	0.136	0.009	0.510	0.003	0.263
neutral	0.072	0.000	0.044	0.019	0.370	0.001	0.494
sad	0.117	0.001	0.073	0.020	0.398	0.003	0.389
sad	0.068	0.001	0.064	0.018	0.531	0.002	0.315
sad	0.078	0.000	0.036	0.005	0.593	0.000	0.287
sad	0.072	0.013	0.082	0.031	0.651	0.002	0.149
sad	0.083	0.001	0.052	0.019	0.637	0.001	0.206
sad	0.100	0.001	0.104	0.014	0.633	0.001	0.147
fear	0.136	0.000	0.400	0.008	0.389	0.011	0.054
sad	0.073	0.001	0.346	0.013	0.466	0.007	0.094
sad	0.080	0.001	0.044	0.039	0.455	0.001	0.380
sad	0.067	0.000	0.033	0.033	0.481	0.000	0.386
sad	0.033	0.000	0.112	0.013	0.553	0.003	0.286
sad	0.046	0.000	0.305	0.004	0.579	0.006	0.060
fear	0.142	0.001	0.400	0.005	0.382	0.011	0.060
fear	0.063	0.000	0.438	0.008	0.367	0.019	0.105
sad	0.138	0.001	0.335	0.008	0.428	0.012	0.079
sad	0.054	0.000	0.361	0.007	0.482	0.011	0.084
sad	0.091	0.001	0.301	0.011	0.459	0.016	0.122
sad	0.077	0.002	0.339	0.005	0.479	0.013	0.087
sad	0.084	0.001	0.310	0.006	0.520	0.019	0.059
sad	0.056	0.000	0.252	0.013	0.620	0.011	0.048
sad	0.117	0.000	0.214	0.010	0.590	0.005	0.063
sad	0.071	0.001	0.320	0.005	0.532	0.009	0.064
sad	0.072	0.000	0.106	0.005	0.685	0.001	0.131
sad	0.052	0.000	0.123	0.012	0.651	0.002	0.159
sad	0.067	0.001	0.184	0.017	0.542	0.004	0.185
sad	0.078	0.003	0.142	0.045	0.525	0.004	0.202
sad	0.070	0.002	0.221	0.019	0.543	0.007	0.138
sad	0.098	0.002	0.204	0.072	0.409	0.005	0.211
sad	0.072	0.000	0.143	0.015	0.585	0.003	0.181
sad	0.059	0.000	0.081	0.014	0.641	0.001	0.204
sad	0.080	0.000	0.057	0.021	0.562	0.001	0.279
sad	0.082	0.000	0.048	0.041	0.538	0.001	0.290
sad	0.072	0.002	0.271	0.025	0.453	0.019	0.159
sad	0.065	0.001	0.217	0.005	0.442	0.008	0.263
sad	0.059	0.001	0.112	0.073	0.380	0.003	0.372
sad	0.062	0.003	0.102	0.046	0.464	0.003	0.320
sad	0.050	0.001	0.124	0.015	0.561	0.002	0.247
sad	0.059	0.001	0.121	0.016	0.547	0.003	0.253
sad	0.063	0.000	0.143	0.013	0.414	0.006	0.360
sad	0.075	0.001	0.156	0.032	0.443	0.009	0.284
sad	0.053	0.000	0.125	0.022	0.478	0.004	0.319
sad	0.055	0.002	0.091	0.055	0.457	0.001	0.340
sad	0.049	0.000	0.028	0.011	0.767	0.000	0.145
sad	0.127	0.004	0.153	0.037	0.528	0.004	0.147
sad	0.097	0.002	0.175	0.021	0.489	0.009	0.207
sad	0.049	0.001	0.171	0.006	0.569	0.012	0.192
sad	0.068	0.001	0.132	0.011	0.586	0.006	0.197
sad	0.091	0.001	0.200	0.019	0.523	0.006	0.159
sad	0.047	0.000	0.156	0.006	0.489	0.011	0.290
sad	0.071	0.001	0.168	0.018	0.463	0.012	0.267
sad	0.061	0.001	0.209	0.023	0.436	0.021	0.249
sad	0.051	0.001	0.132	0.171	0.390	0.007	0.246
sad	0.059	0.000	0.160	0.017	0.598	0.004	0.162
sad	0.055	0.001	0.132	0.030	0.542	0.002	0.238
sad	0.063	0.001	0.092	0.016	0.699	0.001	0.129
sad	0.087	0.001	0.155	0.006	0.636	0.004	0.111
sad	0.045	0.003	0.204	0.014	0.647	0.004	0.083
sad	0.071	0.002	0.138	0.020	0.601	0.004	0.163
sad	0.087	0.001	0.125	0.010	0.603	0.002	0.172
sad	0.071	0.001	0.098	0.015	0.628	0.001	0.186
sad	0.063	0.001	0.070	0.005	0.686	0.001	0.174
sad	0.059	0.004	0.205	0.013	0.575	0.009	0.134
sad	0.072	0.009	0.208	0.015	0.575	0.011	0.109
sad	0.075	0.003	0.137	0.018	0.642	0.002	0.124
sad	0.072	0.002	0.144	0.032	0.581	0.002	0.168
sad	0.037	0.001	0.136	0.010	0.540	0.004	0.271
sad	0.048	0.001	0.211	0.007	0.409	0.008	0.317
sad	0.089	0.001	0.207	0.013	0.366	0.005	0.318
sad	0.055	0.004	0.119	0.055	0.481	0.003	0.283
sad	0.056	0.003	0.127	0.033	0.578	0.003	0.201
sad	0.073	0.003	0.101	0.015	0.605	0.003	0.200
sad	0.040	0.002	0.076	0.005	0.512	0.001	0.364
sad	0.029	0.000	0.048	0.005	0.470	0.001	0.446
neutral	0.046	0.000	0.087	0.013	0.418	0.001	0.434
neutral	0.049	0.001	0.092	0.028	0.261	0.002	0.567
sad	0.169	0.004	0.065	0.029	0.427	0.003	0.303
sad	0.139	0.000	0.156	0.010	0.562	0.006	0.127
sad	0.098	0.000	0.139	0.029	0.578	0.013	0.143
sad	0.178	0.000	0.137	0.089	0.404	0.079	0.112
neutral	0.212	0.000	0.161	0.102	0.153	0.108	0.264
neutral	0.139	0.001	0.117	0.069	0.196	0.066	0.413
neutral	0.061	0.000	0.064	0.114	0.094	0.031	0.635
neutral	0.037	0.000	0.069	0.044	0.168	0.012	0.671
neutral	0.019	0.000	0.031	0.037	0.199	0.002	0.711
neutral	0.038	0.000	0.037	0.018	0.422	0.002	0.482
neutral	0.034	0.000	0.024	0.013	0.356	0.001	0.572
neutral	0.025	0.000	0.039	0.021	0.322	0.001	0.591
sad	0.072	0.000	0.027	0.010	0.533	0.001	0.358
sad	0.078	0.000	0.027	0.005	0.607	0.001	0.283
sad	0.060	0.000	0.049	0.015	0.588	0.001	0.287
neutral	0.049	0.000	0.024	0.036	0.419	0.003	0.469
neutral	0.041	0.000	0.015	0.021	0.447	0.001	0.476
neutral	0.051	0.000	0.019	0.020	0.282	0.002	0.627
neutral	0.026	0.000	0.017	0.016	0.321	0.001	0.619
neutral	0.026	0.000	0.014	0.021	0.175	0.001	0.763
neutral	0.034	0.000	0.019	0.011	0.292	0.002	0.643
neutral	0.058	0.000	0.027	0.012	0.337	0.002	0.564
neutral	0.059	0.000	0.034	0.023	0.353	0.001	0.529
neutral	0.026	0.000	0.012	0.022	0.235	0.001	0.704
neutral	0.018	0.000	0.008	0.028	0.292	0.000	0.653
neutral	0.040	0.000	0.010	0.029	0.341	0.000	0.579
neutral	0.069	0.000	0.009	0.028	0.377	0.000	0.517
neutral	0.076	0.000	0.014	0.038	0.222	0.000	0.650
neutral	0.095	0.000	0.009	0.030	0.252	0.000	0.615
neutral	0.139	0.000	0.013	0.036	0.235	0.000	0.576
neutral	0.022	0.000	0.006	0.038	0.071	0.000	0.863
neutral	0.034	0.000	0.026	0.009	0.118	0.000	0.813
neutral	0.036	0.000	0.013	0.008	0.072	0.000	0.872
neutral	0.025	0.000	0.020	0.006	0.087	0.000	0.862
neutral	0.029	0.000	0.025	0.013	0.146	0.000	0.788
neutral	0.018	0.000	0.020	0.071	0.218	0.000	0.671
neutral	0.018	0.000	0.021	0.089	0.271	0.001	0.600
neutral	0.018	0.000	0.039	0.094	0.158	0.002	0.689
neutral	0.021	0.000	0.026	0.086	0.160	0.001	0.707
neutral	0.030	0.000	0.013	0.105	0.169	0.001	0.682
neutral	0.018	0.000	0.020	0.196	0.351	0.001	0.413
neutral	0.010	0.000	0.012	0.180	0.330	0.001	0.467
neutral	0.008	0.000	0.008	0.353	0.212	0.000	0.419
happy	0.009	0.000	0.012	0.698	0.109	0.001	0.172
neutral	0.025	0.000	0.042	0.308	0.221	0.001	0.403
neutral	0.019	0.000	0.031	0.184	0.196	0.001	0.568
neutral	0.020	0.000	0.047	0.173	0.175	0.003	0.582
sad	0.152	0.010	0.078	0.011	0.605	0.001	0.142
sad	0.291	0.040	0.045	0.023	0.468	0.002	0.131
sad	0.210	0.068	0.039	0.011	0.578	0.001	0.094
sad	0.300	0.064	0.058	0.031	0.445	0.002	0.100
sad	0.264	0.031	0.091	0.037	0.466	0.002	0.109
sad	0.252	0.034	0.077	0.044	0.522	0.002	0.068
sad	0.168	0.023	0.068	0.040	0.610	0.002	0.089
sad	0.235	0.019	0.109	0.027	0.560	0.003	0.048
sad	0.205	0.019	0.107	0.064	0.504	0.003	0.098
sad	0.342	0.008	0.115	0.071	0.379	0.003	0.082
angry	0.346	0.008	0.107	0.155	0.250	0.003	0.132
sad	0.247	0.006	0.121	0.140	0.327	0.004	0.156
sad	0.210	0.005	0.128	0.105	0.437	0.006	0.111
sad	0.237	0.003	0.147	0.041	0.461	0.008	0.104
sad	0.190	0.002	0.156	0.072	0.474	0.007	0.099
sad	0.143	0.004	0.198	0.025	0.545	0.004	0.082
sad	0.067	0.000	0.386	0.006	0.432	0.031	0.079
sad	0.046	0.001	0.061	0.022	0.526	0.002	0.342
sad	0.124	0.001	0.053	0.032	0.557	0.003	0.230
sad	0.058	0.000	0.027	0.015	0.669	0.000	0.229
sad	0.064	0.002	0.036	0.036	0.593	0.001	0.269
sad	0.048	0.001	0.027	0.036	0.499	0.000	0.390
sad	0.060	0.001	0.035	0.030	0.521	0.000	0.353
sad	0.075	0.002	0.029	0.036	0.664	0.000	0.195
sad	0.057	0.000	0.051	0.016	0.690	0.001	0.186
sad	0.073	0.001	0.035	0.049	0.586	0.001	0.255
sad	0.061	0.001	0.052	0.030	0.650	0.000	0.205
sad	0.048	0.002	0.034	0.045	0.667	0.000	0.203
sad	0.060	0.001	0.051	0.034	0.653	0.000	0.201
sad	0.043	0.001	0.044	0.048	0.603	0.001	0.261
sad	0.042	0.001	0.056	0.032	0.675	0.000	0.192
sad	0.046	0.001	0.036	0.063	0.447	0.001	0.406
sad	0.032	0.001	0.050	0.030	0.703	0.000	0.185
sad	0.032	0.001	0.037	0.032	0.631	0.000	0.268
sad	0.027	0.001	0.042	0.056	0.657	0.000	0.216
sad	0.068	0.004	0.043	0.018	0.697	0.000	0.170
sad	0.051	0.002	0.118	0.035	0.486	0.004	0.304
neutral	0.036	0.001	0.074	0.078	0.347	0.005	0.459
neutral	0.072	0.002	0.037	0.098	0.281	0.003	0.508
neutral	0.068	0.001	0.053	0.074	0.193	0.010	0.601
neutral	0.036	0.001	0.050	0.079	0.333	0.004	0.496
sad	0.032	0.000	0.038	0.040	0.569	0.001	0.320
neutral	0.074	0.001	0.038	0.025	0.388	0.003	0.471
neutral	0.068	0.002	0.033	0.041	0.320	0.001	0.534
neutral	0.081	0.001	0.033	0.037	0.302	0.002	0.545
neutral	0.088	0.001	0.042	0.036	0.368	0.002	0.464
neutral	0.051	0.001	0.048	0.073	0.273	0.004	0.550
neutral	0.050	0.001	0.040	0.075	0.271	0.003	0.560
neutral	0.045	0.000	0.040	0.033	0.364	0.002	0.516
neutral	0.053	0.001	0.031	0.049	0.343	0.003	0.520
neutral	0.068	0.001	0.044	0.051	0.381	0.003	0.452
neutral	0.048	0.000	0.032	0.062	0.360	0.002	0.495
neutral	0.041	0.000	0.063	0.048	0.312	0.004	0.532
neutral	0.051	0.000	0.049	0.059	0.270	0.006	0.565
neutral	0.045	0.000	0.066	0.066	0.254	0.004	0.566
neutral	0.038	0.000	0.026	0.041	0.293	0.003	0.599
neutral	0.037	0.000	0.027	0.052	0.373	0.002	0.509
neutral	0.042	0.000	0.046	0.066	0.283	0.003	0.559
neutral	0.033	0.001	0.033	0.053	0.391	0.002	0.487
neutral	0.046	0.000	0.037	0.038	0.371	0.003	0.506
neutral	0.022	0.001	0.051	0.045	0.367	0.003	0.511
neutral	0.025	0.000	0.035	0.041	0.382	0.002	0.516
neutral	0.043	0.001	0.027	0.057	0.399	0.001	0.471
neutral	0.033	0.001	0.045	0.028	0.432	0.001	0.459
neutral	0.037	0.000	0.035	0.030	0.408	0.001	0.488
neutral	0.033	0.001	0.030	0.037	0.393	0.001	0.506
neutral	0.052	0.001	0.027	0.020	0.427	0.001	0.473
neutral	0.041	0.000	0.025	0.048	0.247	0.002	0.637
neutral	0.045	0.000	0.022	0.037	0.238	0.002	0.654
neutral	0.024	0.000	0.037	0.032	0.381	0.001	0.525
neutral	0.038	0.000	0.024	0.047	0.293	0.002	0.596
neutral	0.031	0.000	0.064	0.072	0.402	0.003	0.428
neutral	0.075	0.001	0.069	0.063	0.297	0.004	0.490
neutral	0.044	0.000	0.068	0.075	0.297	0.005	0.511
sad	0.030	0.000	0.034	0.023	0.470	0.001	0.441
neutral	0.050	0.000	0.036	0.047	0.384	0.002	0.481
neutral	0.034	0.000	0.046	0.035	0.332	0.002	0.551
neutral	0.039	0.001	0.058	0.088	0.327	0.004	0.484
sad	0.020	0.000	0.027	0.030	0.678	0.000	0.244
sad	0.053	0.003	0.045	0.065	0.579	0.001	0.253
sad	0.022	0.001	0.063	0.050	0.560	0.001	0.302
sad	0.057	0.001	0.035	0.033	0.473	0.001	0.400
sad	0.040	0.001	0.033	0.032	0.499	0.001	0.394
neutral	0.032	0.000	0.019	0.035	0.402	0.001	0.512
neutral	0.051	0.001	0.018	0.031	0.426	0.000	0.473
sad	0.070	0.001	0.045	0.052	0.435	0.002	0.395
neutral	0.062	0.001	0.034	0.043	0.396	0.001	0.463
neutral	0.048	0.001	0.063	0.059	0.388	0.002	0.439
neutral	0.031	0.000	0.057	0.052	0.401	0.002	0.457
neutral	0.052	0.000	0.024	0.061	0.348	0.001	0.513
neutral	0.058	0.001	0.045	0.061	0.333	0.003	0.499
neutral	0.053	0.001	0.037	0.072	0.370	0.001	0.466
neutral	0.044	0.000	0.041	0.053	0.423	0.002	0.437
neutral	0.038	0.001	0.036	0.057	0.402	0.002	0.463
neutral	0.044	0.001	0.048	0.177	0.259	0.003	0.468
sad	0.074	0.002	0.059	0.095	0.406	0.002	0.363
neutral	0.053	0.002	0.032	0.165	0.328	0.002	0.419
sad	0.080	0.001	0.038	0.110	0.422	0.003	0.347
neutral	0.056	0.001	0.022	0.247	0.265	0.001	0.408
neutral	0.070	0.001	0.022	0.217	0.251	0.002	0.438
sad	0.078	0.002	0.019	0.121	0.460	0.001	0.318
neutral	0.125	0.006	0.044	0.172	0.316	0.004	0.334
neutral	0.122	0.006	0.035	0.118	0.346	0.002	0.371
neutral	0.033	0.001	0.042	0.090	0.330	0.004	0.499
sad	0.017	0.000	0.019	0.066	0.589	0.001	0.308
neutral	0.052	0.000	0.015	0.211	0.195	0.001	0.526
neutral	0.060	0.000	0.012	0.358	0.113	0.003	0.453
happy	0.037	0.000	0.007	0.515	0.109	0.001	0.330
happy	0.047	0.000	0.023	0.517	0.136	0.003	0.273
sad	0.091	0.000	0.201	0.125	0.379	0.038	0.166
happy	0.098	0.000	0.193	0.274	0.247	0.048	0.140
fear	0.103	0.001	0.278	0.210	0.174	0.090	0.144
sad	0.064	0.000	0.189	0.057	0.471	0.018	0.200
sad	0.064	0.000	0.280	0.055	0.408	0.016	0.176
sad	0.064	0.000	0.257	0.038	0.473	0.013	0.154
sad	0.058	0.000	0.176	0.073	0.353	0.016	0.324
neutral	0.051	0.000	0.137	0.106	0.286	0.010	0.410
sad	0.039	0.000	0.150	0.036	0.485	0.006	0.284
sad	0.069	0.000	0.102	0.049	0.399	0.008	0.373
neutral	0.087	0.001	0.063	0.045	0.366	0.002	0.437
sad	0.060	0.001	0.094	0.046	0.544	0.003	0.252
sad	0.047	0.000	0.147	0.030	0.470	0.009	0.296
sad	0.061	0.000	0.071	0.013	0.556	0.004	0.295
sad	0.044	0.001	0.126	0.057	0.426	0.010	0.336
neutral	0.062	0.000	0.065	0.036	0.367	0.005	0.465
sad	0.061	0.001	0.124	0.048	0.397	0.008	0.361
sad	0.057	0.000	0.120	0.026	0.472	0.006	0.319
sad	0.055	0.001	0.117	0.039	0.478	0.005	0.305
sad	0.047	0.000	0.111	0.015	0.566	0.002	0.260
sad	0.046	0.001	0.087	0.040	0.475	0.003	0.348
sad	0.049	0.000	0.089	0.031	0.495	0.004	0.332
sad	0.046	0.000	0.112	0.025	0.467	0.004	0.347
sad	0.055	0.001	0.073	0.041	0.439	0.006	0.385
sad	0.067	0.000	0.067	0.024	0.532	0.002	0.306
sad	0.043	0.000	0.098	0.023	0.433	0.003	0.400
sad	0.073	0.001	0.070	0.040	0.456	0.003	0.356
sad	0.061	0.000	0.097	0.041	0.472	0.007	0.320
neutral	0.079	0.000	0.070	0.092	0.321	0.013	0.423
neutral	0.061	0.000	0.114	0.046	0.349	0.012	0.419
sad	0.062	0.000	0.091	0.030	0.438	0.007	0.372
neutral	0.060	0.001	0.121	0.087	0.323	0.009	0.399
sad	0.090	0.001	0.073	0.022	0.533	0.002	0.279
sad	0.059	0.000	0.119	0.035	0.474	0.004	0.308
neutral	0.034	0.000	0.049	0.062	0.373	0.003	0.479
sad	0.057	0.000	0.057	0.047	0.434	0.002	0.404
sad	0.063	0.001	0.035	0.030	0.469	0.002	0.400
sad	0.054	0.000	0.048	0.066	0.434	0.003	0.395
sad	0.066	0.000	0.065	0.015	0.663	0.001	0.190
sad	0.087	0.001	0.052	0.029	0.520	0.002	0.310
sad	0.067	0.000	0.056	0.042	0.422	0.004	0.408
sad	0.050	0.000	0.076	0.024	0.570	0.002	0.278
sad	0.062	0.000	0.069	0.026	0.673	0.002	0.168
sad	0.062	0.001	0.038	0.012	0.648	0.001	0.239
sad	0.048	0.000	0.071	0.012	0.675	0.002	0.192
sad	0.031	0.000	0.095	0.006	0.676	0.001	0.190
sad	0.022	0.000	0.025	0.024	0.742	0.000	0.187
sad	0.023	0.000	0.049	0.010	0.686	0.000	0.232
sad	0.035	0.000	0.058	0.008	0.742	0.001	0.155
sad	0.043	0.001	0.031	0.044	0.541	0.001	0.340
sad	0.053	0.001	0.031	0.023	0.652	0.001	0.241
sad	0.048	0.001	0.039	0.032	0.547	0.001	0.333
sad	0.070	0.000	0.050	0.028	0.557	0.002	0.294
sad	0.052	0.001	0.054	0.025	0.623	0.001	0.243
sad	0.034	0.000	0.045	0.008	0.705	0.001	0.207
sad	0.056	0.001	0.032	0.029	0.540	0.001	0.342
sad	0.068	0.000	0.027	0.018	0.612	0.001	0.274
sad	0.094	0.000	0.027	0.030	0.541	0.001	0.306
sad	0.054	0.001	0.035	0.023	0.580	0.001	0.305
sad	0.067	0.001	0.052	0.014	0.661	0.001	0.205
sad	0.058	0.000	0.047	0.011	0.693	0.001	0.190
sad	0.039	0.000	0.039	0.013	0.664	0.001	0.244
neutral	0.051	0.001	0.028	0.040	0.431	0.001	0.448
sad	0.048	0.000	0.048	0.038	0.513	0.001	0.352
sad	0.041	0.000	0.043	0.009	0.682	0.001	0.225
sad	0.075	0.001	0.037	0.029	0.511	0.001	0.345
sad	0.043	0.001	0.048	0.019	0.504	0.001	0.383
sad	0.053	0.001	0.051	0.024	0.462	0.002	0.408
sad	0.049	0.000	0.051	0.029	0.552	0.002	0.317
sad	0.061	0.000	0.086	0.007	0.678	0.002	0.166
sad	0.065	0.001	0.037	0.023	0.575	0.001	0.299
sad	0.072	0.001	0.047	0.027	0.530	0.001	0.322
sad	0.042	0.000	0.060	0.017	0.623	0.001	0.257
sad	0.067	0.001	0.047	0.041	0.456	0.002	0.388
neutral	0.061	0.000	0.039	0.045	0.346	0.002	0.506
sad	0.047	0.000	0.060	0.012	0.754	0.001	0.126
sad	0.076	0.001	0.031	0.011	0.697	0.000	0.184
sad	0.057	0.000	0.034	0.018	0.631	0.001	0.259
sad	0.037	0.000	0.062	0.004	0.760	0.001	0.135
sad	0.073	0.001	0.042	0.035	0.541	0.001	0.308
neutral	0.067	0.000	0.048	0.046	0.371	0.002	0.466
sad	0.060	0.000	0.052	0.021	0.618	0.001	0.247
sad	0.057	0.000	0.044	0.021	0.613	0.001	0.264
sad	0.057	0.000	0.066	0.037	0.484	0.003	0.352
sad	0.036	0.000	0.067	0.035	0.593	0.002	0.266
sad	0.061	0.000	0.034	0.024	0.590	0.001	0.289
sad	0.034	0.000	0.051	0.008	0.732	0.001	0.174
