prediction	angry	disgust	fear	happy	sad	surprise	neutral
neutral	0.026	0.000	0.000	0.226	0.012	0.000	0.736
neutral	0.075	0.000	0.002	0.206	0.068	0.000	0.649
neutral	0.160	0.000	0.001	0.068	0.079	0.000	0.692
neutral	0.094	0.000	0.000	0.074	0.052	0.000	0.780
neutral	0.064	0.000	0.001	0.104	0.080	0.000	0.750
neutral	0.212	0.000	0.001	0.057	0.162	0.000	0.567
neutral	0.119	0.000	0.002	0.104	0.141	0.000	0.634
neutral	0.141	0.000	0.002	0.192	0.146	0.000	0.518
neutral	0.116	0.000	0.002	0.343	0.133	0.001	0.404
happy	0.050	0.000	0.001	0.481	0.061	0.001	0.407
neutral	0.056	0.000	0.001	0.381	0.071	0.000	0.491
neutral	0.089	0.000	0.001	0.185	0.151	0.000	0.574
neutral	0.059	0.000	0.001	0.369	0.115	0.000	0.456
neutral	0.046	0.000	0.000	0.368	0.065	0.000	0.520
neutral	0.027	0.000	0.001	0.387	0.033	0.000	0.551
happy	0.011	0.000	0.000	0.789	0.018	0.000	0.182
happy	0.016	0.000	0.000	0.624	0.027	0.000	0.333
happy	0.020	0.000	0.000	0.483	0.016	0.000	0.481
neutral	0.022	0.000	0.001	0.410	0.028	0.000	0.539
happy	0.024	0.000	0.001	0.669	0.022	0.000	0.284
neutral	0.051	0.000	0.002	0.082	0.084	0.000	0.781
neutral	0.081	0.000	0.002	0.395	0.102	0.000	0.420
neutral	0.056	0.000	0.001	0.198	0.097	0.000	0.648
neutral	0.146	0.000	0.002	0.215	0.155	0.000	0.482
neutral	0.096	0.000	0.002	0.213	0.115	0.000	0.574
neutral	0.068	0.000	0.001	0.176	0.070	0.000	0.685
neutral	0.046	0.000	0.001	0.254	0.057	0.000	0.642
neutral	0.026	0.000	0.001	0.431	0.047	0.000	0.495
neutral	0.020	0.000	0.003	0.445	0.037	0.000	0.496
happy	0.016	0.000	0.003	0.627	0.037	0.000	0.317
happy	0.007	0.000	0.002	0.782	0.025	0.000	0.184
happy	0.017	0.000	0.003	0.680	0.054	0.000	0.246
happy	0.012	0.000	0.001	0.847	0.019	0.000	0.121
happy	0.016	0.000	0.001	0.738	0.040	0.000	0.205
happy	0.020	0.000	0.001	0.715	0.040	0.000	0.224
happy	0.033	0.000	0.003	0.648	0.082	0.000	0.235
happy	0.039	0.000	0.005	0.590	0.102	0.000	0.264
happy	0.033	0.000	0.003	0.709	0.071	0.000	0.184
happy	0.027	0.000	0.002	0.668	0.071	0.000	0.233
happy	0.011	0.000	0.001	0.872	0.025	0.000	0.091
happy	0.011	0.000	0.000	0.900	0.014	0.000	0.074
happy	0.012	0.000	0.000	0.803	0.014	0.000	0.170
happy	0.007	0.000	0.001	0.853	0.022	0.000	0.117
happy	0.012	0.000	0.000	0.700	0.021	0.000	0.266
happy	0.015	0.000	0.001	0.745	0.027	0.000	0.212
happy	0.014	0.000	0.002	0.769	0.049	0.000	0.167
happy	0.015	0.000	0.001	0.697	0.040	0.000	0.247
happy	0.021	0.000	0.002	0.683	0.072	0.000	0.221
happy	0.030	0.000	0.002	0.601	0.051	0.000	0.316
happy	0.026	0.000	0.002	0.599	0.052	0.000	0.320
happy	0.032	0.000	0.002	0.650	0.053	0.000	0.263
happy	0.015	0.000	0.001	0.780	0.015	0.000	0.189
happy	0.014	0.000	0.001	0.801	0.023	0.000	0.161
happy	0.013	0.000	0.001	0.756	0.014	0.000	0.217
happy	0.011	0.000	0.003	0.836	0.012	0.000	0.137
happy	0.008	0.000	0.001	0.863	0.007	0.000	0.121
happy	0.010	0.000	0.003	0.749	0.018	0.000	0.220
happy	0.012	0.000	0.003	0.837	0.014	0.000	0.133
happy	0.009	0.000	0.001	0.730	0.006	0.000	0.255
happy	0.010	0.000	0.001	0.800	0.006	0.000	0.184
happy	0.023	0.000	0.003	0.732	0.029	0.000	0.213
happy	0.007	0.000	0.001	0.909	0.007	0.000	0.076
happy	0.023	0.000	0.002	0.768	0.020	0.000	0.187
happy	0.013	0.000	0.002	0.850	0.018	0.000	0.116
happy	0.029	0.000	0.003	0.811	0.022	0.000	0.135
happy	0.011	0.000	0.001	0.776	0.009	0.000	0.203
happy	0.012	0.000	0.001	0.888	0.008	0.000	0.091
happy	0.025	0.000	0.003	0.781	0.028	0.001	0.163
happy	0.025	0.000	0.003	0.771	0.020	0.000	0.181
happy	0.018	0.000	0.002	0.821	0.022	0.000	0.137
happy	0.012	0.000	0.001	0.856	0.012	0.000	0.120
happy	0.021	0.000	0.001	0.600	0.015	0.000	0.364
happy	0.008	0.000	0.000	0.830	0.006	0.000	0.156
happy	0.017	0.000	0.000	0.695	0.010	0.000	0.278
happy	0.026	0.000	0.003	0.838	0.009	0.002	0.122
happy	0.084	0.000	0.014	0.711	0.035	0.014	0.143
happy	0.011	0.000	0.001	0.902	0.006	0.001	0.079
happy	0.008	0.000	0.000	0.897	0.003	0.000	0.092
happy	0.020	0.000	0.000	0.754	0.007	0.000	0.219
neutral	0.045	0.000	0.001	0.417	0.026	0.000	0.512
happy	0.026	0.000	0.000	0.813	0.011	0.000	0.150
happy	0.036	0.000	0.001	0.566	0.024	0.000	0.373
neutral	0.034	0.000	0.000	0.432	0.019	0.000	0.514
happy	0.028	0.000	0.001	0.739	0.012	0.000	0.220
happy	0.005	0.000	0.000	0.912	0.008	0.000	0.074
happy	0.029	0.000	0.001	0.517	0.022	0.000	0.431
happy	0.013	0.000	0.000	0.834	0.005	0.000	0.148
happy	0.045	0.000	0.001	0.770	0.014	0.001	0.169
happy	0.025	0.000	0.001	0.640	0.015	0.000	0.319
happy	0.014	0.000	0.000	0.697	0.010	0.000	0.278
neutral	0.028	0.000	0.000	0.466	0.009	0.000	0.497
happy	0.003	0.000	0.000	0.940	0.002	0.000	0.055
happy	0.015	0.000	0.000	0.759	0.004	0.000	0.222
happy	0.027	0.000	0.001	0.764	0.008	0.000	0.199
happy	0.027	0.000	0.001	0.658	0.014	0.000	0.300
happy	0.011	0.000	0.000	0.794	0.019	0.000	0.175
happy	0.029	0.000	0.002	0.820	0.015	0.002	0.131
happy	0.027	0.000	0.005	0.899	0.011	0.010	0.047
happy	0.233	0.000	0.011	0.549	0.053	0.028	0.126
happy	0.034	0.000	0.001	0.777	0.010	0.000	0.179
happy	0.020	0.000	0.000	0.749	0.007	0.000	0.223
neutral	0.048	0.000	0.001	0.414	0.031	0.000	0.506
happy	0.030	0.000	0.001	0.758	0.025	0.000	0.186
happy	0.023	0.000	0.000	0.811	0.008	0.000	0.158
happy	0.035	0.000	0.001	0.840	0.014	0.002	0.106
neutral	0.053	0.000	0.000	0.367	0.020	0.000	0.560
neutral	0.045	0.000	0.000	0.280	0.018	0.000	0.657
happy	0.010	0.000	0.000	0.825	0.017	0.000	0.147
happy	0.009	0.000	0.000	0.817	0.020	0.000	0.154
happy	0.012	0.000	0.000	0.871	0.008	0.000	0.108
happy	0.004	0.000	0.000	0.968	0.003	0.000	0.024
happy	0.008	0.000	0.000	0.951	0.006	0.000	0.036
happy	0.012	0.000	0.000	0.853	0.012	0.000	0.123
happy	0.012	0.000	0.000	0.908	0.005	0.000	0.074
happy	0.099	0.000	0.002	0.703	0.019	0.003	0.175
happy	0.008	0.000	0.000	0.973	0.003	0.000	0.016
happy	0.024	0.000	0.000	0.568	0.013	0.000	0.394
neutral	0.016	0.000	0.000	0.480	0.013	0.000	0.490
happy	0.039	0.000	0.000	0.713	0.007	0.000	0.241
happy	0.017	0.000	0.000	0.915	0.002	0.000	0.067
happy	0.025	0.000	0.001	0.896	0.005	0.001	0.072
happy	0.027	0.000	0.000	0.602	0.007	0.000	0.364
neutral	0.028	0.000	0.001	0.439	0.024	0.000	0.508
happy	0.029	0.000	0.000	0.826	0.014	0.000	0.131
happy	0.013	0.000	0.000	0.882	0.010	0.000	0.095
neutral	0.045	0.000	0.000	0.158	0.027	0.000	0.769
happy	0.006	0.000	0.000	0.857	0.009	0.000	0.128
neutral	0.089	0.000	0.001	0.215	0.045	0.000	0.650
neutral	0.083	0.000	0.002	0.335	0.041	0.000	0.537
happy	0.017	0.000	0.001	0.689	0.028	0.000	0.265
happy	0.015	0.000	0.001	0.904	0.014	0.001	0.065
happy	0.043	0.000	0.000	0.870	0.018	0.001	0.067
happy	0.032	0.000	0.001	0.905	0.014	0.002	0.045
happy	0.056	0.000	0.001	0.796	0.022	0.001	0.124
happy	0.041	0.000	0.000	0.780	0.014	0.000	0.164
happy	0.022	0.000	0.000	0.788	0.017	0.000	0.172
happy	0.108	0.000	0.001	0.711	0.029	0.002	0.148
happy	0.015	0.000	0.000	0.914	0.006	0.000	0.065
happy	0.027	0.000	0.002	0.914	0.012	0.002	0.043
happy	0.048	0.000	0.007	0.890	0.013	0.005	0.038
happy	0.015	0.000	0.000	0.730	0.008	0.000	0.247
happy	0.004	0.000	0.000	0.959	0.001	0.000	0.036
happy	0.028	0.000	0.001	0.657	0.029	0.000	0.284
happy	0.008	0.000	0.000	0.856	0.010	0.000	0.125
happy	0.023	0.000	0.001	0.601	0.017	0.000	0.358
happy	0.020	0.000	0.002	0.908	0.010	0.001	0.060
happy	0.005	0.000	0.000	0.957	0.003	0.000	0.034
happy	0.036	0.000	0.004	0.885	0.018	0.004	0.053
happy	0.018	0.000	0.000	0.622	0.011	0.000	0.349
happy	0.021	0.000	0.001	0.547	0.022	0.000	0.409
happy	0.030	0.000	0.001	0.691	0.043	0.000	0.234
happy	0.019	0.000	0.001	0.734	0.014	0.000	0.233
happy	0.009	0.000	0.000	0.850	0.013	0.000	0.127
happy	0.006	0.000	0.001	0.927	0.008	0.000	0.058
happy	0.004	0.000	0.000	0.905	0.004	0.000	0.086
happy	0.008	0.000	0.000	0.907	0.005	0.000	0.080
happy	0.009	0.000	0.000	0.896	0.007	0.000	0.088
happy	0.008	0.000	0.000	0.869	0.007	0.000	0.115
happy	0.013	0.000	0.001	0.814	0.017	0.000	0.155
happy	0.016	0.000	0.001	0.751	0.025	0.000	0.207
happy	0.006	0.000	0.000	0.889	0.008	0.000	0.096
happy	0.005	0.000	0.000	0.861	0.007	0.000	0.127
happy	0.005	0.000	0.000	0.900	0.007	0.000	0.087
happy	0.004	0.000	0.000	0.920	0.005	0.000	0.071
happy	0.007	0.000	0.000	0.862	0.007	0.000	0.124
happy	0.016	0.000	0.002	0.825	0.023	0.000	0.134
happy	0.015	0.000	0.001	0.805	0.026	0.000	0.151
happy	0.017	0.000	0.002	0.827	0.016	0.000	0.138
happy	0.017	0.000	0.001	0.673	0.015	0.000	0.294
happy	0.017	0.000	0.001	0.703	0.010	0.000	0.269
happy	0.021	0.000	0.000	0.619	0.009	0.000	0.351
happy	0.027	0.000	0.001	0.678	0.013	0.000	0.281
happy	0.009	0.000	0.001	0.852	0.010	0.000	0.128
happy	0.011	0.000	0.000	0.860	0.009	0.000	0.119
happy	0.012	0.000	0.001	0.804	0.011	0.000	0.172
happy	0.006	0.000	0.001	0.860	0.010	0.000	0.123
happy	0.012	0.000	0.001	0.795	0.018	0.000	0.174
happy	0.017	0.000	0.001	0.817	0.016	0.000	0.148
happy	0.020	0.000	0.001	0.745	0.021	0.000	0.212
happy	0.014	0.000	0.001	0.783	0.018	0.000	0.184
happy	0.006	0.000	0.000	0.855	0.007	0.000	0.133
happy	0.013	0.000	0.001	0.755	0.020	0.000	0.211
happy	0.009	0.000	0.001	0.825	0.013	0.000	0.152
happy	0.014	0.000	0.001	0.761	0.017	0.000	0.207
happy	0.018	0.000	0.001	0.737	0.019	0.000	0.225
happy	0.013	0.000	0.001	0.667	0.017	0.000	0.301
happy	0.006	0.000	0.000	0.874	0.004	0.000	0.116
happy	0.029	0.000	0.001	0.663	0.026	0.000	0.281
happy	0.019	0.000	0.001	0.729	0.011	0.000	0.241
happy	0.013	0.000	0.000	0.751	0.009	0.000	0.227
happy	0.016	0.000	0.001	0.793	0.017	0.000	0.174
happy	0.004	0.000	0.000	0.864	0.004	0.000	0.128
happy	0.034	0.000	0.001	0.528	0.025	0.001	0.411
happy	0.038	0.000	0.001	0.642	0.018	0.001	0.299
happy	0.018	0.000	0.001	0.721	0.012	0.000	0.248
happy	0.011	0.000	0.001	0.786	0.005	0.000	0.197
happy	0.008	0.000	0.000	0.832	0.005	0.000	0.154
happy	0.028	0.000	0.001	0.782	0.011	0.001	0.177
happy	0.041	0.000	0.001	0.744	0.019	0.001	0.194
happy	0.019	0.000	0.000	0.761	0.017	0.001	0.202
happy	0.010	0.000	0.000	0.874	0.004	0.000	0.111
happy	0.009	0.000	0.000	0.872	0.006	0.001	0.112
happy	0.013	0.000	0.000	0.873	0.006	0.001	0.107
happy	0.030	0.000	0.001	0.661	0.022	0.001	0.284
happy	0.028	0.000	0.001	0.762	0.021	0.001	0.188
happy	0.079	0.000	0.001	0.560	0.064	0.000	0.296
neutral	0.057	0.000	0.007	0.091	0.128	0.001	0.716
neutral	0.200	0.000	0.020	0.091	0.240	0.002	0.446
neutral	0.220	0.000	0.004	0.220	0.102	0.000	0.454
neutral	0.165	0.000	0.007	0.122	0.189	0.001	0.516
neutral	0.068	0.000	0.002	0.384	0.065	0.000	0.481
neutral	0.038	0.000	0.004	0.338	0.096	0.000	0.523
happy	0.025	0.000	0.001	0.626	0.029	0.000	0.319
neutral	0.050	0.000	0.002	0.420	0.077	0.000	0.451
neutral	0.029	0.000	0.001	0.086	0.032	0.001	0.852
neutral	0.029	0.000	0.000	0.246	0.021	0.000	0.704
neutral	0.018	0.000	0.001	0.455	0.019	0.001	0.507
neutral	0.046	0.000	0.003	0.373	0.096	0.003	0.479
neutral	0.080	0.000	0.002	0.385	0.063	0.002	0.468
happy	0.079	0.000	0.001	0.570	0.030	0.001	0.320
neutral	0.156	0.000	0.001	0.361	0.034	0.001	0.448
neutral	0.053	0.000	0.002	0.372	0.058	0.000	0.514
happy	0.017	0.000	0.001	0.710	0.019	0.000	0.253
happy	0.018	0.000	0.001	0.762	0.031	0.000	0.187
neutral	0.020	0.000	0.001	0.372	0.050	0.000	0.558
happy	0.025	0.000	0.002	0.578	0.050	0.001	0.345
happy	0.019	0.000	0.001	0.665	0.024	0.000	0.291
happy	0.007	0.000	0.000	0.921	0.011	0.000	0.059
happy	0.004	0.000	0.000	0.912	0.006	0.000	0.077
happy	0.003	0.000	0.000	0.856	0.012	0.000	0.128
happy	0.008	0.000	0.000	0.898	0.012	0.000	0.082
happy	0.011	0.000	0.002	0.874	0.022	0.000	0.091
happy	0.013	0.000	0.003	0.771	0.031	0.001	0.181
happy	0.011	0.000	0.001	0.830	0.013	0.000	0.145
happy	0.007	0.000	0.002	0.715	0.023	0.000	0.253
happy	0.003	0.000	0.003	0.896	0.011	0.001	0.086
happy	0.004	0.000	0.001	0.873	0.008	0.000	0.114
happy	0.004	0.000	0.002	0.772	0.017	0.001	0.204
happy	0.048	0.000	0.002	0.716	0.050	0.000	0.184
happy	0.015	0.000	0.002	0.848	0.032	0.001	0.103
happy	0.002	0.000	0.000	0.975	0.002	0.000	0.021
happy	0.003	0.000	0.000	0.956	0.005	0.000	0.034
happy	0.019	0.000	0.002	0.768	0.036	0.001	0.174
happy	0.009	0.000	0.001	0.907	0.014	0.002	0.068
happy	0.010	0.000	0.002	0.680	0.021	0.001	0.286
happy	0.009	0.000	0.005	0.785	0.011	0.004	0.186
happy	0.016	0.000	0.008	0.559	0.054	0.006	0.356
neutral	0.017	0.000	0.011	0.403	0.031	0.008	0.530
neutral	0.008	0.000	0.011	0.295	0.070	0.003	0.614
happy	0.002	0.000	0.002	0.786	0.004	0.007	0.199
happy	0.002	0.000	0.001	0.854	0.004	0.004	0.135
happy	0.005	0.000	0.002	0.739	0.025	0.004	0.226
happy	0.003	0.000	0.001	0.833	0.009	0.004	0.151
happy	0.004	0.000	0.001	0.738	0.011	0.010	0.237
happy	0.011	0.000	0.002	0.762	0.036	0.002	0.188
sad	0.332	0.150	0.047	0.055	0.363	0.001	0.052
happy	0.003	0.000	0.001	0.852	0.015	0.000	0.129
happy	0.004	0.000	0.001	0.724	0.018	0.000	0.253
happy	0.001	0.000	0.000	0.936	0.004	0.000	0.059
happy	0.002	0.000	0.000	0.867	0.007	0.000	0.124
neutral	0.025	0.000	0.000	0.399	0.032	0.000	0.544
happy	0.036	0.000	0.001	0.555	0.047	0.000	0.361
happy	0.040	0.000	0.001	0.654	0.068	0.000	0.236
neutral	0.088	0.000	0.002	0.299	0.117	0.000	0.494
happy	0.086	0.000	0.001	0.708	0.045	0.000	0.160
happy	0.044	0.000	0.002	0.683	0.048	0.000	0.223
happy	0.058	0.000	0.001	0.589	0.083	0.000	0.269
happy	0.052	0.000	0.000	0.600	0.048	0.000	0.299
happy	0.027	0.000	0.001	0.538	0.057	0.000	0.376
happy	0.031	0.000	0.000	0.491	0.056	0.000	0.421
happy	0.019	0.000	0.000	0.794	0.021	0.000	0.166
happy	0.020	0.000	0.000	0.503	0.031	0.000	0.446
happy	0.015	0.000	0.000	0.889	0.020	0.000	0.075
happy	0.031	0.000	0.001	0.786	0.047	0.001	0.135
happy	0.022	0.000	0.000	0.818	0.025	0.000	0.135
happy	0.057	0.000	0.000	0.684	0.061	0.000	0.197
happy	0.037	0.000	0.001	0.540	0.039	0.000	0.384
happy	0.045	0.000	0.000	0.843	0.034	0.000	0.077
happy	0.052	0.000	0.000	0.697	0.062	0.000	0.188
happy	0.076	0.000	0.001	0.520	0.131	0.000	0.272
happy	0.049	0.000	0.001	0.625	0.080	0.000	0.245
neutral	0.083	0.000	0.002	0.198	0.129	0.000	0.588
happy	0.085	0.000	0.001	0.749	0.039	0.000	0.127
happy	0.141	0.000	0.001	0.468	0.063	0.000	0.327
happy	0.141	0.000	0.001	0.431	0.131	0.000	0.296
happy	0.075	0.000	0.001	0.671	0.052	0.000	0.201
happy	0.047	0.000	0.000	0.743	0.020	0.000	0.189
happy	0.031	0.000	0.000	0.830	0.023	0.000	0.115
happy	0.028	0.000	0.000	0.673	0.034	0.000	0.264
