prediction	angry	disgust	fear	happy	sad	surprise	neutral
neutral	0.076	0.000	0.030	0.091	0.185	0.006	0.612
neutral	0.150	0.000	0.041	0.089	0.223	0.005	0.493
neutral	0.074	0.000	0.017	0.085	0.121	0.018	0.684
neutral	0.060	0.000	0.011	0.079	0.097	0.017	0.735
neutral	0.057	0.000	0.017	0.078	0.131	0.006	0.711
sad	0.066	0.000	0.015	0.036	0.684	0.004	0.194
sad	0.085	0.000	0.016	0.083	0.460	0.007	0.349
sad	0.112	0.000	0.031	0.104	0.476	0.005	0.271
neutral	0.158	0.000	0.053	0.035	0.167	0.006	0.580
neutral	0.161	0.000	0.086	0.017	0.146	0.006	0.585
neutral	0.142	0.000	0.035	0.029	0.236	0.002	0.556
neutral	0.164	0.000	0.028	0.068	0.286	0.002	0.453
neutral	0.150	0.000	0.039	0.103	0.348	0.004	0.357
sad	0.273	0.000	0.037	0.044	0.327	0.001	0.318
neutral	0.273	0.000	0.034	0.067	0.277	0.009	0.340
sad	0.177	0.000	0.099	0.028	0.352	0.011	0.333
angry	0.391	0.000	0.090	0.031	0.241	0.008	0.240
angry	0.299	0.000	0.171	0.026	0.258	0.020	0.226
sad	0.133	0.000	0.074	0.032	0.550	0.009	0.201
sad	0.142	0.000	0.048	0.014	0.431	0.014	0.351
sad	0.107	0.000	0.056	0.026	0.537	0.007	0.267
neutral	0.237	0.000	0.039	0.053	0.309	0.003	0.359
sad	0.139	0.000	0.039	0.042	0.444	0.001	0.336
sad	0.143	0.000	0.049	0.025	0.411	0.001	0.370
neutral	0.152	0.000	0.055	0.023	0.320	0.002	0.449
sad	0.152	0.000	0.066	0.025	0.426	0.001	0.331
sad	0.121	0.000	0.067	0.037	0.425	0.002	0.347
sad	0.241	0.000	0.065	0.025	0.359	0.003	0.307
neutral	0.225	0.000	0.104	0.019	0.265	0.004	0.382
neutral	0.256	0.000	0.121	0.012	0.275	0.005	0.332
sad	0.243	0.000	0.100	0.016	0.433	0.004	0.203
sad	0.253	0.000	0.110	0.009	0.344	0.002	0.282
sad	0.133	0.000	0.073	0.021	0.416	0.002	0.355
neutral	0.235	0.000	0.077	0.027	0.229	0.003	0.428
neutral	0.241	0.000	0.069	0.011	0.225	0.002	0.452
neutral	0.208	0.000	0.052	0.014	0.166	0.001	0.559
neutral	0.167	0.000	0.046	0.012	0.198	0.002	0.576
neutral	0.143	0.000	0.048	0.015	0.158	0.001	0.634
neutral	0.210	0.000	0.032	0.010	0.217	0.001	0.529
neutral	0.169	0.000	0.034	0.009	0.184	0.001	0.603
neutral	0.174	0.000	0.023	0.012	0.205	0.001	0.585
neutral	0.183	0.000	0.031	0.013	0.206	0.001	0.566
neutral	0.180	0.001	0.034	0.012	0.253	0.001	0.519
neutral	0.152	0.001	0.049	0.008	0.225	0.001	0.564
neutral	0.124	0.001	0.072	0.011	0.212	0.002	0.580
neutral	0.165	0.001	0.046	0.007	0.175	0.002	0.604
neutral	0.193	0.001	0.048	0.008	0.160	0.002	0.589
neutral	0.155	0.002	0.041	0.009	0.168	0.001	0.625
neutral	0.157	0.002	0.035	0.012	0.162	0.001	0.632
neutral	0.172	0.001	0.035	0.011	0.158	0.001	0.621
neutral	0.160	0.001	0.041	0.009	0.221	0.001	0.567
neutral	0.187	0.002	0.052	0.010	0.214	0.001	0.533
neutral	0.149	0.001	0.058	0.017	0.195	0.002	0.580
neutral	0.157	0.000	0.058	0.015	0.214	0.001	0.555
neutral	0.180	0.001	0.100	0.016	0.306	0.002	0.396
sad	0.177	0.000	0.095	0.020	0.377	0.003	0.327
neutral	0.164	0.000	0.113	0.024	0.286	0.003	0.409
neutral	0.164	0.000	0.064	0.036	0.181	0.003	0.552
neutral	0.163	0.000	0.101	0.037	0.223	0.003	0.473
neutral	0.199	0.000	0.104	0.027	0.236	0.003	0.430
neutral	0.116	0.000	0.057	0.036	0.154	0.003	0.634
neutral	0.150	0.000	0.062	0.031	0.201	0.002	0.553
neutral	0.166	0.000	0.095	0.031	0.271	0.003	0.434
neutral	0.166	0.001	0.086	0.018	0.248	0.002	0.478
neutral	0.161	0.001	0.071	0.024	0.229	0.001	0.512
neutral	0.153	0.001	0.079	0.017	0.246	0.002	0.502
neutral	0.173	0.001	0.084	0.017	0.274	0.002	0.450
neutral	0.144	0.001	0.064	0.017	0.244	0.001	0.529
neutral	0.187	0.001	0.081	0.016	0.260	0.001	0.453
neutral	0.175	0.000	0.079	0.035	0.197	0.003	0.511
neutral	0.144	0.000	0.086	0.019	0.261	0.001	0.487
neutral	0.178	0.000	0.099	0.031	0.271	0.003	0.418
neutral	0.164	0.000	0.047	0.018	0.227	0.001	0.541
neutral	0.146	0.001	0.082	0.020	0.263	0.001	0.487
neutral	0.136	0.000	0.059	0.021	0.184	0.002	0.598
neutral	0.173	0.000	0.089	0.019	0.279	0.002	0.437
neutral	0.181	0.000	0.072	0.029	0.252	0.002	0.464
neutral	0.204	0.000	0.076	0.021	0.251	0.002	0.445
neutral	0.183	0.000	0.071	0.026	0.213	0.002	0.505
neutral	0.248	0.000	0.059	0.025	0.219	0.002	0.447
neutral	0.231	0.000	0.064	0.018	0.249	0.002	0.435
neutral	0.211	0.000	0.053	0.025	0.240	0.002	0.468
neutral	0.153	0.000	0.069	0.020	0.240	0.001	0.516
neutral	0.188	0.000	0.075	0.020	0.255	0.002	0.461
neutral	0.282	0.000	0.079	0.021	0.241	0.003	0.374
neutral	0.284	0.000	0.106	0.028	0.274	0.004	0.304
neutral	0.164	0.000	0.071	0.025	0.255	0.002	0.483
neutral	0.244	0.000	0.100	0.029	0.276	0.004	0.347
neutral	0.178	0.000	0.074	0.036	0.236	0.005	0.471
neutral	0.168	0.001	0.044	0.021	0.192	0.002	0.572
neutral	0.182	0.000	0.055	0.016	0.205	0.002	0.540
neutral	0.101	0.000	0.023	0.022	0.164	0.001	0.690
neutral	0.157	0.000	0.040	0.015	0.173	0.002	0.614
neutral	0.186	0.000	0.036	0.012	0.220	0.001	0.545
neutral	0.159	0.000	0.061	0.014	0.230	0.001	0.535
neutral	0.187	0.000	0.045	0.011	0.276	0.001	0.480
neutral	0.188	0.000	0.036	0.013	0.246	0.001	0.516
neutral	0.179	0.000	0.052	0.018	0.256	0.001	0.493
neutral	0.186	0.000	0.041	0.014	0.207	0.001	0.551
neutral	0.167	0.000	0.031	0.014	0.211	0.001	0.576
neutral	0.215	0.000	0.051	0.010	0.225	0.001	0.498
neutral	0.188	0.000	0.033	0.021	0.232	0.001	0.525
neutral	0.158	0.000	0.046	0.015	0.257	0.001	0.523
neutral	0.326	0.000	0.030	0.016	0.198	0.000	0.429
neutral	0.168	0.000	0.029	0.016	0.300	0.000	0.486
neutral	0.131	0.000	0.020	0.010	0.185	0.000	0.654
neutral	0.190	0.000	0.024	0.012	0.193	0.000	0.581
neutral	0.191	0.000	0.033	0.018	0.226	0.001	0.531
neutral	0.190	0.000	0.024	0.010	0.270	0.000	0.504
neutral	0.184	0.000	0.031	0.012	0.196	0.001	0.576
neutral	0.170	0.000	0.034	0.011	0.207	0.001	0.576
neutral	0.080	0.000	0.029	0.013	0.237	0.001	0.639
neutral	0.104	0.001	0.029	0.013	0.332	0.000	0.520
neutral	0.142	0.000	0.055	0.014	0.294	0.001	0.494
neutral	0.181	0.000	0.115	0.010	0.302	0.003	0.387
neutral	0.135	0.000	0.058	0.013	0.295	0.001	0.497
neutral	0.138	0.000	0.072	0.014	0.264	0.002	0.508
neutral	0.157	0.000	0.075	0.016	0.183	0.002	0.568
neutral	0.082	0.001	0.033	0.016	0.320	0.001	0.547
neutral	0.143	0.002	0.033	0.008	0.272	0.001	0.541
neutral	0.192	0.001	0.076	0.022	0.238	0.002	0.470
neutral	0.147	0.001	0.049	0.017	0.272	0.001	0.514
neutral	0.178	0.001	0.080	0.012	0.346	0.001	0.384
neutral	0.215	0.000	0.099	0.017	0.295	0.003	0.371
sad	0.174	0.000	0.101	0.013	0.371	0.001	0.339
neutral	0.158	0.001	0.047	0.009	0.326	0.001	0.459
neutral	0.142	0.001	0.038	0.008	0.324	0.001	0.487
neutral	0.129	0.001	0.046	0.018	0.310	0.001	0.495
neutral	0.153	0.001	0.040	0.012	0.256	0.001	0.537
neutral	0.168	0.001	0.031	0.018	0.227	0.001	0.554
neutral	0.158	0.001	0.033	0.015	0.197	0.001	0.593
neutral	0.153	0.000	0.048	0.026	0.242	0.002	0.529
neutral	0.216	0.000	0.057	0.026	0.259	0.002	0.440
neutral	0.216	0.000	0.058	0.053	0.210	0.001	0.461
neutral	0.126	0.000	0.058	0.045	0.226	0.003	0.542
neutral	0.175	0.001	0.057	0.064	0.183	0.002	0.519
neutral	0.253	0.000	0.072	0.034	0.186	0.002	0.452
neutral	0.259	0.000	0.067	0.037	0.124	0.003	0.510
neutral	0.297	0.000	0.104	0.016	0.195	0.004	0.384
neutral	0.118	0.001	0.073	0.023	0.255	0.001	0.529
neutral	0.135	0.001	0.059	0.013	0.181	0.001	0.610
neutral	0.133	0.001	0.043	0.014	0.209	0.002	0.598
sad	0.150	0.001	0.075	0.008	0.478	0.001	0.287
neutral	0.133	0.001	0.078	0.009	0.276	0.001	0.502
neutral	0.114	0.001	0.043	0.013	0.266	0.001	0.562
neutral	0.126	0.001	0.071	0.013	0.304	0.001	0.484
neutral	0.101	0.001	0.076	0.013	0.301	0.001	0.507
neutral	0.270	0.000	0.051	0.008	0.292	0.001	0.378
neutral	0.221	0.000	0.032	0.018	0.233	0.001	0.495
neutral	0.258	0.000	0.032	0.010	0.240	0.000	0.459
neutral	0.095	0.000	0.030	0.021	0.287	0.001	0.566
neutral	0.097	0.000	0.041	0.007	0.352	0.000	0.503
neutral	0.165	0.000	0.027	0.014	0.311	0.000	0.482
neutral	0.171	0.001	0.018	0.007	0.248	0.000	0.556
neutral	0.158	0.000	0.039	0.008	0.329	0.000	0.465
neutral	0.202	0.001	0.048	0.007	0.206	0.001	0.536
neutral	0.221	0.000	0.031	0.008	0.214	0.001	0.525
neutral	0.219	0.000	0.045	0.007	0.176	0.001	0.552
neutral	0.283	0.001	0.051	0.006	0.261	0.002	0.397
neutral	0.262	0.000	0.061	0.009	0.208	0.001	0.459
neutral	0.243	0.001	0.059	0.009	0.246	0.002	0.441
neutral	0.315	0.000	0.056	0.005	0.233	0.001	0.390
neutral	0.191	0.000	0.048	0.007	0.216	0.001	0.537
neutral	0.208	0.000	0.040	0.010	0.198	0.001	0.542
sad	0.242	0.000	0.078	0.014	0.339	0.001	0.325
neutral	0.173	0.000	0.076	0.011	0.283	0.001	0.454
neutral	0.213	0.002	0.027	0.011	0.176	0.001	0.571
neutral	0.197	0.001	0.035	0.013	0.203	0.001	0.550
neutral	0.219	0.000	0.047	0.012	0.210	0.001	0.511
neutral	0.266	0.000	0.104	0.013	0.259	0.002	0.356
neutral	0.227	0.001	0.064	0.017	0.255	0.002	0.435
neutral	0.147	0.001	0.056	0.041	0.216	0.002	0.537
neutral	0.142	0.001	0.052	0.030	0.328	0.001	0.445
neutral	0.140	0.001	0.061	0.046	0.325	0.001	0.426
neutral	0.161	0.000	0.099	0.037	0.304	0.002	0.396
neutral	0.123	0.001	0.089	0.016	0.322	0.001	0.447
sad	0.114	0.002	0.091	0.004	0.590	0.001	0.197
sad	0.105	0.001	0.087	0.008	0.572	0.001	0.227
sad	0.106	0.001	0.073	0.003	0.646	0.000	0.170
sad	0.107	0.005	0.148	0.026	0.594	0.003	0.116
sad	0.202	0.010	0.072	0.146	0.311	0.003	0.255
sad	0.159	0.005	0.058	0.078	0.355	0.002	0.343
sad	0.115	0.002	0.082	0.038	0.471	0.001	0.292
neutral	0.099	0.002	0.045	0.014	0.352	0.001	0.487
neutral	0.086	0.003	0.058	0.022	0.334	0.001	0.496
sad	0.127	0.003	0.089	0.009	0.483	0.002	0.288
sad	0.121	0.003	0.092	0.010	0.453	0.001	0.320
sad	0.051	0.003	0.072	0.009	0.501	0.001	0.363
sad	0.066	0.003	0.066	0.008	0.510	0.001	0.346
sad	0.073	0.003	0.070	0.005	0.564	0.001	0.284
neutral	0.053	0.002	0.053	0.009	0.428	0.001	0.455
sad	0.109	0.003	0.086	0.010	0.477	0.001	0.313
angry	0.341	0.009	0.121	0.124	0.207	0.064	0.134
sad	0.121	0.005	0.181	0.035	0.460	0.007	0.191
neutral	0.163	0.002	0.052	0.025	0.335	0.000	0.424
neutral	0.119	0.001	0.043	0.062	0.260	0.001	0.516
sad	0.206	0.009	0.115	0.155	0.256	0.070	0.189
neutral	0.111	0.001	0.047	0.031	0.346	0.001	0.463
neutral	0.118	0.000	0.030	0.038	0.270	0.001	0.543
angry	0.299	0.020	0.122	0.119	0.243	0.062	0.136
neutral	0.124	0.003	0.040	0.063	0.377	0.002	0.392
sad	0.110	0.002	0.045	0.044	0.442	0.001	0.355
neutral	0.134	0.002	0.071	0.055	0.365	0.002	0.372
angry	0.237	0.010	0.130	0.158	0.235	0.052	0.178
sad	0.139	0.004	0.063	0.058	0.477	0.002	0.257
neutral	0.096	0.002	0.031	0.054	0.364	0.001	0.452
sad	0.274	0.013	0.142	0.068	0.284	0.044	0.175
neutral	0.153	0.000	0.018	0.132	0.181	0.001	0.514
happy	0.070	0.001	0.006	0.648	0.046	0.004	0.224
happy	0.055	0.001	0.073	0.529	0.196	0.008	0.139
sad	0.206	0.014	0.180	0.059	0.302	0.067	0.171
sad	0.208	0.007	0.184	0.140	0.323	0.022	0.115
sad	0.190	0.008	0.187	0.078	0.282	0.066	0.189
neutral	0.205	0.009	0.117	0.132	0.242	0.014	0.280
angry	0.288	0.023	0.191	0.034	0.260	0.058	0.145
neutral	0.263	0.001	0.049	0.015	0.249	0.001	0.422
sad	0.211	0.012	0.174	0.092	0.263	0.082	0.165
sad	0.126	0.003	0.198	0.043	0.338	0.005	0.286
sad	0.251	0.013	0.151	0.114	0.298	0.055	0.118
neutral	0.122	0.003	0.093	0.041	0.327	0.003	0.410
sad	0.215	0.015	0.162	0.097	0.288	0.084	0.139
neutral	0.105	0.001	0.124	0.051	0.324	0.003	0.392
sad	0.182	0.012	0.191	0.104	0.299	0.070	0.142
sad	0.147	0.003	0.143	0.117	0.293	0.007	0.292
sad	0.195	0.009	0.178	0.150	0.296	0.045	0.127
neutral	0.109	0.002	0.082	0.171	0.178	0.007	0.451
sad	0.215	0.009	0.156	0.115	0.312	0.051	0.142
neutral	0.068	0.001	0.066	0.295	0.110	0.007	0.453
sad	0.182	0.015	0.193	0.101	0.277	0.078	0.153
neutral	0.086	0.000	0.067	0.077	0.193	0.001	0.575
sad	0.196	0.001	0.136	0.138	0.360	0.009	0.161
sad	0.136	0.001	0.146	0.198	0.391	0.012	0.116
sad	0.212	0.023	0.174	0.138	0.263	0.060	0.130
sad	0.222	0.008	0.136	0.108	0.295	0.041	0.191
neutral	0.090	0.000	0.029	0.090	0.137	0.001	0.652
sad	0.228	0.007	0.143	0.072	0.266	0.047	0.236
neutral	0.114	0.000	0.018	0.072	0.076	0.001	0.719
neutral	0.246	0.000	0.024	0.030	0.141	0.001	0.559
neutral	0.149	0.000	0.063	0.065	0.150	0.001	0.572
sad	0.224	0.009	0.140	0.110	0.260	0.050	0.207
neutral	0.216	0.001	0.042	0.033	0.190	0.001	0.516
sad	0.208	0.018	0.143	0.126	0.267	0.055	0.184
neutral	0.102	0.000	0.062	0.060	0.171	0.001	0.603
neutral	0.130	0.000	0.045	0.067	0.276	0.002	0.480
neutral	0.096	0.000	0.033	0.069	0.246	0.002	0.555
angry	0.276	0.016	0.157	0.084	0.227	0.066	0.174
neutral	0.090	0.000	0.033	0.141	0.133	0.002	0.601
sad	0.230	0.016	0.136	0.098	0.270	0.061	0.190
neutral	0.134	0.003	0.065	0.124	0.263	0.003	0.407
neutral	0.139	0.000	0.058	0.142	0.170	0.004	0.487
sad	0.254	0.020	0.148	0.059	0.272	0.058	0.188
sad	0.131	0.001	0.036	0.005	0.459	0.000	0.367
sad	0.104	0.001	0.060	0.009	0.456	0.000	0.370
sad	0.193	0.014	0.160	0.143	0.236	0.105	0.148
neutral	0.054	0.000	0.018	0.013	0.160	0.000	0.754
sad	0.246	0.014	0.131	0.078	0.265	0.069	0.195
neutral	0.103	0.000	0.075	0.031	0.390	0.001	0.400
sad	0.169	0.014	0.147	0.132	0.298	0.060	0.181
neutral	0.144	0.000	0.091	0.031	0.244	0.001	0.488
sad	0.139	0.012	0.175	0.105	0.370	0.054	0.146
neutral	0.083	0.000	0.038	0.018	0.246	0.001	0.614
neutral	0.082	0.000	0.076	0.053	0.165	0.002	0.621
sad	0.142	0.009	0.187	0.109	0.337	0.054	0.161
neutral	0.183	0.001	0.034	0.224	0.144	0.005	0.410
sad	0.121	0.025	0.182	0.090	0.373	0.083	0.126
neutral	0.234	0.003	0.047	0.267	0.126	0.007	0.316
neutral	0.257	0.001	0.059	0.238	0.144	0.007	0.295
sad	0.183	0.012	0.195	0.047	0.321	0.070	0.172
neutral	0.114	0.000	0.034	0.147	0.126	0.002	0.578
sad	0.184	0.014	0.224	0.041	0.362	0.060	0.115
neutral	0.213	0.000	0.038	0.100	0.106	0.002	0.541
neutral	0.181	0.000	0.028	0.031	0.198	0.001	0.561
neutral	0.129	0.000	0.019	0.044	0.151	0.001	0.656
neutral	0.097	0.000	0.062	0.092	0.232	0.002	0.516
neutral	0.152	0.001	0.038	0.046	0.254	0.001	0.508
neutral	0.110	0.001	0.045	0.086	0.154	0.003	0.602
neutral	0.158	0.001	0.059	0.066	0.245	0.002	0.469
neutral	0.172	0.000	0.048	0.111	0.168	0.001	0.500
neutral	0.162	0.000	0.025	0.026	0.266	0.001	0.520
neutral	0.155	0.000	0.030	0.025	0.240	0.001	0.548
neutral	0.134	0.000	0.054	0.028	0.374	0.001	0.409
sad	0.126	0.000	0.076	0.034	0.496	0.001	0.267
sad	0.111	0.000	0.044	0.023	0.572	0.001	0.250
sad	0.141	0.000	0.086	0.019	0.500	0.001	0.252
sad	0.141	0.000	0.074	0.009	0.433	0.001	0.341
neutral	0.177	0.000	0.034	0.018	0.204	0.002	0.566
neutral	0.148	0.000	0.038	0.011	0.231	0.001	0.571
neutral	0.172	0.000	0.056	0.009	0.286	0.002	0.475
neutral	0.119	0.000	0.037	0.011	0.131	0.001	0.701
neutral	0.191	0.000	0.062	0.007	0.216	0.002	0.521
neutral	0.119	0.000	0.055	0.010	0.245	0.001	0.570
neutral	0.170	0.000	0.039	0.009	0.232	0.001	0.548
neutral	0.189	0.000	0.053	0.008	0.343	0.001	0.405
neutral	0.120	0.000	0.044	0.010	0.213	0.001	0.612
neutral	0.155	0.000	0.038	0.008	0.227	0.001	0.571
neutral	0.186	0.000	0.040	0.008	0.254	0.001	0.511
neutral	0.141	0.000	0.040	0.008	0.214	0.001	0.596
neutral	0.179	0.000	0.038	0.008	0.249	0.001	0.525
neutral	0.136	0.000	0.090	0.009	0.337	0.002	0.426
sad	0.126	0.000	0.105	0.008	0.453	0.001	0.306
neutral	0.207	0.000	0.051	0.006	0.270	0.001	0.465
sad	0.174	0.000	0.069	0.006	0.382	0.002	0.366
neutral	0.160	0.000	0.067	0.007	0.370	0.002	0.394
neutral	0.175	0.000	0.064	0.006	0.294	0.002	0.459
neutral	0.173	0.000	0.061	0.008	0.276	0.002	0.480
neutral	0.174	0.000	0.054	0.009	0.284	0.002	0.477
neutral	0.196	0.000	0.082	0.008	0.349	0.002	0.363
sad	0.176	0.000	0.100	0.007	0.411	0.002	0.304
neutral	0.205	0.000	0.070	0.007	0.323	0.002	0.394
neutral	0.191	0.000	0.076	0.006	0.322	0.002	0.403
neutral	0.165	0.000	0.093	0.010	0.292	0.002	0.437
neutral	0.209	0.000	0.072	0.013	0.271	0.002	0.433
neutral	0.150	0.000	0.052	0.011	0.278	0.002	0.506
sad	0.205	0.000	0.065	0.007	0.373	0.002	0.347
sad	0.157	0.000	0.121	0.007	0.394	0.003	0.319
neutral	0.163	0.000	0.058	0.010	0.268	0.002	0.500
neutral	0.174	0.000	0.094	0.011	0.323	0.002	0.395
neutral	0.123	0.000	0.088	0.012	0.377	0.002	0.399
neutral	0.163	0.000	0.074	0.003	0.302	0.001	0.456
neutral	0.153	0.000	0.046	0.007	0.163	0.001	0.631
neutral	0.198	0.000	0.075	0.005	0.287	0.001	0.434
neutral	0.152	0.000	0.059	0.003	0.282	0.001	0.502
neutral	0.203	0.000	0.055	0.006	0.292	0.001	0.443
neutral	0.146	0.000	0.042	0.006	0.211	0.001	0.593
neutral	0.148	0.000	0.051	0.006	0.218	0.001	0.575
neutral	0.170	0.000	0.048	0.005	0.271	0.001	0.505
neutral	0.145	0.000	0.065	0.010	0.349	0.001	0.429
neutral	0.161	0.000	0.036	0.007	0.194	0.001	0.600
neutral	0.202	0.000	0.053	0.008	0.286	0.001	0.450
neutral	0.147	0.000	0.037	0.007	0.217	0.001	0.590
neutral	0.173	0.000	0.040	0.010	0.245	0.001	0.532
neutral	0.202	0.000	0.050	0.011	0.260	0.002	0.476
neutral	0.186	0.000	0.062	0.005	0.303	0.001	0.443
neutral	0.165	0.000	0.039	0.008	0.226	0.001	0.561
sad	0.252	0.000	0.083	0.007	0.354	0.002	0.302
neutral	0.241	0.000	0.055	0.004	0.285	0.001	0.413
neutral	0.253	0.000	0.069	0.007	0.305	0.002	0.364
neutral	0.211	0.000	0.045	0.007	0.243	0.001	0.493
neutral	0.214	0.000	0.040	0.006	0.209	0.001	0.530
neutral	0.211	0.000	0.053	0.006	0.322	0.001	0.407
neutral	0.156	0.000	0.044	0.008	0.173	0.001	0.618
neutral	0.178	0.000	0.062	0.008	0.350	0.002	0.400
neutral	0.198	0.000	0.056	0.007	0.305	0.001	0.433
neutral	0.188	0.000	0.061	0.006	0.321	0.001	0.423
neutral	0.222	0.000	0.037	0.013	0.239	0.001	0.489
neutral	0.231	0.000	0.050	0.006	0.297	0.000	0.415
neutral	0.241	0.000	0.045	0.006	0.281	0.001	0.426
neutral	0.220	0.000	0.055	0.006	0.322	0.001	0.396
neutral	0.178	0.000	0.070	0.005	0.293	0.001	0.453
neutral	0.122	0.000	0.040	0.004	0.218	0.000	0.616
neutral	0.256	0.000	0.054	0.007	0.242	0.001	0.440
neutral	0.190	0.000	0.031	0.011	0.210	0.001	0.557
neutral	0.187	0.000	0.046	0.012	0.253	0.002	0.501
neutral	0.182	0.000	0.027	0.015	0.211	0.001	0.565
neutral	0.295	0.000	0.028	0.011	0.226	0.001	0.439
neutral	0.219	0.000	0.052	0.009	0.268	0.001	0.451
neutral	0.195	0.000	0.045	0.010	0.274	0.001	0.475
neutral	0.257	0.000	0.049	0.012	0.215	0.001	0.466
neutral	0.239	0.000	0.031	0.010	0.194	0.001	0.525
neutral	0.190	0.000	0.030	0.011	0.151	0.001	0.617
neutral	0.193	0.000	0.029	0.013	0.162	0.000	0.602
neutral	0.205	0.000	0.029	0.011	0.216	0.001	0.538
neutral	0.134	0.000	0.029	0.010	0.147	0.001	0.679
neutral	0.110	0.000	0.034	0.008	0.179	0.001	0.667
neutral	0.135	0.000	0.039	0.010	0.177	0.002	0.637
neutral	0.125	0.000	0.024	0.008	0.208	0.001	0.634
neutral	0.152	0.000	0.029	0.011	0.230	0.001	0.577
neutral	0.138	0.000	0.028	0.011	0.237	0.000	0.585
neutral	0.113	0.000	0.039	0.006	0.286	0.001	0.557
neutral	0.175	0.000	0.030	0.010	0.177	0.001	0.607
neutral	0.118	0.000	0.036	0.009	0.198	0.001	0.638
neutral	0.097	0.000	0.023	0.009	0.154	0.001	0.716
neutral	0.117	0.000	0.039	0.009	0.160	0.001	0.674
neutral	0.182	0.000	0.035	0.015	0.155	0.001	0.612
neutral	0.078	0.000	0.015	0.027	0.088	0.001	0.792
neutral	0.113	0.000	0.031	0.017	0.153	0.001	0.684
neutral	0.138	0.000	0.033	0.015	0.134	0.001	0.678
neutral	0.071	0.000	0.017	0.023	0.090	0.001	0.799
neutral	0.082	0.000	0.018	0.023	0.128	0.001	0.750
neutral	0.089	0.000	0.011	0.029	0.104	0.001	0.766
neutral	0.138	0.000	0.016	0.036	0.123	0.000	0.687
neutral	0.128	0.000	0.019	0.024	0.077	0.000	0.752
neutral	0.122	0.000	0.024	0.036	0.129	0.001	0.689
neutral	0.176	0.000	0.037	0.039	0.085	0.001	0.662
neutral	0.241	0.000	0.038	0.010	0.164	0.001	0.546
neutral	0.220	0.005	0.067	0.070	0.283	0.002	0.354
neutral	0.130	0.001	0.055	0.151	0.310	0.003	0.349
sad	0.106	0.000	0.026	0.095	0.518	0.002	0.252
sad	0.142	0.001	0.025	0.156	0.499	0.001	0.176
sad	0.077	0.000	0.040	0.211	0.378	0.010	0.284
neutral	0.052	0.000	0.032	0.332	0.188	0.018	0.378
neutral	0.105	0.000	0.029	0.299	0.222	0.009	0.336
neutral	0.087	0.000	0.023	0.261	0.195	0.008	0.426
sad	0.114	0.000	0.035	0.187	0.337	0.003	0.323
happy	0.091	0.000	0.043	0.316	0.235	0.010	0.305
happy	0.069	0.000	0.034	0.377	0.259	0.008	0.253
happy	0.061	0.000	0.053	0.529	0.130	0.006	0.220
happy	0.072	0.000	0.042	0.550	0.081	0.008	0.247
happy	0.079	0.000	0.045	0.429	0.114	0.011	0.322
happy	0.073	0.000	0.031	0.446	0.148	0.007	0.295
happy	0.034	0.000	0.016	0.749	0.046	0.004	0.151
happy	0.109	0.000	0.062	0.403	0.140	0.007	0.279
happy	0.122	0.000	0.027	0.539	0.069	0.028	0.215
happy	0.080	0.000	0.059	0.550	0.084	0.020	0.208
happy	0.188	0.000	0.034	0.395	0.120	0.011	0.252
happy	0.152	0.000	0.054	0.407	0.164	0.009	0.214
happy	0.083	0.000	0.036	0.578	0.096	0.011	0.197
happy	0.113	0.001	0.057	0.506	0.117	0.021	0.186
happy	0.160	0.000	0.029	0.580	0.064	0.009	0.158
happy	0.167	0.000	0.027	0.509	0.104	0.004	0.189
happy	0.103	0.000	0.030	0.438	0.098	0.013	0.317
happy	0.136	0.000	0.065	0.394	0.140	0.025	0.240
happy	0.213	0.001	0.049	0.362	0.152	0.006	0.218
happy	0.234	0.000	0.057	0.296	0.159	0.013	0.242
angry	0.288	0.000	0.062	0.264	0.140	0.013	0.233
happy	0.138	0.000	0.059	0.442	0.117	0.027	0.216
happy	0.205	0.000	0.039	0.374	0.161	0.004	0.216
neutral	0.187	0.000	0.097	0.269	0.101	0.065	0.280
happy	0.116	0.000	0.041	0.485	0.105	0.009	0.244
neutral	0.163	0.000	0.090	0.245	0.116	0.066	0.321
happy	0.092	0.000	0.041	0.431	0.134	0.004	0.297
happy	0.155	0.000	0.071	0.392	0.131	0.020	0.232
neutral	0.101	0.004	0.074	0.228	0.264	0.003	0.326
happy	0.119	0.002	0.049	0.408	0.169	0.004	0.250
happy	0.098	0.001	0.050	0.370	0.165	0.009	0.306
happy	0.065	0.000	0.024	0.635	0.102	0.007	0.167
sad	0.090	0.000	0.040	0.255	0.327	0.006	0.282
neutral	0.115	0.001	0.027	0.293	0.236	0.005	0.323
happy	0.091	0.002	0.037	0.453	0.182	0.007	0.229
happy	0.136	0.002	0.041	0.295	0.259	0.003	0.264
happy	0.092	0.001	0.058	0.430	0.132	0.015	0.273
happy	0.082	0.001	0.030	0.471	0.122	0.011	0.283
happy	0.094	0.000	0.038	0.433	0.111	0.014	0.311
neutral	0.083	0.000	0.047	0.306	0.133	0.027	0.404
neutral	0.105	0.000	0.071	0.282	0.194	0.020	0.327
neutral	0.103	0.001	0.079	0.284	0.140	0.007	0.385
happy	0.125	0.001	0.079	0.340	0.114	0.018	0.322
neutral	0.078	0.001	0.046	0.206	0.099	0.002	0.568
neutral	0.200	0.004	0.160	0.116	0.197	0.003	0.320
neutral	0.210	0.003	0.065	0.192	0.138	0.003	0.389
neutral	0.154	0.001	0.047	0.182	0.167	0.001	0.448
neutral	0.232	0.001	0.054	0.057	0.176	0.001	0.479
neutral	0.098	0.000	0.034	0.149	0.088	0.002	0.628
neutral	0.181	0.001	0.046	0.144	0.097	0.001	0.529
neutral	0.219	0.000	0.040	0.048	0.120	0.001	0.571
neutral	0.210	0.001	0.039	0.124	0.133	0.001	0.493
neutral	0.207	0.001	0.037	0.093	0.135	0.001	0.528
neutral	0.193	0.001	0.034	0.118	0.100	0.001	0.553
neutral	0.191	0.001	0.037	0.057	0.168	0.001	0.545
neutral	0.203	0.003	0.040	0.044	0.174	0.001	0.535
neutral	0.190	0.000	0.015	0.033	0.077	0.001	0.684
neutral	0.156	0.000	0.056	0.056	0.168	0.001	0.562
neutral	0.198	0.000	0.031	0.037	0.104	0.001	0.629
neutral	0.166	0.000	0.024	0.052	0.090	0.001	0.667
neutral	0.118	0.000	0.017	0.057	0.069	0.001	0.738
neutral	0.188	0.000	0.037	0.046	0.162	0.001	0.566
neutral	0.140	0.001	0.025	0.116	0.083	0.001	0.635
neutral	0.162	0.000	0.025	0.030	0.120	0.001	0.662
neutral	0.103	0.000	0.030	0.042	0.086	0.001	0.738
neutral	0.137	0.000	0.036	0.036	0.082	0.001	0.708
neutral	0.177	0.000	0.050	0.022	0.223	0.000	0.528
neutral	0.175	0.000	0.023	0.042	0.211	0.000	0.548
neutral	0.240	0.000	0.032	0.072	0.146	0.002	0.508
neutral	0.134	0.000	0.042	0.032	0.092	0.001	0.698
neutral	0.168	0.000	0.062	0.062	0.142	0.003	0.562
neutral	0.353	0.000	0.045	0.042	0.088	0.002	0.471
neutral	0.125	0.000	0.027	0.060	0.156	0.001	0.630
neutral	0.166	0.000	0.084	0.024	0.273	0.001	0.452
sad	0.149	0.002	0.163	0.008	0.390	0.001	0.287
sad	0.214	0.002	0.169	0.008	0.370	0.001	0.237
sad	0.209	0.000	0.139	0.022	0.362	0.001	0.267
neutral	0.174	0.000	0.064	0.013	0.373	0.000	0.375
angry	0.338	0.028	0.178	0.057	0.227	0.039	0.133
sad	0.183	0.000	0.040	0.012	0.433	0.001	0.332
sad	0.231	0.000	0.060	0.003	0.375	0.000	0.331
neutral	0.205	0.000	0.098	0.037	0.228	0.004	0.428
neutral	0.223	0.000	0.080	0.008	0.280	0.002	0.406
neutral	0.277	0.000	0.072	0.009	0.269	0.001	0.370
sad	0.299	0.000	0.111	0.011	0.304	0.001	0.273
neutral	0.158	0.000	0.039	0.025	0.253	0.001	0.525
neutral	0.310	0.000	0.088	0.024	0.228	0.001	0.349
neutral	0.157	0.000	0.055	0.019	0.270	0.001	0.498
neutral	0.181	0.000	0.072	0.070	0.283	0.002	0.391
neutral	0.240	0.000	0.040	0.018	0.340	0.001	0.362
neutral	0.171	0.000	0.043	0.062	0.257	0.001	0.467
angry	0.367	0.000	0.110	0.014	0.195	0.002	0.311
neutral	0.291	0.000	0.046	0.031	0.105	0.001	0.526
neutral	0.341	0.000	0.069	0.027	0.197	0.001	0.364
angry	0.390	0.000	0.064	0.009	0.194	0.002	0.342
angry	0.335	0.030	0.177	0.070	0.221	0.048	0.120
neutral	0.290	0.000	0.050	0.005	0.213	0.001	0.441
neutral	0.361	0.000	0.102	0.010	0.152	0.002	0.373
angry	0.372	0.000	0.117	0.011	0.194	0.002	0.305
sad	0.224	0.000	0.241	0.002	0.380	0.002	0.150
angry	0.361	0.000	0.123	0.004	0.193	0.002	0.316
angry	0.264	0.000	0.229	0.005	0.237	0.004	0.260
sad	0.224	0.001	0.110	0.026	0.338	0.006	0.295
neutral	0.179	0.000	0.081	0.027	0.255	0.004	0.454
neutral	0.157	0.000	0.064	0.027	0.267	0.004	0.482
neutral	0.209	0.000	0.090	0.029	0.266	0.005	0.400
sad	0.231	0.000	0.117	0.006	0.326	0.005	0.315
neutral	0.198	0.000	0.139	0.006	0.294	0.003	0.359
neutral	0.238	0.000	0.100	0.010	0.196	0.005	0.451
neutral	0.242	0.000	0.101	0.008	0.252	0.005	0.392
angry	0.331	0.000	0.138	0.012	0.238	0.005	0.276
neutral	0.281	0.000	0.191	0.006	0.210	0.004	0.308
angry	0.371	0.000	0.162	0.006	0.199	0.004	0.257
angry	0.374	0.000	0.168	0.010	0.203	0.002	0.243
neutral	0.271	0.000	0.129	0.009	0.214	0.001	0.375
neutral	0.278	0.000	0.126	0.006	0.198	0.003	0.390
angry	0.427	0.000	0.113	0.007	0.177	0.005	0.270
angry	0.439	0.000	0.112	0.005	0.181	0.005	0.258
neutral	0.279	0.000	0.102	0.010	0.256	0.002	0.352
neutral	0.327	0.000	0.046	0.006	0.232	0.000	0.388
neutral	0.247	0.000	0.103	0.011	0.271	0.001	0.367
sad	0.246	0.000	0.197	0.027	0.282	0.003	0.244
neutral	0.347	0.000	0.050	0.008	0.202	0.001	0.392
fear	0.275	0.000	0.381	0.022	0.230	0.017	0.074
fear	0.277	0.001	0.328	0.034	0.201	0.022	0.137
fear	0.151	0.002	0.504	0.018	0.225	0.035	0.065
fear	0.153	0.002	0.471	0.018	0.235	0.039	0.083
fear	0.170	0.001	0.517	0.034	0.140	0.061	0.078
sad	0.210	0.004	0.238	0.010	0.371	0.021	0.146
fear	0.197	0.001	0.533	0.003	0.183	0.054	0.030
fear	0.207	0.000	0.323	0.007	0.220	0.013	0.230
fear	0.220	0.000	0.268	0.004	0.245	0.009	0.253
fear	0.171	0.000	0.308	0.008	0.237	0.013	0.262
sad	0.167	0.002	0.110	0.007	0.389	0.003	0.322
sad	0.285	0.001	0.132	0.011	0.293	0.004	0.273
sad	0.234	0.004	0.124	0.011	0.426	0.002	0.199
sad	0.211	0.000	0.240	0.008	0.364	0.006	0.171
angry	0.309	0.000	0.241	0.011	0.288	0.005	0.146
sad	0.300	0.001	0.198	0.021	0.335	0.008	0.138
angry	0.358	0.002	0.169	0.014	0.355	0.007	0.097
angry	0.447	0.001	0.150	0.010	0.305	0.005	0.082
sad	0.291	0.001	0.155	0.005	0.434	0.002	0.112
sad	0.315	0.006	0.048	0.007	0.426	0.001	0.196
sad	0.260	0.004	0.070	0.006	0.333	0.006	0.322
angry	0.482	0.001	0.124	0.002	0.272	0.002	0.116
angry	0.491	0.000	0.086	0.001	0.351	0.001	0.070
angry	0.435	0.000	0.082	0.002	0.349	0.001	0.130
angry	0.433	0.000	0.041	0.004	0.360	0.001	0.161
angry	0.542	0.000	0.065	0.007	0.244	0.002	0.139
angry	0.528	0.000	0.051	0.006	0.273	0.002	0.139
angry	0.620	0.000	0.054	0.003	0.216	0.001	0.106
angry	0.491	0.000	0.077	0.004	0.208	0.004	0.216
angry	0.403	0.000	0.106	0.003	0.188	0.006	0.294
neutral	0.200	0.000	0.037	0.013	0.118	0.002	0.630
neutral	0.312	0.000	0.067	0.006	0.233	0.005	0.378
neutral	0.232	0.000	0.058	0.006	0.227	0.003	0.473
neutral	0.183	0.000	0.078	0.004	0.248	0.002	0.484
neutral	0.275	0.000	0.063	0.005	0.221	0.002	0.433
neutral	0.263	0.001	0.083	0.004	0.266	0.002	0.381
neutral	0.272	0.001	0.104	0.004	0.270	0.002	0.345
angry	0.355	0.000	0.064	0.003	0.260	0.002	0.316
angry	0.315	0.001	0.127	0.007	0.285	0.002	0.264
neutral	0.222	0.001	0.121	0.004	0.247	0.002	0.404
sad	0.321	0.001	0.105	0.002	0.343	0.001	0.227
angry	0.376	0.001	0.071	0.001	0.356	0.001	0.194
neutral	0.273	0.001	0.119	0.004	0.227	0.002	0.375
angry	0.374	0.001	0.104	0.004	0.282	0.001	0.234
angry	0.400	0.000	0.128	0.003	0.309	0.001	0.158
neutral	0.210	0.001	0.092	0.005	0.337	0.001	0.355
neutral	0.256	0.001	0.090	0.004	0.252	0.001	0.396
sad	0.259	0.001	0.143	0.003	0.302	0.002	0.291
sad	0.297	0.001	0.093	0.002	0.329	0.001	0.277
neutral	0.216	0.001	0.090	0.003	0.311	0.001	0.378
neutral	0.257	0.001	0.127	0.003	0.292	0.001	0.319
angry	0.356	0.001	0.084	0.004	0.242	0.001	0.313
neutral	0.284	0.000	0.091	0.005	0.261	0.001	0.357
neutral	0.228	0.001	0.094	0.004	0.326	0.001	0.346
neutral	0.267	0.000	0.081	0.003	0.281	0.001	0.366
neutral	0.258	0.000	0.113	0.004	0.273	0.002	0.349
sad	0.275	0.000	0.087	0.003	0.349	0.002	0.284
sad	0.285	0.000	0.148	0.005	0.307	0.004	0.251
neutral	0.223	0.000	0.136	0.006	0.280	0.003	0.352
neutral	0.239	0.000	0.159	0.006	0.270	0.004	0.323
neutral	0.250	0.000	0.142	0.007	0.251	0.004	0.345
sad	0.217	0.000	0.207	0.004	0.317	0.003	0.252
angry	0.332	0.000	0.179	0.007	0.255	0.004	0.222
angry	0.317	0.000	0.200	0.003	0.281	0.003	0.196
angry	0.420	0.000	0.214	0.003	0.246	0.003	0.114
angry	0.328	0.000	0.184	0.006	0.254	0.005	0.223
angry	0.380	0.000	0.222	0.003	0.255	0.004	0.136
sad	0.294	0.000	0.179	0.004	0.361	0.003	0.158
sad	0.272	0.000	0.232	0.004	0.279	0.003	0.209
angry	0.360	0.000	0.118	0.006	0.299	0.003	0.214
angry	0.371	0.000	0.163	0.004	0.280	0.003	0.179
neutral	0.238	0.000	0.066	0.006	0.227	0.002	0.461
neutral	0.294	0.000	0.115	0.006	0.243	0.003	0.338
neutral	0.219	0.000	0.090	0.005	0.229	0.002	0.455
angry	0.370	0.000	0.128	0.006	0.311	0.003	0.181
sad	0.308	0.000	0.148	0.004	0.319	0.004	0.217
sad	0.282	0.000	0.138	0.009	0.344	0.008	0.219
neutral	0.245	0.000	0.164	0.006	0.265	0.004	0.316
sad	0.304	0.001	0.133	0.004	0.310	0.002	0.246
neutral	0.165	0.000	0.070	0.006	0.356	0.004	0.400
sad	0.183	0.000	0.080	0.005	0.414	0.003	0.314
sad	0.173	0.000	0.101	0.006	0.392	0.005	0.324
sad	0.129	0.000	0.060	0.004	0.497	0.004	0.307
sad	0.168	0.000	0.054	0.004	0.511	0.002	0.260
sad	0.135	0.000	0.082	0.003	0.461	0.001	0.317
sad	0.158	0.000	0.069	0.003	0.479	0.001	0.290
sad	0.152	0.000	0.084	0.004	0.414	0.001	0.345
sad	0.171	0.000	0.088	0.003	0.444	0.001	0.293
sad	0.159	0.000	0.077	0.004	0.494	0.001	0.264
neutral	0.149	0.000	0.080	0.005	0.300	0.001	0.465
sad	0.142	0.000	0.090	0.002	0.638	0.002	0.127
sad	0.171	0.000	0.090	0.003	0.498	0.002	0.235
sad	0.161	0.000	0.106	0.003	0.519	0.002	0.209
sad	0.168	0.000	0.093	0.003	0.586	0.002	0.148
sad	0.166	0.000	0.110	0.003	0.558	0.002	0.162
sad	0.148	0.000	0.095	0.003	0.586	0.002	0.165
sad	0.175	0.000	0.099	0.005	0.551	0.004	0.167
sad	0.150	0.000	0.102	0.005	0.495	0.001	0.246
sad	0.161	0.000	0.107	0.003	0.570	0.003	0.156
sad	0.129	0.000	0.083	0.003	0.609	0.002	0.175
sad	0.124	0.000	0.083	0.003	0.622	0.002	0.166
sad	0.124	0.000	0.128	0.003	0.554	0.002	0.190
sad	0.178	0.000	0.124	0.004	0.523	0.002	0.169
sad	0.166	0.000	0.138	0.005	0.531	0.004	0.156
sad	0.148	0.000	0.104	0.004	0.590	0.002	0.152
sad	0.168	0.000	0.107	0.005	0.522	0.003	0.194
sad	0.104	0.000	0.133	0.005	0.563	0.003	0.191
sad	0.141	0.000	0.095	0.003	0.581	0.002	0.178
sad	0.153	0.000	0.089	0.006	0.516	0.003	0.233
sad	0.127	0.000	0.079	0.003	0.589	0.001	0.202
sad	0.141	0.000	0.110	0.003	0.579	0.003	0.164
sad	0.112	0.000	0.114	0.005	0.541	0.002	0.227
sad	0.173	0.000	0.134	0.008	0.493	0.003	0.189
sad	0.147	0.000	0.093	0.004	0.557	0.001	0.198
sad	0.150	0.000	0.073	0.005	0.548	0.001	0.222
sad	0.185	0.000	0.108	0.005	0.516	0.001	0.186
sad	0.169	0.000	0.096	0.003	0.523	0.001	0.207
sad	0.178	0.000	0.104	0.003	0.565	0.001	0.148
sad	0.174	0.000	0.120	0.003	0.557	0.002	0.144
sad	0.141	0.000	0.120	0.006	0.506	0.002	0.224
sad	0.146	0.000	0.125	0.005	0.542	0.002	0.180
sad	0.167	0.000	0.101	0.003	0.560	0.002	0.166
sad	0.154	0.000	0.088	0.002	0.626	0.001	0.130
sad	0.138	0.000	0.101	0.005	0.599	0.002	0.156
sad	0.139	0.000	0.097	0.003	0.614	0.002	0.144
sad	0.149	0.000	0.083	0.002	0.605	0.001	0.160
sad	0.153	0.000	0.072	0.001	0.639	0.001	0.133
sad	0.124	0.000	0.080	0.006	0.529	0.002	0.258
sad	0.159	0.000	0.078	0.004	0.524	0.001	0.233
sad	0.184	0.000	0.156	0.005	0.414	0.002	0.240
neutral	0.174	0.000	0.112	0.006	0.340	0.001	0.367
sad	0.183	0.000	0.102	0.011	0.418	0.003	0.283
sad	0.191	0.000	0.135	0.013	0.410	0.004	0.246
sad	0.151	0.000	0.074	0.013	0.405	0.005	0.352
neutral	0.126	0.000	0.073	0.020	0.265	0.005	0.511
sad	0.249	0.000	0.070	0.017	0.342	0.006	0.314
sad	0.142	0.000	0.101	0.010	0.371	0.007	0.368
sad	0.130	0.000	0.110	0.017	0.376	0.005	0.363
sad	0.116	0.000	0.147	0.015	0.379	0.008	0.334
neutral	0.065	0.000	0.110	0.028	0.352	0.034	0.411
neutral	0.081	0.000	0.075	0.053	0.258	0.057	0.477
neutral	0.067	0.000	0.052	0.030	0.244	0.027	0.579
