prediction	angry	disgust	fear	happy	sad	surprise	neutral
sad	0.038	0.005	0.258	0.040	0.554	0.051	0.054
happy	0.008	0.000	0.012	0.492	0.215	0.007	0.267
neutral	0.016	0.000	0.063	0.102	0.238	0.007	0.574
sad	0.006	0.001	0.047	0.112	0.562	0.005	0.268
sad	0.065	0.000	0.039	0.212	0.437	0.036	0.211
happy	0.056	0.000	0.018	0.377	0.276	0.023	0.249
sad	0.105	0.003	0.027	0.012	0.558	0.004	0.292
sad	0.126	0.002	0.036	0.006	0.531	0.016	0.282
sad	0.264	0.004	0.044	0.022	0.433	0.010	0.223
sad	0.008	0.000	0.012	0.002	0.677	0.004	0.297
sad	0.143	0.001	0.010	0.027	0.425	0.001	0.393
neutral	0.047	0.000	0.009	0.011	0.411	0.001	0.520
neutral	0.024	0.000	0.003	0.004	0.270	0.001	0.698
neutral	0.082	0.000	0.019	0.012	0.254	0.003	0.631
neutral	0.080	0.000	0.064	0.017	0.382	0.014	0.443
neutral	0.027	0.000	0.138	0.022	0.281	0.005	0.528
neutral	0.046	0.000	0.122	0.011	0.297	0.016	0.507
neutral	0.095	0.000	0.162	0.026	0.238	0.008	0.470
neutral	0.143	0.000	0.090	0.023	0.252	0.013	0.479
neutral	0.104	0.000	0.093	0.044	0.256	0.006	0.498
neutral	0.068	0.000	0.097	0.013	0.279	0.005	0.538
neutral	0.126	0.000	0.076	0.026	0.227	0.010	0.536
neutral	0.067	0.000	0.089	0.009	0.244	0.006	0.585
neutral	0.053	0.000	0.026	0.022	0.199	0.003	0.697
sad	0.073	0.000	0.132	0.028	0.453	0.038	0.275
sad	0.057	0.000	0.093	0.004	0.578	0.024	0.244
neutral	0.082	0.000	0.125	0.010	0.351	0.017	0.415
neutral	0.047	0.000	0.017	0.004	0.171	0.002	0.759
neutral	0.031	0.000	0.015	0.005	0.168	0.003	0.777
neutral	0.057	0.000	0.009	0.010	0.189	0.002	0.732
neutral	0.069	0.000	0.025	0.015	0.208	0.002	0.682
neutral	0.081	0.000	0.036	0.007	0.168	0.006	0.702
neutral	0.086	0.000	0.037	0.011	0.262	0.006	0.599
neutral	0.074	0.000	0.044	0.012	0.194	0.003	0.673
sad	0.145	0.002	0.062	0.007	0.457	0.010	0.318
neutral	0.068	0.001	0.029	0.021	0.259	0.005	0.616
neutral	0.037	0.000	0.015	0.012	0.081	0.001	0.854
neutral	0.060	0.000	0.026	0.016	0.184	0.001	0.712
neutral	0.063	0.000	0.038	0.021	0.293	0.005	0.579
neutral	0.065	0.000	0.045	0.030	0.274	0.008	0.577
neutral	0.052	0.001	0.048	0.021	0.367	0.010	0.501
neutral	0.084	0.000	0.066	0.014	0.324	0.010	0.502
sad	0.130	0.001	0.089	0.011	0.415	0.012	0.343
sad	0.086	0.001	0.061	0.004	0.559	0.008	0.281
neutral	0.093	0.000	0.019	0.004	0.227	0.003	0.654
neutral	0.042	0.000	0.015	0.006	0.243	0.002	0.693
neutral	0.059	0.001	0.012	0.009	0.131	0.002	0.786
neutral	0.048	0.000	0.024	0.016	0.225	0.006	0.679
neutral	0.068	0.001	0.023	0.008	0.337	0.005	0.557
neutral	0.089	0.001	0.016	0.005	0.258	0.002	0.629
neutral	0.049	0.000	0.042	0.009	0.396	0.005	0.499
sad	0.086	0.001	0.050	0.002	0.639	0.016	0.207
neutral	0.075	0.000	0.048	0.003	0.396	0.004	0.474
sad	0.055	0.002	0.028	0.004	0.562	0.003	0.345
neutral	0.066	0.001	0.035	0.007	0.356	0.007	0.528
neutral	0.073	0.001	0.041	0.004	0.373	0.007	0.500
neutral	0.092	0.002	0.017	0.007	0.266	0.002	0.614
neutral	0.051	0.001	0.018	0.014	0.287	0.003	0.625
sad	0.082	0.002	0.048	0.008	0.474	0.006	0.382
neutral	0.056	0.000	0.027	0.006	0.297	0.004	0.611
neutral	0.057	0.000	0.015	0.003	0.153	0.002	0.769
neutral	0.063	0.001	0.041	0.007	0.289	0.005	0.596
neutral	0.063	0.002	0.057	0.006	0.326	0.005	0.540
neutral	0.084	0.001	0.044	0.003	0.429	0.002	0.437
neutral	0.049	0.000	0.036	0.008	0.259	0.002	0.647
sad	0.135	0.001	0.071	0.003	0.467	0.005	0.320
neutral	0.110	0.001	0.052	0.004	0.346	0.005	0.483
neutral	0.121	0.001	0.043	0.006	0.315	0.004	0.511
sad	0.217	0.000	0.061	0.005	0.482	0.006	0.230
sad	0.087	0.001	0.056	0.002	0.541	0.004	0.308
sad	0.112	0.000	0.070	0.003	0.578	0.005	0.232
sad	0.115	0.000	0.071	0.004	0.608	0.006	0.196
neutral	0.116	0.000	0.035	0.005	0.246	0.006	0.593
sad	0.101	0.001	0.058	0.001	0.513	0.004	0.322
sad	0.113	0.000	0.039	0.003	0.448	0.008	0.389
sad	0.109	0.001	0.105	0.002	0.481	0.013	0.289
sad	0.139	0.001	0.111	0.006	0.452	0.030	0.260
sad	0.164	0.001	0.110	0.005	0.547	0.015	0.159
neutral	0.073	0.000	0.067	0.004	0.255	0.004	0.597
neutral	0.115	0.000	0.049	0.011	0.350	0.002	0.473
neutral	0.070	0.000	0.053	0.006	0.235	0.004	0.631
neutral	0.112	0.001	0.056	0.010	0.367	0.004	0.451
sad	0.139	0.001	0.086	0.002	0.622	0.009	0.140
sad	0.119	0.001	0.064	0.008	0.598	0.007	0.203
sad	0.158	0.000	0.053	0.006	0.497	0.011	0.276
sad	0.166	0.001	0.063	0.011	0.388	0.015	0.357
neutral	0.067	0.000	0.025	0.004	0.134	0.002	0.767
neutral	0.084	0.000	0.029	0.005	0.190	0.004	0.689
neutral	0.069	0.000	0.019	0.003	0.132	0.002	0.775
neutral	0.043	0.000	0.024	0.005	0.138	0.002	0.787
neutral	0.070	0.000	0.036	0.005	0.150	0.003	0.736
neutral	0.048	0.000	0.027	0.004	0.094	0.002	0.826
neutral	0.109	0.000	0.027	0.003	0.159	0.003	0.699
neutral	0.060	0.000	0.023	0.003	0.126	0.003	0.785
neutral	0.061	0.000	0.033	0.005	0.162	0.003	0.735
neutral	0.060	0.000	0.017	0.006	0.109	0.003	0.804
neutral	0.062	0.000	0.022	0.006	0.160	0.003	0.747
neutral	0.109	0.000	0.046	0.003	0.260	0.003	0.579
neutral	0.062	0.000	0.020	0.005	0.103	0.003	0.808
neutral	0.044	0.000	0.025	0.005	0.185	0.001	0.740
neutral	0.048	0.000	0.016	0.007	0.170	0.002	0.756
neutral	0.061	0.000	0.017	0.011	0.157	0.003	0.751
neutral	0.112	0.000	0.028	0.006	0.244	0.006	0.604
neutral	0.060	0.000	0.018	0.010	0.207	0.003	0.702
neutral	0.036	0.000	0.031	0.008	0.211	0.003	0.712
neutral	0.080	0.000	0.022	0.005	0.233	0.005	0.654
neutral	0.047	0.000	0.011	0.007	0.118	0.006	0.811
neutral	0.073	0.000	0.021	0.004	0.155	0.004	0.743
neutral	0.042	0.000	0.009	0.015	0.064	0.003	0.867
neutral	0.064	0.000	0.013	0.025	0.122	0.003	0.773
neutral	0.085	0.000	0.015	0.018	0.126	0.002	0.753
neutral	0.058	0.000	0.017	0.014	0.210	0.004	0.697
neutral	0.070	0.000	0.020	0.008	0.324	0.002	0.576
neutral	0.022	0.000	0.004	0.008	0.067	0.000	0.899
neutral	0.033	0.000	0.010	0.014	0.121	0.001	0.822
neutral	0.016	0.000	0.008	0.023	0.234	0.001	0.720
neutral	0.047	0.000	0.009	0.012	0.158	0.001	0.774
neutral	0.060	0.000	0.006	0.013	0.128	0.000	0.793
neutral	0.039	0.000	0.008	0.012	0.110	0.001	0.831
neutral	0.056	0.000	0.009	0.009	0.127	0.001	0.798
neutral	0.057	0.000	0.011	0.017	0.137	0.001	0.777
neutral	0.051	0.000	0.009	0.015	0.172	0.001	0.752
neutral	0.029	0.000	0.004	0.012	0.092	0.001	0.862
neutral	0.027	0.000	0.004	0.011	0.095	0.001	0.862
neutral	0.018	0.000	0.005	0.018	0.055	0.000	0.903
neutral	0.025	0.000	0.003	0.019	0.073	0.001	0.880
neutral	0.029	0.000	0.007	0.019	0.109	0.001	0.836
neutral	0.041	0.000	0.006	0.015	0.167	0.001	0.770
neutral	0.031	0.000	0.008	0.015	0.103	0.000	0.843
neutral	0.067	0.000	0.021	0.006	0.268	0.001	0.636
neutral	0.064	0.000	0.011	0.006	0.106	0.001	0.811
neutral	0.067	0.000	0.016	0.005	0.214	0.001	0.697
neutral	0.083	0.000	0.017	0.005	0.141	0.001	0.754
neutral	0.046	0.000	0.017	0.007	0.140	0.002	0.789
neutral	0.055	0.000	0.022	0.012	0.112	0.002	0.796
neutral	0.072	0.000	0.024	0.005	0.112	0.002	0.785
neutral	0.079	0.000	0.012	0.005	0.129	0.002	0.772
neutral	0.067	0.000	0.034	0.006	0.170	0.002	0.721
neutral	0.058	0.000	0.008	0.005	0.114	0.000	0.814
neutral	0.054	0.000	0.022	0.004	0.199	0.002	0.720
sad	0.081	0.000	0.078	0.005	0.558	0.013	0.266
sad	0.131	0.000	0.077	0.006	0.546	0.020	0.221
sad	0.134	0.000	0.071	0.013	0.534	0.017	0.231
sad	0.112	0.000	0.141	0.007	0.399	0.025	0.317
sad	0.071	0.000	0.089	0.015	0.577	0.028	0.221
neutral	0.042	0.000	0.064	0.011	0.331	0.013	0.540
neutral	0.060	0.000	0.075	0.007	0.207	0.011	0.640
neutral	0.080	0.000	0.024	0.006	0.172	0.002	0.715
neutral	0.064	0.000	0.015	0.008	0.115	0.001	0.798
sad	0.153	0.000	0.224	0.009	0.389	0.077	0.148
sad	0.054	0.000	0.114	0.008	0.666	0.030	0.128
sad	0.066	0.000	0.106	0.009	0.559	0.010	0.249
neutral	0.050	0.000	0.041	0.006	0.262	0.002	0.640
sad	0.061	0.001	0.037	0.013	0.470	0.003	0.415
neutral	0.048	0.000	0.027	0.005	0.218	0.001	0.701
neutral	0.037	0.000	0.024	0.013	0.245	0.002	0.680
neutral	0.103	0.001	0.020	0.006	0.332	0.001	0.537
sad	0.109	0.001	0.067	0.003	0.622	0.011	0.186
sad	0.119	0.000	0.088	0.008	0.482	0.010	0.293
neutral	0.064	0.000	0.037	0.005	0.232	0.003	0.658
neutral	0.050	0.000	0.020	0.010	0.311	0.001	0.609
sad	0.058	0.001	0.035	0.006	0.474	0.003	0.424
neutral	0.070	0.002	0.062	0.016	0.408	0.013	0.429
sad	0.102	0.000	0.101	0.020	0.388	0.021	0.367
neutral	0.048	0.000	0.034	0.004	0.195	0.004	0.714
neutral	0.160	0.000	0.019	0.003	0.254	0.002	0.561
neutral	0.134	0.000	0.023	0.003	0.247	0.004	0.589
sad	0.075	0.002	0.026	0.007	0.481	0.002	0.408
neutral	0.077	0.001	0.040	0.005	0.317	0.005	0.554
sad	0.065	0.002	0.057	0.006	0.547	0.011	0.312
neutral	0.064	0.000	0.022	0.005	0.292	0.003	0.613
neutral	0.082	0.002	0.032	0.011	0.411	0.002	0.461
neutral	0.071	0.001	0.037	0.008	0.319	0.008	0.556
neutral	0.083	0.001	0.029	0.004	0.418	0.004	0.461
neutral	0.040	0.000	0.021	0.007	0.092	0.001	0.838
sad	0.083	0.000	0.053	0.007	0.455	0.003	0.398
neutral	0.103	0.001	0.046	0.014	0.393	0.006	0.437
neutral	0.095	0.000	0.032	0.008	0.157	0.003	0.704
neutral	0.094	0.000	0.031	0.010	0.376	0.002	0.487
neutral	0.076	0.002	0.046	0.018	0.328	0.007	0.522
neutral	0.063	0.001	0.032	0.007	0.294	0.003	0.601
neutral	0.166	0.000	0.035	0.016	0.225	0.005	0.553
neutral	0.093	0.000	0.047	0.005	0.422	0.004	0.428
neutral	0.134	0.001	0.036	0.007	0.263	0.007	0.552
neutral	0.133	0.002	0.066	0.008	0.361	0.008	0.423
sad	0.080	0.001	0.040	0.008	0.488	0.004	0.380
sad	0.124	0.003	0.111	0.003	0.517	0.013	0.228
sad	0.092	0.000	0.084	0.006	0.513	0.007	0.299
neutral	0.090	0.000	0.057	0.012	0.386	0.006	0.449
neutral	0.109	0.001	0.056	0.011	0.351	0.008	0.464
neutral	0.147	0.001	0.064	0.005	0.371	0.006	0.406
neutral	0.038	0.000	0.013	0.006	0.096	0.001	0.846
sad	0.097	0.001	0.039	0.012	0.439	0.004	0.409
sad	0.111	0.002	0.077	0.003	0.536	0.008	0.263
neutral	0.105	0.000	0.043	0.006	0.239	0.004	0.602
neutral	0.088	0.000	0.061	0.005	0.249	0.006	0.591
neutral	0.079	0.000	0.033	0.007	0.148	0.005	0.727
neutral	0.088	0.000	0.049	0.004	0.249	0.005	0.604
neutral	0.063	0.000	0.040	0.014	0.175	0.005	0.703
neutral	0.033	0.000	0.027	0.003	0.261	0.001	0.675
neutral	0.111	0.000	0.077	0.008	0.296	0.009	0.499
neutral	0.119	0.000	0.029	0.004	0.197	0.004	0.646
neutral	0.082	0.000	0.037	0.011	0.215	0.005	0.650
neutral	0.085	0.000	0.040	0.007	0.194	0.004	0.671
neutral	0.087	0.000	0.038	0.008	0.271	0.005	0.592
neutral	0.050	0.000	0.026	0.006	0.154	0.003	0.761
neutral	0.070	0.000	0.033	0.006	0.244	0.004	0.643
neutral	0.035	0.000	0.007	0.006	0.080	0.001	0.870
neutral	0.061	0.000	0.018	0.008	0.129	0.002	0.781
neutral	0.056	0.000	0.018	0.004	0.107	0.002	0.812
neutral	0.034	0.000	0.008	0.008	0.106	0.001	0.842
neutral	0.050	0.000	0.010	0.013	0.100	0.001	0.824
neutral	0.051	0.000	0.016	0.007	0.115	0.002	0.810
neutral	0.027	0.000	0.010	0.010	0.081	0.002	0.870
neutral	0.031	0.000	0.017	0.006	0.144	0.001	0.801
neutral	0.054	0.000	0.016	0.004	0.114	0.002	0.810
neutral	0.058	0.000	0.014	0.006	0.148	0.002	0.772
neutral	0.060	0.000	0.015	0.006	0.106	0.002	0.811
neutral	0.035	0.000	0.011	0.008	0.098	0.002	0.846
neutral	0.085	0.000	0.017	0.004	0.115	0.001	0.778
neutral	0.071	0.000	0.011	0.006	0.149	0.002	0.762
neutral	0.029	0.000	0.014	0.007	0.085	0.002	0.862
neutral	0.025	0.000	0.013	0.005	0.110	0.002	0.845
neutral	0.028	0.000	0.015	0.006	0.115	0.001	0.835
neutral	0.049	0.000	0.017	0.003	0.117	0.001	0.812
neutral	0.058	0.000	0.013	0.003	0.164	0.001	0.760
neutral	0.058	0.000	0.027	0.007	0.165	0.002	0.741
neutral	0.063	0.000	0.019	0.003	0.135	0.001	0.779
neutral	0.043	0.000	0.010	0.006	0.100	0.001	0.840
neutral	0.042	0.000	0.015	0.006	0.149	0.001	0.787
neutral	0.047	0.000	0.012	0.006	0.165	0.002	0.769
neutral	0.047	0.000	0.012	0.005	0.205	0.001	0.729
neutral	0.072	0.000	0.030	0.006	0.222	0.001	0.669
neutral	0.112	0.000	0.027	0.004	0.266	0.001	0.589
neutral	0.053	0.000	0.021	0.004	0.155	0.001	0.766
neutral	0.047	0.000	0.022	0.007	0.196	0.003	0.725
neutral	0.027	0.000	0.007	0.003	0.087	0.001	0.874
neutral	0.030	0.000	0.013	0.007	0.077	0.002	0.870
neutral	0.019	0.000	0.010	0.006	0.095	0.001	0.869
neutral	0.037	0.000	0.011	0.004	0.144	0.001	0.803
neutral	0.015	0.000	0.012	0.009	0.137	0.001	0.826
neutral	0.022	0.000	0.017	0.008	0.107	0.002	0.844
neutral	0.055	0.000	0.020	0.005	0.129	0.004	0.787
neutral	0.092	0.000	0.033	0.003	0.150	0.003	0.719
neutral	0.028	0.000	0.008	0.005	0.152	0.001	0.805
neutral	0.042	0.000	0.020	0.005	0.209	0.001	0.723
neutral	0.065	0.000	0.043	0.008	0.359	0.003	0.522
neutral	0.043	0.000	0.033	0.004	0.260	0.002	0.658
neutral	0.049	0.000	0.026	0.004	0.213	0.002	0.706
neutral	0.083	0.000	0.034	0.005	0.210	0.004	0.664
neutral	0.067	0.000	0.034	0.007	0.256	0.003	0.632
neutral	0.049	0.000	0.032	0.006	0.184	0.002	0.727
neutral	0.060	0.000	0.037	0.003	0.339	0.002	0.559
neutral	0.065	0.000	0.028	0.007	0.364	0.002	0.535
neutral	0.044	0.000	0.026	0.003	0.240	0.002	0.685
neutral	0.048	0.000	0.041	0.001	0.311	0.003	0.596
neutral	0.060	0.000	0.024	0.002	0.249	0.001	0.663
neutral	0.036	0.000	0.011	0.004	0.255	0.001	0.693
neutral	0.046	0.000	0.019	0.006	0.243	0.002	0.684
neutral	0.047	0.000	0.014	0.004	0.160	0.001	0.775
neutral	0.026	0.000	0.011	0.007	0.134	0.001	0.821
neutral	0.058	0.000	0.024	0.005	0.208	0.001	0.704
neutral	0.072	0.000	0.021	0.007	0.130	0.001	0.769
neutral	0.034	0.000	0.015	0.009	0.156	0.001	0.785
neutral	0.055	0.000	0.025	0.005	0.164	0.002	0.750
neutral	0.076	0.000	0.034	0.004	0.188	0.002	0.696
neutral	0.093	0.000	0.034	0.005	0.267	0.002	0.599
neutral	0.120	0.000	0.034	0.005	0.204	0.002	0.635
neutral	0.060	0.000	0.022	0.006	0.188	0.001	0.722
neutral	0.074	0.000	0.029	0.005	0.277	0.002	0.612
neutral	0.084	0.000	0.029	0.006	0.277	0.002	0.602
neutral	0.052	0.000	0.018	0.008	0.110	0.001	0.811
neutral	0.063	0.000	0.026	0.006	0.216	0.001	0.688
neutral	0.076	0.000	0.032	0.011	0.163	0.004	0.715
neutral	0.074	0.000	0.018	0.004	0.142	0.002	0.761
neutral	0.058	0.000	0.026	0.004	0.298	0.002	0.612
neutral	0.051	0.000	0.030	0.006	0.275	0.001	0.636
neutral	0.067	0.000	0.028	0.008	0.241	0.001	0.654
neutral	0.093	0.000	0.044	0.005	0.201	0.002	0.656
neutral	0.055	0.000	0.024	0.008	0.272	0.001	0.640
neutral	0.047	0.000	0.023	0.005	0.249	0.003	0.674
neutral	0.061	0.000	0.038	0.005	0.192	0.002	0.702
neutral	0.070	0.000	0.037	0.006	0.226	0.002	0.659
neutral	0.057	0.000	0.036	0.007	0.212	0.002	0.685
neutral	0.092	0.000	0.030	0.006	0.147	0.002	0.723
neutral	0.051	0.000	0.024	0.006	0.260	0.002	0.656
neutral	0.093	0.000	0.030	0.005	0.205	0.003	0.664
neutral	0.086	0.000	0.038	0.004	0.186	0.002	0.684
neutral	0.072	0.000	0.023	0.006	0.184	0.002	0.712
neutral	0.057	0.000	0.034	0.003	0.169	0.002	0.734
neutral	0.140	0.000	0.039	0.006	0.238	0.002	0.575
neutral	0.075	0.000	0.024	0.005	0.165	0.002	0.729
neutral	0.089	0.000	0.032	0.005	0.191	0.002	0.681
neutral	0.054	0.000	0.031	0.005	0.154	0.002	0.754
neutral	0.047	0.000	0.018	0.010	0.115	0.001	0.808
neutral	0.061	0.000	0.027	0.005	0.249	0.002	0.657
neutral	0.083	0.000	0.033	0.005	0.144	0.002	0.733
neutral	0.057	0.000	0.019	0.004	0.165	0.001	0.752
neutral	0.144	0.000	0.044	0.003	0.221	0.002	0.586
neutral	0.079	0.000	0.016	0.004	0.218	0.001	0.682
neutral	0.075	0.000	0.026	0.008	0.161	0.002	0.728
neutral	0.083	0.000	0.026	0.009	0.132	0.003	0.746
neutral	0.061	0.000	0.023	0.007	0.117	0.002	0.790
neutral	0.081	0.000	0.039	0.007	0.221	0.001	0.652
neutral	0.034	0.000	0.016	0.007	0.237	0.001	0.704
neutral	0.032	0.000	0.019	0.006	0.263	0.001	0.679
neutral	0.043	0.000	0.030	0.010	0.208	0.002	0.708
neutral	0.024	0.000	0.028	0.009	0.148	0.002	0.790
neutral	0.052	0.000	0.033	0.009	0.257	0.002	0.648
neutral	0.040	0.000	0.021	0.007	0.281	0.001	0.651
neutral	0.034	0.000	0.019	0.007	0.242	0.001	0.698
neutral	0.044	0.000	0.026	0.007	0.323	0.001	0.599
neutral	0.023	0.000	0.013	0.005	0.141	0.001	0.817
neutral	0.025	0.000	0.012	0.005	0.175	0.000	0.782
neutral	0.053	0.000	0.024	0.006	0.183	0.001	0.732
neutral	0.051	0.000	0.020	0.006	0.238	0.002	0.682
neutral	0.042	0.000	0.023	0.007	0.249	0.001	0.678
neutral	0.077	0.000	0.031	0.006	0.164	0.002	0.721
neutral	0.064	0.000	0.032	0.005	0.181	0.002	0.717
neutral	0.077	0.000	0.037	0.011	0.140	0.003	0.732
neutral	0.054	0.000	0.037	0.009	0.222	0.003	0.674
neutral	0.066	0.000	0.037	0.004	0.199	0.002	0.691
neutral	0.050	0.000	0.018	0.007	0.233	0.001	0.691
neutral	0.112	0.000	0.033	0.004	0.141	0.003	0.707
neutral	0.052	0.000	0.020	0.005	0.273	0.002	0.647
neutral	0.073	0.000	0.037	0.006	0.150	0.002	0.732
neutral	0.024	0.000	0.008	0.005	0.094	0.001	0.869
neutral	0.047	0.000	0.010	0.005	0.138	0.001	0.799
neutral	0.069	0.000	0.007	0.008	0.125	0.000	0.790
neutral	0.025	0.000	0.006	0.025	0.120	0.000	0.823
neutral	0.018	0.000	0.007	0.012	0.116	0.000	0.846
neutral	0.014	0.000	0.005	0.014	0.114	0.000	0.852
neutral	0.016	0.000	0.005	0.013	0.076	0.001	0.890
neutral	0.017	0.000	0.010	0.012	0.111	0.001	0.848
neutral	0.021	0.000	0.019	0.007	0.162	0.001	0.789
neutral	0.023	0.000	0.013	0.012	0.123	0.001	0.827
neutral	0.017	0.000	0.013	0.009	0.164	0.000	0.795
neutral	0.015	0.000	0.013	0.008	0.161	0.001	0.801
neutral	0.012	0.000	0.012	0.008	0.167	0.000	0.801
neutral	0.028	0.000	0.014	0.007	0.191	0.001	0.758
neutral	0.020	0.000	0.012	0.008	0.147	0.000	0.813
neutral	0.049	0.000	0.034	0.007	0.205	0.001	0.703
neutral	0.034	0.000	0.026	0.008	0.179	0.001	0.752
neutral	0.029	0.001	0.020	0.009	0.289	0.000	0.653
neutral	0.058	0.000	0.025	0.011	0.203	0.002	0.702
neutral	0.080	0.000	0.034	0.007	0.205	0.002	0.673
neutral	0.044	0.000	0.011	0.004	0.093	0.001	0.847
neutral	0.121	0.000	0.041	0.008	0.248	0.005	0.578
neutral	0.083	0.000	0.063	0.004	0.203	0.005	0.641
neutral	0.060	0.000	0.029	0.008	0.170	0.002	0.731
neutral	0.042	0.000	0.022	0.008	0.170	0.001	0.758
neutral	0.043	0.000	0.024	0.006	0.147	0.001	0.778
neutral	0.028	0.000	0.016	0.009	0.186	0.001	0.760
neutral	0.021	0.000	0.013	0.009	0.182	0.001	0.774
neutral	0.023	0.000	0.019	0.012	0.129	0.002	0.815
neutral	0.013	0.000	0.011	0.007	0.144	0.001	0.824
neutral	0.037	0.000	0.017	0.008	0.173	0.001	0.763
neutral	0.030	0.000	0.021	0.011	0.145	0.001	0.791
neutral	0.022	0.000	0.013	0.007	0.136	0.001	0.821
neutral	0.022	0.000	0.014	0.007	0.154	0.001	0.802
neutral	0.025	0.000	0.016	0.007	0.158	0.001	0.792
neutral	0.084	0.000	0.037	0.005	0.165	0.003	0.706
neutral	0.086	0.000	0.046	0.005	0.220	0.003	0.640
neutral	0.074	0.000	0.031	0.009	0.235	0.005	0.647
neutral	0.084	0.000	0.036	0.006	0.206	0.003	0.664
neutral	0.085	0.000	0.046	0.007	0.231	0.003	0.628
neutral	0.069	0.000	0.026	0.008	0.237	0.002	0.659
neutral	0.066	0.000	0.037	0.014	0.200	0.003	0.680
neutral	0.049	0.000	0.073	0.005	0.225	0.006	0.642
neutral	0.105	0.000	0.065	0.007	0.237	0.003	0.584
neutral	0.036	0.000	0.036	0.007	0.248	0.002	0.671
neutral	0.031	0.000	0.019	0.006	0.162	0.001	0.780
neutral	0.071	0.000	0.039	0.004	0.210	0.003	0.672
neutral	0.068	0.000	0.032	0.006	0.166	0.003	0.725
neutral	0.171	0.000	0.035	0.007	0.195	0.004	0.588
neutral	0.044	0.000	0.043	0.009	0.252	0.003	0.649
neutral	0.018	0.000	0.011	0.011	0.092	0.001	0.867
neutral	0.023	0.000	0.010	0.010	0.108	0.001	0.849
neutral	0.054	0.000	0.030	0.007	0.252	0.002	0.655
neutral	0.025	0.000	0.017	0.005	0.132	0.001	0.819
neutral	0.063	0.000	0.022	0.008	0.199	0.003	0.705
neutral	0.057	0.000	0.034	0.004	0.288	0.003	0.615
neutral	0.038	0.000	0.014	0.007	0.149	0.001	0.791
neutral	0.015	0.000	0.015	0.007	0.177	0.001	0.784
neutral	0.032	0.000	0.017	0.008	0.133	0.001	0.809
neutral	0.036	0.000	0.017	0.007	0.179	0.001	0.759
neutral	0.046	0.000	0.020	0.006	0.165	0.002	0.762
neutral	0.041	0.000	0.017	0.005	0.251	0.001	0.684
neutral	0.047	0.000	0.022	0.005	0.233	0.002	0.691
neutral	0.070	0.000	0.027	0.007	0.163	0.002	0.732
neutral	0.052	0.000	0.022	0.005	0.204	0.002	0.716
neutral	0.061	0.000	0.034	0.007	0.238	0.002	0.658
neutral	0.086	0.000	0.056	0.006	0.211	0.003	0.638
neutral	0.085	0.000	0.060	0.006	0.269	0.002	0.579
neutral	0.053	0.000	0.030	0.007	0.170	0.002	0.737
neutral	0.096	0.000	0.049	0.006	0.186	0.003	0.660
neutral	0.056	0.000	0.020	0.006	0.158	0.002	0.758
neutral	0.033	0.000	0.014	0.008	0.158	0.003	0.785
neutral	0.129	0.000	0.038	0.007	0.169	0.004	0.653
neutral	0.048	0.000	0.020	0.007	0.140	0.002	0.783
neutral	0.031	0.000	0.010	0.008	0.143	0.001	0.807
neutral	0.057	0.000	0.026	0.009	0.244	0.002	0.662
neutral	0.100	0.000	0.042	0.006	0.205	0.002	0.645
neutral	0.055	0.000	0.028	0.005	0.167	0.002	0.741
neutral	0.069	0.000	0.031	0.011	0.248	0.002	0.638
neutral	0.065	0.000	0.029	0.004	0.167	0.002	0.733
neutral	0.045	0.000	0.021	0.004	0.213	0.001	0.715
neutral	0.051	0.000	0.021	0.012	0.109	0.002	0.805
neutral	0.051	0.000	0.032	0.010	0.160	0.003	0.745
neutral	0.049	0.000	0.028	0.003	0.205	0.003	0.711
neutral	0.042	0.000	0.015	0.008	0.138	0.001	0.795
neutral	0.055	0.000	0.027	0.005	0.182	0.002	0.728
neutral	0.028	0.000	0.013	0.006	0.177	0.001	0.775
neutral	0.061	0.000	0.029	0.012	0.141	0.002	0.755
neutral	0.050	0.000	0.052	0.004	0.218	0.003	0.673
neutral	0.026	0.000	0.016	0.007	0.152	0.001	0.798
neutral	0.019	0.000	0.008	0.009	0.100	0.001	0.864
neutral	0.034	0.000	0.010	0.006	0.099	0.001	0.851
neutral	0.038	0.000	0.010	0.006	0.089	0.001	0.857
neutral	0.045	0.000	0.012	0.008	0.122	0.002	0.811
neutral	0.031	0.000	0.011	0.007	0.086	0.001	0.863
neutral	0.049	0.000	0.016	0.008	0.136	0.002	0.789
neutral	0.032	0.000	0.010	0.007	0.091	0.001	0.858
neutral	0.051	0.000	0.011	0.005	0.121	0.001	0.811
neutral	0.047	0.000	0.015	0.005	0.120	0.002	0.811
neutral	0.049	0.000	0.015	0.005	0.105	0.002	0.824
neutral	0.036	0.000	0.016	0.009	0.116	0.001	0.822
neutral	0.035	0.001	0.014	0.006	0.144	0.001	0.800
neutral	0.069	0.000	0.018	0.004	0.081	0.002	0.826
neutral	0.039	0.000	0.017	0.005	0.119	0.001	0.818
neutral	0.045	0.000	0.012	0.005	0.083	0.002	0.853
neutral	0.082	0.000	0.017	0.005	0.091	0.002	0.804
neutral	0.073	0.000	0.022	0.004	0.169	0.002	0.731
neutral	0.066	0.000	0.017	0.005	0.098	0.002	0.812
neutral	0.093	0.000	0.026	0.002	0.136	0.003	0.740
neutral	0.034	0.000	0.012	0.007	0.064	0.001	0.882
neutral	0.060	0.000	0.034	0.006	0.118	0.003	0.778
neutral	0.033	0.000	0.047	0.003	0.233	0.001	0.682
neutral	0.066	0.000	0.041	0.004	0.167	0.003	0.719
neutral	0.111	0.000	0.018	0.004	0.102	0.004	0.761
neutral	0.068	0.000	0.023	0.005	0.098	0.003	0.803
neutral	0.138	0.000	0.030	0.005	0.116	0.006	0.705
neutral	0.054	0.000	0.021	0.004	0.083	0.002	0.836
neutral	0.083	0.000	0.025	0.006	0.125	0.002	0.759
neutral	0.133	0.000	0.022	0.003	0.101	0.003	0.737
neutral	0.064	0.000	0.016	0.005	0.142	0.001	0.771
neutral	0.044	0.001	0.020	0.007	0.180	0.001	0.748
neutral	0.063	0.001	0.033	0.004	0.234	0.001	0.664
neutral	0.031	0.000	0.011	0.005	0.110	0.000	0.843
neutral	0.114	0.000	0.024	0.004	0.126	0.004	0.728
neutral	0.053	0.000	0.015	0.003	0.192	0.001	0.735
neutral	0.080	0.000	0.027	0.003	0.139	0.004	0.746
neutral	0.032	0.001	0.012	0.006	0.087	0.000	0.862
neutral	0.078	0.000	0.029	0.003	0.166	0.004	0.721
neutral	0.043	0.000	0.036	0.003	0.245	0.001	0.672
neutral	0.066	0.000	0.029	0.002	0.144	0.003	0.756
neutral	0.025	0.000	0.011	0.010	0.101	0.001	0.853
neutral	0.069	0.000	0.028	0.002	0.133	0.002	0.766
neutral	0.033	0.000	0.020	0.009	0.096	0.001	0.840
neutral	0.028	0.000	0.014	0.007	0.086	0.001	0.864
neutral	0.049	0.000	0.014	0.006	0.108	0.002	0.821
neutral	0.042	0.000	0.028	0.003	0.143	0.001	0.783
neutral	0.029	0.000	0.020	0.007	0.086	0.001	0.856
neutral	0.022	0.000	0.008	0.010	0.078	0.000	0.881
neutral	0.023	0.000	0.010	0.007	0.112	0.001	0.848
neutral	0.022	0.000	0.009	0.008	0.093	0.000	0.867
neutral	0.032	0.000	0.018	0.004	0.128	0.001	0.816
neutral	0.051	0.000	0.038	0.002	0.181	0.002	0.726
neutral	0.055	0.000	0.019	0.004	0.094	0.003	0.825
neutral	0.072	0.000	0.027	0.002	0.151	0.002	0.745
neutral	0.050	0.000	0.025	0.004	0.275	0.001	0.644
neutral	0.053	0.000	0.038	0.003	0.203	0.001	0.702
neutral	0.055	0.000	0.023	0.004	0.092	0.002	0.824
neutral	0.060	0.000	0.024	0.003	0.121	0.002	0.790
neutral	0.089	0.000	0.050	0.003	0.178	0.003	0.677
neutral	0.105	0.000	0.032	0.005	0.165	0.004	0.689
neutral	0.057	0.000	0.034	0.004	0.140	0.003	0.762
neutral	0.028	0.000	0.030	0.013	0.156	0.002	0.770
neutral	0.024	0.000	0.013	0.008	0.103	0.001	0.852
neutral	0.041	0.000	0.016	0.006	0.113	0.001	0.824
neutral	0.024	0.000	0.011	0.007	0.104	0.001	0.854
neutral	0.036	0.000	0.024	0.006	0.136	0.001	0.796
neutral	0.042	0.000	0.015	0.011	0.137	0.001	0.793
neutral	0.021	0.000	0.009	0.007	0.081	0.000	0.882
neutral	0.038	0.000	0.046	0.010	0.188	0.003	0.716
neutral	0.027	0.000	0.012	0.007	0.104	0.001	0.849
neutral	0.041	0.000	0.016	0.009	0.143	0.001	0.790
neutral	0.025	0.000	0.016	0.006	0.112	0.001	0.840
neutral	0.045	0.001	0.030	0.006	0.194	0.001	0.723
neutral	0.037	0.000	0.027	0.006	0.169	0.001	0.761
neutral	0.021	0.000	0.012	0.009	0.120	0.001	0.837
neutral	0.112	0.000	0.040	0.003	0.150	0.004	0.690
neutral	0.096	0.000	0.019	0.007	0.114	0.003	0.761
neutral	0.087	0.000	0.029	0.003	0.153	0.003	0.725
neutral	0.043	0.000	0.024	0.005	0.098	0.001	0.828
neutral	0.055	0.000	0.024	0.007	0.111	0.003	0.800
neutral	0.042	0.000	0.023	0.005	0.124	0.002	0.803
neutral	0.103	0.000	0.028	0.006	0.168	0.004	0.691
neutral	0.061	0.000	0.021	0.005	0.106	0.002	0.804
neutral	0.095	0.000	0.025	0.005	0.135	0.003	0.735
neutral	0.092	0.000	0.031	0.004	0.130	0.003	0.739
neutral	0.143	0.000	0.038	0.003	0.169	0.005	0.642
neutral	0.093	0.000	0.046	0.003	0.167	0.004	0.686
neutral	0.110	0.000	0.035	0.004	0.158	0.004	0.689
neutral	0.061	0.000	0.023	0.004	0.101	0.002	0.809
neutral	0.093	0.000	0.015	0.005	0.096	0.003	0.786
neutral	0.059	0.000	0.018	0.007	0.130	0.002	0.785
neutral	0.123	0.000	0.027	0.004	0.168	0.004	0.673
neutral	0.095	0.000	0.025	0.004	0.145	0.002	0.728
neutral	0.064	0.000	0.036	0.003	0.156	0.004	0.737
neutral	0.068	0.000	0.018	0.003	0.115	0.002	0.794
neutral	0.047	0.000	0.023	0.005	0.113	0.002	0.809
neutral	0.047	0.000	0.029	0.004	0.230	0.001	0.688
neutral	0.054	0.000	0.028	0.005	0.130	0.002	0.782
neutral	0.069	0.000	0.031	0.003	0.138	0.002	0.756
neutral	0.104	0.000	0.025	0.003	0.134	0.003	0.730
neutral	0.066	0.000	0.042	0.002	0.199	0.002	0.688
neutral	0.078	0.000	0.023	0.005	0.122	0.003	0.770
neutral	0.047	0.000	0.030	0.004	0.124	0.002	0.793
neutral	0.092	0.000	0.015	0.003	0.100	0.003	0.787
neutral	0.026	0.000	0.016	0.005	0.071	0.001	0.881
neutral	0.075	0.000	0.022	0.005	0.134	0.002	0.763
neutral	0.058	0.000	0.015	0.004	0.109	0.002	0.812
neutral	0.046	0.000	0.022	0.004	0.112	0.002	0.814
neutral	0.044	0.000	0.025	0.003	0.138	0.002	0.789
neutral	0.023	0.000	0.016	0.005	0.122	0.001	0.833
neutral	0.022	0.000	0.030	0.003	0.205	0.001	0.739
neutral	0.031	0.000	0.035	0.005	0.162	0.001	0.767
neutral	0.044	0.000	0.027	0.005	0.136	0.001	0.787
neutral	0.048	0.000	0.021	0.006	0.136	0.002	0.787
neutral	0.030	0.000	0.016	0.009	0.115	0.001	0.830
neutral	0.053	0.000	0.026	0.004	0.153	0.002	0.762
neutral	0.031	0.000	0.033	0.005	0.129	0.001	0.802
neutral	0.031	0.000	0.038	0.002	0.142	0.001	0.786
neutral	0.035	0.000	0.043	0.006	0.206	0.001	0.709
neutral	0.037	0.000	0.037	0.007	0.192	0.002	0.725
neutral	0.056	0.000	0.019	0.005	0.111	0.003	0.806
neutral	0.032	0.000	0.038	0.002	0.197	0.001	0.731
neutral	0.068	0.000	0.027	0.004	0.176	0.003	0.723
neutral	0.065	0.000	0.021	0.004	0.116	0.002	0.792
neutral	0.047	0.000	0.019	0.003	0.109	0.002	0.820
neutral	0.051	0.000	0.023	0.005	0.120	0.003	0.799
neutral	0.086	0.000	0.027	0.004	0.144	0.003	0.736
neutral	0.068	0.000	0.041	0.003	0.150	0.003	0.735
neutral	0.043	0.000	0.042	0.004	0.215	0.001	0.694
neutral	0.032	0.000	0.034	0.003	0.258	0.001	0.672
