prediction	angry	disgust	fear	happy	sad	surprise	neutral
neutral	0.125	0.000	0.003	0.001	0.295	0.000	0.576
neutral	0.127	0.000	0.009	0.000	0.324	0.000	0.540
neutral	0.162	0.000	0.008	0.001	0.302	0.000	0.527
neutral	0.089	0.000	0.005	0.001	0.259	0.000	0.646
neutral	0.140	0.000	0.005	0.000	0.216	0.000	0.638
neutral	0.173	0.000	0.005	0.001	0.233	0.000	0.588
neutral	0.251	0.000	0.006	0.001	0.288	0.000	0.454
neutral	0.152	0.000	0.006	0.000	0.360	0.000	0.481
neutral	0.187	0.000	0.009	0.001	0.302	0.000	0.502
neutral	0.175	0.000	0.007	0.001	0.305	0.000	0.513
neutral	0.164	0.000	0.013	0.000	0.323	0.000	0.500
neutral	0.210	0.000	0.014	0.000	0.229	0.000	0.547
neutral	0.238	0.000	0.014	0.001	0.345	0.000	0.401
neutral	0.293	0.000	0.012	0.001	0.339	0.000	0.355
sad	0.370	0.000	0.017	0.000	0.385	0.000	0.228
sad	0.330	0.000	0.023	0.000	0.405	0.000	0.242
sad	0.262	0.000	0.020	0.000	0.385	0.000	0.332
angry	0.434	0.000	0.016	0.000	0.351	0.000	0.198
angry	0.481	0.000	0.011	0.001	0.265	0.000	0.241
angry	0.421	0.000	0.011	0.001	0.389	0.000	0.178
sad	0.351	0.001	0.019	0.000	0.453	0.000	0.176
sad	0.372	0.000	0.018	0.000	0.380	0.000	0.229
sad	0.367	0.000	0.012	0.001	0.425	0.000	0.196
sad	0.386	0.000	0.015	0.000	0.397	0.000	0.201
angry	0.438	0.000	0.012	0.000	0.343	0.000	0.206
angry	0.493	0.000	0.012	0.000	0.368	0.000	0.126
angry	0.479	0.000	0.012	0.000	0.348	0.000	0.161
angry	0.409	0.000	0.012	0.001	0.351	0.000	0.227
sad	0.357	0.000	0.011	0.001	0.438	0.000	0.192
angry	0.376	0.000	0.013	0.001	0.347	0.000	0.263
sad	0.354	0.000	0.011	0.000	0.392	0.000	0.243
sad	0.318	0.000	0.014	0.000	0.426	0.000	0.242
sad	0.364	0.000	0.010	0.000	0.385	0.000	0.241
sad	0.322	0.000	0.013	0.000	0.375	0.000	0.289
sad	0.276	0.000	0.017	0.000	0.364	0.000	0.342
neutral	0.280	0.000	0.012	0.001	0.307	0.000	0.399
angry	0.369	0.000	0.013	0.001	0.353	0.000	0.264
sad	0.341	0.000	0.014	0.000	0.390	0.000	0.255
sad	0.272	0.000	0.011	0.001	0.369	0.000	0.347
neutral	0.246	0.000	0.009	0.001	0.235	0.000	0.509
sad	0.348	0.000	0.011	0.000	0.367	0.000	0.273
sad	0.263	0.000	0.013	0.000	0.455	0.000	0.269
neutral	0.274	0.000	0.011	0.001	0.310	0.000	0.405
sad	0.361	0.000	0.009	0.000	0.394	0.000	0.235
sad	0.306	0.000	0.009	0.000	0.395	0.000	0.289
neutral	0.281	0.000	0.016	0.000	0.284	0.000	0.418
sad	0.349	0.000	0.008	0.000	0.487	0.000	0.155
sad	0.369	0.000	0.010	0.000	0.436	0.000	0.185
sad	0.369	0.000	0.010	0.000	0.440	0.000	0.180
sad	0.286	0.000	0.010	0.000	0.445	0.000	0.259
neutral	0.264	0.000	0.010	0.000	0.311	0.000	0.414
sad	0.268	0.000	0.010	0.000	0.443	0.000	0.279
sad	0.371	0.000	0.009	0.000	0.399	0.000	0.220
sad	0.362	0.000	0.007	0.000	0.447	0.000	0.183
sad	0.286	0.000	0.006	0.000	0.428	0.000	0.280
neutral	0.225	0.000	0.006	0.000	0.381	0.000	0.388
neutral	0.195	0.000	0.006	0.000	0.321	0.000	0.477
sad	0.269	0.000	0.011	0.000	0.361	0.000	0.359
neutral	0.172	0.000	0.011	0.000	0.329	0.000	0.488
neutral	0.145	0.000	0.003	0.000	0.357	0.000	0.494
neutral	0.150	0.000	0.005	0.000	0.262	0.000	0.582
neutral	0.246	0.000	0.009	0.000	0.370	0.000	0.375
sad	0.239	0.000	0.008	0.000	0.377	0.000	0.376
neutral	0.159	0.000	0.008	0.000	0.241	0.000	0.592
sad	0.194	0.000	0.007	0.000	0.407	0.000	0.392
neutral	0.242	0.000	0.008	0.000	0.312	0.000	0.438
neutral	0.182	0.000	0.006	0.000	0.281	0.000	0.531
neutral	0.208	0.000	0.007	0.000	0.365	0.000	0.420
neutral	0.159	0.000	0.007	0.000	0.342	0.000	0.492
sad	0.160	0.000	0.009	0.000	0.452	0.000	0.379
sad	0.294	0.000	0.004	0.000	0.402	0.000	0.300
neutral	0.139	0.000	0.005	0.000	0.297	0.000	0.559
neutral	0.202	0.000	0.005	0.000	0.279	0.000	0.514
neutral	0.183	0.000	0.004	0.000	0.355	0.000	0.458
neutral	0.125	0.000	0.004	0.000	0.243	0.000	0.629
neutral	0.263	0.000	0.007	0.000	0.303	0.000	0.427
neutral	0.179	0.000	0.005	0.000	0.295	0.000	0.521
neutral	0.095	0.000	0.009	0.001	0.191	0.000	0.703
angry	0.496	0.002	0.070	0.000	0.366	0.004	0.063
sad	0.393	0.001	0.107	0.001	0.437	0.012	0.050
angry	0.403	0.002	0.122	0.000	0.382	0.005	0.086
sad	0.288	0.001	0.123	0.000	0.452	0.011	0.126
sad	0.292	0.000	0.140	0.001	0.444	0.010	0.113
sad	0.276	0.000	0.074	0.001	0.465	0.004	0.179
sad	0.184	0.000	0.046	0.001	0.533	0.002	0.235
sad	0.116	0.000	0.045	0.000	0.549	0.002	0.287
sad	0.136	0.000	0.046	0.001	0.455	0.001	0.361
neutral	0.108	0.000	0.033	0.001	0.342	0.002	0.515
neutral	0.094	0.000	0.041	0.001	0.340	0.002	0.522
neutral	0.083	0.000	0.049	0.000	0.329	0.002	0.537
sad	0.077	0.000	0.044	0.000	0.579	0.001	0.298
sad	0.204	0.000	0.054	0.000	0.453	0.002	0.287
sad	0.103	0.000	0.053	0.000	0.566	0.003	0.274
sad	0.188	0.000	0.081	0.000	0.423	0.002	0.305
sad	0.126	0.000	0.062	0.000	0.552	0.002	0.258
sad	0.218	0.000	0.079	0.000	0.396	0.006	0.301
sad	0.172	0.000	0.078	0.000	0.426	0.002	0.321
sad	0.136	0.000	0.039	0.000	0.433	0.001	0.390
sad	0.150	0.000	0.036	0.000	0.485	0.001	0.327
sad	0.151	0.000	0.043	0.000	0.412	0.001	0.393
sad	0.194	0.000	0.045	0.000	0.534	0.001	0.226
sad	0.180	0.000	0.046	0.000	0.495	0.001	0.278
sad	0.096	0.000	0.040	0.000	0.561	0.001	0.302
sad	0.071	0.000	0.029	0.000	0.545	0.000	0.354
sad	0.134	0.000	0.038	0.000	0.431	0.001	0.396
sad	0.195	0.000	0.053	0.000	0.461	0.001	0.291
sad	0.159	0.000	0.054	0.000	0.551	0.001	0.235
sad	0.226	0.000	0.096	0.001	0.458	0.006	0.212
sad	0.244	0.000	0.137	0.001	0.519	0.015	0.083
neutral	0.286	0.000	0.014	0.001	0.337	0.001	0.361
neutral	0.305	0.000	0.009	0.001	0.304	0.000	0.381
neutral	0.183	0.000	0.023	0.001	0.372	0.000	0.420
sad	0.273	0.000	0.053	0.002	0.457	0.003	0.212
angry	0.510	0.001	0.198	0.001	0.238	0.026	0.027
angry	0.570	0.001	0.125	0.003	0.276	0.014	0.011
angry	0.621	0.000	0.090	0.001	0.277	0.006	0.005
sad	0.154	0.000	0.055	0.001	0.505	0.001	0.285
sad	0.263	0.000	0.025	0.001	0.511	0.001	0.199
sad	0.425	0.003	0.024	0.004	0.426	0.001	0.118
angry	0.571	0.004	0.016	0.004	0.315	0.000	0.091
angry	0.406	0.000	0.031	0.002	0.395	0.001	0.165
neutral	0.150	0.000	0.017	0.002	0.256	0.000	0.576
sad	0.280	0.000	0.061	0.001	0.524	0.003	0.131
neutral	0.192	0.000	0.004	0.001	0.234	0.000	0.568
sad	0.193	0.000	0.046	0.006	0.401	0.002	0.353
sad	0.326	0.000	0.078	0.005	0.373	0.003	0.214
angry	0.427	0.001	0.119	0.009	0.334	0.005	0.105
sad	0.278	0.000	0.066	0.003	0.450	0.007	0.195
angry	0.483	0.000	0.106	0.001	0.387	0.009	0.014
angry	0.647	0.001	0.106	0.000	0.221	0.016	0.009
sad	0.205	0.001	0.138	0.002	0.505	0.018	0.131
sad	0.245	0.001	0.045	0.003	0.561	0.003	0.141
sad	0.164	0.000	0.072	0.002	0.462	0.002	0.299
sad	0.223	0.000	0.021	0.001	0.488	0.000	0.267
sad	0.343	0.000	0.039	0.002	0.518	0.001	0.097
sad	0.278	0.001	0.030	0.005	0.628	0.001	0.057
sad	0.393	0.001	0.031	0.003	0.402	0.001	0.169
sad	0.179	0.000	0.027	0.005	0.476	0.002	0.311
neutral	0.171	0.000	0.004	0.001	0.160	0.000	0.664
sad	0.241	0.000	0.066	0.002	0.444	0.001	0.248
angry	0.491	0.000	0.114	0.003	0.352	0.003	0.037
sad	0.387	0.001	0.026	0.011	0.550	0.000	0.024
angry	0.637	0.001	0.057	0.006	0.243	0.001	0.055
angry	0.572	0.001	0.053	0.010	0.348	0.002	0.014
sad	0.271	0.001	0.078	0.003	0.456	0.004	0.187
sad	0.258	0.000	0.075	0.004	0.398	0.007	0.258
sad	0.224	0.002	0.094	0.003	0.592	0.002	0.083
sad	0.275	0.003	0.117	0.005	0.494	0.011	0.095
sad	0.233	0.002	0.136	0.002	0.548	0.013	0.066
sad	0.183	0.001	0.075	0.004	0.523	0.008	0.206
neutral	0.271	0.000	0.011	0.007	0.178	0.000	0.533
neutral	0.298	0.000	0.009	0.005	0.254	0.000	0.434
sad	0.235	0.001	0.135	0.005	0.498	0.007	0.117
sad	0.296	0.002	0.103	0.001	0.540	0.003	0.056
sad	0.276	0.000	0.142	0.002	0.495	0.009	0.076
neutral	0.097	0.000	0.009	0.001	0.215	0.000	0.677
neutral	0.195	0.000	0.017	0.002	0.243	0.000	0.542
angry	0.601	0.000	0.023	0.004	0.264	0.000	0.106
sad	0.417	0.001	0.041	0.002	0.499	0.001	0.039
sad	0.300	0.000	0.031	0.008	0.502	0.001	0.157
sad	0.189	0.000	0.042	0.002	0.515	0.002	0.249
sad	0.127	0.000	0.062	0.001	0.497	0.003	0.310
sad	0.121	0.000	0.035	0.001	0.641	0.000	0.201
sad	0.261	0.000	0.040	0.004	0.629	0.001	0.065
sad	0.384	0.001	0.112	0.003	0.434	0.004	0.063
angry	0.720	0.001	0.094	0.004	0.161	0.004	0.016
angry	0.553	0.001	0.167	0.006	0.249	0.005	0.020
neutral	0.137	0.000	0.038	0.013	0.296	0.000	0.516
neutral	0.053	0.000	0.028	0.016	0.448	0.001	0.454
sad	0.226	0.001	0.024	0.019	0.574	0.001	0.155
neutral	0.245	0.000	0.038	0.001	0.245	0.000	0.472
angry	0.493	0.001	0.050	0.004	0.288	0.004	0.160
angry	0.763	0.001	0.045	0.000	0.177	0.004	0.009
sad	0.213	0.001	0.020	0.004	0.390	0.001	0.373
neutral	0.197	0.000	0.010	0.008	0.308	0.000	0.477
sad	0.364	0.001	0.023	0.000	0.453	0.000	0.158
sad	0.289	0.000	0.026	0.000	0.399	0.000	0.285
sad	0.292	0.000	0.033	0.000	0.452	0.001	0.222
sad	0.189	0.000	0.047	0.001	0.507	0.001	0.255
sad	0.192	0.000	0.050	0.001	0.469	0.001	0.287
sad	0.186	0.000	0.029	0.000	0.584	0.000	0.201
sad	0.345	0.000	0.024	0.000	0.489	0.000	0.142
sad	0.199	0.000	0.029	0.000	0.591	0.001	0.180
sad	0.173	0.000	0.039	0.000	0.569	0.001	0.218
sad	0.216	0.000	0.044	0.001	0.514	0.001	0.224
sad	0.238	0.000	0.052	0.000	0.391	0.001	0.317
sad	0.138	0.000	0.044	0.001	0.521	0.001	0.294
sad	0.155	0.000	0.039	0.000	0.521	0.001	0.283
sad	0.318	0.000	0.035	0.000	0.393	0.001	0.253
sad	0.158	0.000	0.038	0.001	0.408	0.001	0.395
sad	0.189	0.000	0.046	0.000	0.554	0.001	0.209
neutral	0.224	0.000	0.049	0.000	0.349	0.001	0.377
sad	0.201	0.000	0.032	0.000	0.480	0.000	0.287
sad	0.190	0.000	0.026	0.000	0.491	0.000	0.293
sad	0.130	0.000	0.043	0.001	0.583	0.001	0.243
sad	0.166	0.000	0.064	0.000	0.521	0.001	0.248
sad	0.174	0.000	0.044	0.000	0.486	0.001	0.294
sad	0.116	0.000	0.048	0.000	0.454	0.001	0.381
sad	0.136	0.000	0.053	0.000	0.488	0.000	0.322
sad	0.184	0.000	0.051	0.000	0.566	0.001	0.199
sad	0.342	0.001	0.038	0.000	0.454	0.000	0.165
sad	0.338	0.001	0.029	0.000	0.508	0.001	0.123
sad	0.252	0.000	0.029	0.000	0.525	0.001	0.193
sad	0.193	0.000	0.021	0.000	0.463	0.000	0.323
sad	0.183	0.000	0.028	0.000	0.488	0.000	0.301
sad	0.234	0.000	0.043	0.000	0.503	0.001	0.219
sad	0.314	0.000	0.020	0.000	0.371	0.000	0.294
sad	0.165	0.000	0.021	0.000	0.544	0.000	0.270
sad	0.324	0.000	0.032	0.000	0.419	0.000	0.225
sad	0.287	0.000	0.028	0.000	0.439	0.000	0.245
sad	0.268	0.000	0.032	0.000	0.536	0.001	0.163
sad	0.261	0.000	0.020	0.000	0.471	0.000	0.248
sad	0.235	0.000	0.030	0.000	0.580	0.000	0.154
angry	0.346	0.000	0.010	0.000	0.334	0.000	0.309
sad	0.253	0.000	0.015	0.000	0.395	0.000	0.337
sad	0.230	0.000	0.022	0.000	0.592	0.000	0.155
sad	0.245	0.000	0.024	0.000	0.560	0.001	0.170
neutral	0.241	0.000	0.013	0.000	0.361	0.000	0.384
neutral	0.343	0.000	0.013	0.000	0.260	0.000	0.384
sad	0.217	0.000	0.014	0.000	0.399	0.000	0.369
angry	0.358	0.000	0.013	0.000	0.335	0.000	0.294
sad	0.361	0.000	0.022	0.000	0.409	0.000	0.208
angry	0.438	0.000	0.011	0.000	0.330	0.000	0.220
sad	0.200	0.000	0.019	0.001	0.406	0.000	0.375
neutral	0.268	0.000	0.017	0.000	0.357	0.000	0.357
sad	0.190	0.000	0.017	0.000	0.470	0.000	0.323
sad	0.320	0.000	0.016	0.000	0.417	0.000	0.247
sad	0.318	0.000	0.017	0.000	0.422	0.000	0.242
sad	0.317	0.000	0.014	0.000	0.428	0.000	0.241
sad	0.219	0.000	0.010	0.000	0.484	0.000	0.287
sad	0.164	0.000	0.008	0.000	0.505	0.000	0.322
sad	0.185	0.000	0.008	0.000	0.482	0.000	0.325
sad	0.216	0.000	0.009	0.000	0.516	0.000	0.260
sad	0.152	0.000	0.010	0.000	0.434	0.000	0.404
sad	0.200	0.000	0.008	0.001	0.412	0.000	0.378
sad	0.206	0.000	0.011	0.000	0.447	0.000	0.336
neutral	0.215	0.000	0.016	0.001	0.381	0.001	0.386
sad	0.167	0.000	0.012	0.000	0.505	0.000	0.315
sad	0.188	0.000	0.011	0.000	0.497	0.000	0.303
sad	0.113	0.000	0.016	0.000	0.495	0.000	0.375
sad	0.150	0.000	0.025	0.001	0.550	0.001	0.273
sad	0.170	0.000	0.027	0.000	0.529	0.001	0.273
sad	0.295	0.000	0.041	0.000	0.439	0.001	0.223
sad	0.214	0.000	0.031	0.000	0.485	0.001	0.270
sad	0.258	0.000	0.039	0.000	0.449	0.001	0.253
neutral	0.132	0.000	0.018	0.000	0.386	0.001	0.463
neutral	0.117	0.000	0.014	0.000	0.353	0.000	0.516
neutral	0.141	0.000	0.011	0.000	0.341	0.000	0.507
sad	0.211	0.000	0.009	0.000	0.422	0.000	0.357
neutral	0.110	0.000	0.011	0.000	0.297	0.000	0.581
neutral	0.111	0.000	0.023	0.000	0.314	0.000	0.552
neutral	0.098	0.000	0.012	0.000	0.249	0.000	0.641
sad	0.178	0.000	0.013	0.000	0.471	0.000	0.338
sad	0.230	0.000	0.007	0.000	0.470	0.000	0.293
neutral	0.154	0.000	0.012	0.000	0.319	0.000	0.515
sad	0.316	0.000	0.011	0.000	0.477	0.000	0.196
angry	0.451	0.000	0.008	0.000	0.341	0.000	0.199
sad	0.205	0.000	0.008	0.000	0.404	0.000	0.383
angry	0.519	0.000	0.007	0.000	0.312	0.000	0.162
angry	0.538	0.000	0.004	0.000	0.381	0.000	0.076
sad	0.333	0.000	0.004	0.000	0.525	0.000	0.138
sad	0.223	0.000	0.010	0.000	0.490	0.000	0.276
sad	0.290	0.000	0.009	0.000	0.540	0.000	0.161
sad	0.269	0.000	0.016	0.000	0.424	0.000	0.290
sad	0.170	0.000	0.022	0.000	0.495	0.000	0.314
sad	0.280	0.000	0.014	0.001	0.499	0.000	0.207
sad	0.217	0.000	0.018	0.000	0.585	0.000	0.180
angry	0.420	0.000	0.035	0.000	0.419	0.000	0.125
sad	0.249	0.000	0.019	0.000	0.614	0.000	0.117
sad	0.327	0.000	0.008	0.000	0.565	0.000	0.100
sad	0.305	0.000	0.007	0.000	0.545	0.000	0.143
sad	0.311	0.000	0.008	0.001	0.533	0.000	0.147
angry	0.480	0.000	0.007	0.000	0.449	0.000	0.064
sad	0.196	0.000	0.008	0.001	0.543	0.000	0.252
sad	0.361	0.000	0.008	0.000	0.465	0.000	0.165
sad	0.233	0.000	0.010	0.000	0.468	0.000	0.289
sad	0.165	0.000	0.010	0.000	0.469	0.000	0.356
sad	0.208	0.000	0.010	0.001	0.452	0.000	0.329
sad	0.397	0.000	0.009	0.000	0.461	0.000	0.133
sad	0.194	0.000	0.007	0.001	0.552	0.000	0.246
sad	0.231	0.000	0.011	0.000	0.607	0.000	0.151
sad	0.231	0.000	0.015	0.000	0.542	0.000	0.212
sad	0.379	0.000	0.016	0.000	0.460	0.000	0.146
sad	0.241	0.000	0.012	0.000	0.610	0.000	0.137
sad	0.367	0.000	0.026	0.000	0.509	0.000	0.098
angry	0.531	0.000	0.015	0.000	0.402	0.000	0.052
sad	0.398	0.000	0.014	0.000	0.500	0.000	0.087
angry	0.489	0.000	0.016	0.000	0.397	0.000	0.098
sad	0.332	0.000	0.017	0.000	0.547	0.000	0.104
angry	0.502	0.000	0.015	0.000	0.385	0.000	0.097
sad	0.231	0.000	0.017	0.000	0.517	0.000	0.235
sad	0.290	0.000	0.017	0.000	0.405	0.000	0.287
sad	0.288	0.000	0.015	0.000	0.467	0.000	0.229
sad	0.160	0.000	0.011	0.001	0.467	0.000	0.361
sad	0.229	0.000	0.018	0.000	0.438	0.000	0.314
sad	0.286	0.000	0.015	0.000	0.530	0.000	0.169
angry	0.342	0.000	0.009	0.000	0.340	0.000	0.309
sad	0.300	0.000	0.025	0.000	0.414	0.000	0.261
sad	0.407	0.000	0.017	0.000	0.479	0.000	0.097
sad	0.209	0.000	0.016	0.000	0.582	0.000	0.193
sad	0.211	0.000	0.019	0.000	0.542	0.000	0.228
sad	0.363	0.000	0.017	0.000	0.472	0.000	0.148
sad	0.253	0.000	0.014	0.000	0.559	0.000	0.174
sad	0.136	0.000	0.012	0.001	0.495	0.000	0.356
angry	0.505	0.000	0.011	0.000	0.416	0.000	0.068
sad	0.289	0.000	0.016	0.000	0.559	0.000	0.135
angry	0.462	0.000	0.015	0.000	0.392	0.000	0.130
sad	0.219	0.000	0.020	0.000	0.536	0.000	0.224
sad	0.438	0.000	0.016	0.000	0.448	0.000	0.098
sad	0.297	0.000	0.011	0.000	0.542	0.000	0.149
angry	0.553	0.000	0.018	0.000	0.330	0.000	0.099
angry	0.666	0.000	0.015	0.000	0.257	0.000	0.062
sad	0.371	0.000	0.019	0.000	0.469	0.000	0.140
sad	0.376	0.000	0.015	0.000	0.436	0.000	0.173
angry	0.442	0.000	0.013	0.000	0.438	0.000	0.107
sad	0.371	0.000	0.007	0.000	0.418	0.000	0.204
angry	0.503	0.000	0.017	0.000	0.387	0.000	0.093
angry	0.577	0.000	0.011	0.000	0.323	0.000	0.088
sad	0.300	0.000	0.013	0.000	0.532	0.000	0.154
sad	0.315	0.000	0.020	0.000	0.512	0.000	0.152
sad	0.212	0.000	0.021	0.000	0.487	0.000	0.279
sad	0.251	0.000	0.027	0.000	0.557	0.000	0.165
sad	0.199	0.000	0.020	0.000	0.482	0.000	0.299
sad	0.360	0.000	0.015	0.000	0.500	0.000	0.125
sad	0.261	0.000	0.013	0.000	0.367	0.000	0.359
sad	0.303	0.000	0.014	0.000	0.421	0.000	0.262
sad	0.295	0.000	0.018	0.000	0.379	0.000	0.307
angry	0.549	0.000	0.017	0.000	0.309	0.000	0.126
sad	0.372	0.000	0.019	0.000	0.432	0.000	0.177
sad	0.387	0.000	0.024	0.000	0.396	0.000	0.193
angry	0.470	0.000	0.021	0.000	0.327	0.000	0.182
sad	0.367	0.000	0.026	0.000	0.399	0.000	0.208
angry	0.459	0.000	0.014	0.000	0.354	0.000	0.172
neutral	0.320	0.000	0.021	0.000	0.308	0.000	0.351
sad	0.310	0.000	0.027	0.000	0.408	0.000	0.255
angry	0.494	0.000	0.017	0.000	0.325	0.000	0.163
angry	0.401	0.000	0.028	0.000	0.398	0.000	0.173
angry	0.420	0.000	0.032	0.000	0.413	0.000	0.136
angry	0.435	0.000	0.019	0.000	0.403	0.000	0.142
neutral	0.295	0.000	0.021	0.000	0.296	0.000	0.387
angry	0.405	0.000	0.026	0.000	0.386	0.000	0.183
angry	0.423	0.000	0.025	0.000	0.391	0.000	0.161
angry	0.470	0.000	0.026	0.000	0.326	0.000	0.178
angry	0.414	0.000	0.025	0.000	0.365	0.000	0.196
angry	0.509	0.000	0.024	0.000	0.320	0.000	0.146
angry	0.451	0.000	0.030	0.000	0.305	0.000	0.214
angry	0.352	0.000	0.039	0.000	0.332	0.000	0.277
neutral	0.283	0.000	0.052	0.000	0.293	0.000	0.372
angry	0.554	0.000	0.026	0.000	0.285	0.000	0.136
angry	0.425	0.000	0.029	0.000	0.284	0.000	0.261
angry	0.523	0.000	0.043	0.000	0.245	0.000	0.188
sad	0.378	0.000	0.023	0.000	0.387	0.000	0.212
neutral	0.286	0.000	0.013	0.000	0.333	0.000	0.367
angry	0.428	0.000	0.036	0.000	0.379	0.000	0.157
angry	0.557	0.000	0.042	0.000	0.299	0.000	0.102
angry	0.481	0.000	0.036	0.000	0.277	0.000	0.206
angry	0.476	0.000	0.027	0.000	0.382	0.000	0.114
angry	0.581	0.000	0.022	0.000	0.293	0.000	0.103
angry	0.597	0.000	0.032	0.000	0.280	0.000	0.090
angry	0.588	0.000	0.042	0.000	0.297	0.000	0.073
angry	0.565	0.000	0.039	0.000	0.318	0.000	0.077
angry	0.542	0.000	0.021	0.000	0.284	0.000	0.152
sad	0.403	0.000	0.029	0.000	0.406	0.000	0.162
sad	0.384	0.000	0.045	0.000	0.423	0.000	0.148
angry	0.589	0.000	0.036	0.000	0.293	0.000	0.082
angry	0.641	0.000	0.027	0.000	0.229	0.000	0.103
angry	0.447	0.000	0.028	0.000	0.405	0.000	0.120
angry	0.560	0.000	0.039	0.000	0.336	0.000	0.065
angry	0.459	0.000	0.024	0.000	0.384	0.000	0.133
angry	0.456	0.000	0.019	0.000	0.394	0.000	0.130
angry	0.619	0.000	0.035	0.000	0.289	0.000	0.056
angry	0.563	0.000	0.039	0.000	0.350	0.000	0.048
sad	0.387	0.000	0.033	0.000	0.430	0.000	0.150
angry	0.533	0.000	0.030	0.000	0.360	0.000	0.077
angry	0.561	0.001	0.027	0.000	0.308	0.000	0.102
angry	0.576	0.001	0.027	0.000	0.308	0.000	0.088
angry	0.511	0.000	0.022	0.000	0.375	0.000	0.091
angry	0.424	0.000	0.032	0.000	0.398	0.000	0.146
sad	0.351	0.000	0.035	0.000	0.467	0.000	0.147
angry	0.433	0.000	0.026	0.000	0.410	0.000	0.130
angry	0.487	0.000	0.047	0.000	0.396	0.000	0.071
sad	0.391	0.000	0.017	0.000	0.451	0.000	0.141
sad	0.366	0.000	0.038	0.000	0.518	0.000	0.078
sad	0.402	0.000	0.034	0.000	0.468	0.000	0.096
angry	0.501	0.000	0.030	0.000	0.400	0.000	0.068
angry	0.669	0.000	0.017	0.000	0.259	0.000	0.054
angry	0.504	0.000	0.017	0.000	0.397	0.000	0.082
angry	0.614	0.000	0.016	0.000	0.304	0.000	0.065
angry	0.468	0.000	0.023	0.000	0.348	0.000	0.161
angry	0.572	0.001	0.020	0.000	0.312	0.000	0.095
sad	0.353	0.000	0.029	0.000	0.454	0.000	0.164
angry	0.543	0.000	0.025	0.000	0.327	0.000	0.105
sad	0.377	0.000	0.023	0.000	0.464	0.000	0.136
angry	0.434	0.000	0.005	0.000	0.405	0.000	0.155
sad	0.276	0.000	0.023	0.000	0.478	0.000	0.222
angry	0.496	0.000	0.018	0.000	0.399	0.000	0.086
angry	0.461	0.000	0.024	0.000	0.366	0.000	0.149
sad	0.374	0.000	0.012	0.000	0.401	0.000	0.213
sad	0.332	0.000	0.008	0.000	0.441	0.000	0.218
sad	0.292	0.000	0.022	0.000	0.502	0.000	0.184
sad	0.327	0.000	0.012	0.000	0.344	0.000	0.316
angry	0.546	0.000	0.029	0.000	0.328	0.000	0.096
angry	0.531	0.000	0.023	0.000	0.373	0.000	0.073
angry	0.523	0.000	0.019	0.000	0.372	0.000	0.086
sad	0.381	0.000	0.023	0.000	0.529	0.000	0.066
angry	0.518	0.000	0.009	0.000	0.415	0.000	0.057
sad	0.232	0.000	0.040	0.000	0.647	0.000	0.079
sad	0.387	0.000	0.020	0.000	0.479	0.000	0.114
angry	0.442	0.000	0.018	0.000	0.419	0.000	0.120
sad	0.390	0.000	0.023	0.000	0.492	0.000	0.095
angry	0.576	0.000	0.025	0.000	0.326	0.000	0.073
angry	0.532	0.000	0.015	0.000	0.342	0.000	0.111
sad	0.304	0.000	0.048	0.000	0.521	0.000	0.127
