prediction	angry	disgust	fear	happy	sad	surprise	neutral
angry	0.461	0.007	0.009	0.018	0.246	0.022	0.236
angry	0.389	0.002	0.006	0.011	0.330	0.006	0.257
angry	0.425	0.003	0.005	0.009	0.343	0.004	0.212
angry	0.443	0.002	0.005	0.009	0.327	0.005	0.209
sad	0.316	0.005	0.005	0.009	0.415	0.002	0.247
angry	0.418	0.005	0.004	0.009	0.197	0.003	0.364
angry	0.420	0.005	0.004	0.004	0.253	0.003	0.311
angry	0.460	0.002	0.004	0.009	0.166	0.007	0.353
angry	0.369	0.004	0.005	0.009	0.332	0.006	0.276
neutral	0.248	0.004	0.005	0.008	0.311	0.006	0.417
angry	0.516	0.003	0.004	0.012	0.286	0.004	0.175
angry	0.516	0.007	0.004	0.006	0.316	0.002	0.148
angry	0.469	0.004	0.004	0.006	0.350	0.002	0.165
angry	0.519	0.002	0.002	0.016	0.338	0.002	0.120
neutral	0.274	0.007	0.004	0.018	0.284	0.004	0.410
neutral	0.318	0.005	0.004	0.013	0.310	0.003	0.348
angry	0.351	0.006	0.003	0.020	0.294	0.002	0.325
angry	0.406	0.006	0.002	0.018	0.270	0.002	0.295
angry	0.499	0.003	0.003	0.022	0.309	0.002	0.162
angry	0.394	0.007	0.003	0.022	0.298	0.003	0.274
angry	0.367	0.006	0.003	0.013	0.324	0.002	0.286
angry	0.458	0.006	0.003	0.011	0.326	0.002	0.194
angry	0.441	0.006	0.003	0.014	0.271	0.001	0.264
neutral	0.291	0.004	0.003	0.015	0.332	0.001	0.353
neutral	0.313	0.003	0.003	0.014	0.312	0.002	0.353
neutral	0.328	0.007	0.002	0.017	0.280	0.002	0.364
angry	0.443	0.005	0.002	0.011	0.289	0.002	0.248
angry	0.506	0.004	0.003	0.012	0.318	0.002	0.155
angry	0.394	0.004	0.002	0.011	0.236	0.002	0.351
angry	0.376	0.006	0.003	0.012	0.263	0.002	0.338
neutral	0.280	0.009	0.003	0.014	0.289	0.003	0.403
angry	0.397	0.003	0.002	0.010	0.258	0.003	0.326
sad	0.064	0.021	0.010	0.009	0.712	0.000	0.184
sad	0.292	0.020	0.005	0.008	0.411	0.001	0.263
neutral	0.263	0.012	0.007	0.014	0.330	0.003	0.371
neutral	0.249	0.004	0.004	0.020	0.286	0.004	0.433
angry	0.404	0.007	0.003	0.013	0.294	0.002	0.277
angry	0.427	0.002	0.004	0.013	0.305	0.004	0.244
angry	0.355	0.003	0.003	0.036	0.244	0.004	0.354
angry	0.379	0.005	0.003	0.028	0.273	0.003	0.309
angry	0.404	0.003	0.003	0.021	0.287	0.003	0.278
neutral	0.316	0.006	0.003	0.021	0.290	0.003	0.361
angry	0.362	0.003	0.003	0.019	0.286	0.004	0.324
angry	0.423	0.003	0.003	0.018	0.294	0.002	0.257
angry	0.336	0.007	0.003	0.017	0.301	0.005	0.331
neutral	0.279	0.007	0.004	0.015	0.266	0.005	0.424
angry	0.432	0.004	0.004	0.026	0.296	0.004	0.235
angry	0.452	0.003	0.003	0.013	0.285	0.002	0.241
neutral	0.231	0.006	0.003	0.025	0.264	0.003	0.468
neutral	0.246	0.008	0.003	0.013	0.278	0.006	0.446
angry	0.446	0.004	0.004	0.029	0.263	0.007	0.246
angry	0.392	0.003	0.004	0.016	0.269	0.005	0.311
neutral	0.301	0.003	0.004	0.021	0.277	0.007	0.386
sad	0.314	0.002	0.005	0.014	0.434	0.002	0.229
neutral	0.153	0.002	0.002	0.028	0.264	0.005	0.546
neutral	0.104	0.001	0.002	0.043	0.142	0.006	0.702
neutral	0.154	0.001	0.001	0.044	0.146	0.004	0.650
neutral	0.303	0.003	0.004	0.012	0.305	0.003	0.369
neutral	0.250	0.002	0.002	0.031	0.157	0.010	0.547
angry	0.409	0.004	0.004	0.022	0.245	0.009	0.306
neutral	0.288	0.002	0.006	0.029	0.225	0.009	0.441
angry	0.427	0.004	0.004	0.022	0.294	0.004	0.245
angry	0.392	0.006	0.003	0.025	0.302	0.003	0.268
angry	0.474	0.004	0.003	0.027	0.289	0.004	0.199
neutral	0.331	0.006	0.005	0.029	0.262	0.008	0.360
angry	0.415	0.005	0.004	0.042	0.270	0.006	0.258
angry	0.439	0.005	0.003	0.033	0.202	0.008	0.310
angry	0.398	0.004	0.004	0.042	0.291	0.004	0.258
neutral	0.242	0.008	0.005	0.027	0.297	0.010	0.411
angry	0.333	0.005	0.005	0.019	0.329	0.003	0.306
angry	0.411	0.007	0.005	0.029	0.253	0.005	0.289
angry	0.415	0.009	0.007	0.027	0.295	0.005	0.242
angry	0.356	0.006	0.004	0.026	0.298	0.008	0.302
neutral	0.308	0.004	0.003	0.035	0.280	0.004	0.365
neutral	0.331	0.007	0.003	0.012	0.298	0.006	0.342
neutral	0.239	0.005	0.003	0.022	0.245	0.005	0.482
neutral	0.308	0.006	0.004	0.016	0.285	0.010	0.371
neutral	0.308	0.003	0.003	0.022	0.308	0.006	0.350
sad	0.310	0.003	0.003	0.014	0.369	0.001	0.301
neutral	0.288	0.004	0.003	0.014	0.327	0.001	0.363
neutral	0.303	0.004	0.004	0.011	0.299	0.004	0.376
neutral	0.226	0.004	0.003	0.009	0.311	0.004	0.444
neutral	0.225	0.003	0.003	0.014	0.350	0.002	0.403
angry	0.385	0.005	0.005	0.016	0.277	0.003	0.310
neutral	0.337	0.006	0.006	0.020	0.248	0.009	0.375
neutral	0.244	0.004	0.004	0.018	0.271	0.009	0.450
neutral	0.224	0.004	0.003	0.014	0.256	0.010	0.489
neutral	0.181	0.003	0.003	0.013	0.260	0.014	0.525
neutral	0.211	0.003	0.003	0.012	0.267	0.005	0.499
neutral	0.323	0.003	0.004	0.020	0.297	0.005	0.348
neutral	0.188	0.003	0.005	0.016	0.356	0.007	0.425
neutral	0.192	0.004	0.003	0.015	0.251	0.016	0.520
neutral	0.217	0.004	0.005	0.016	0.363	0.005	0.392
neutral	0.193	0.005	0.003	0.016	0.241	0.010	0.532
neutral	0.319	0.002	0.003	0.026	0.254	0.005	0.391
neutral	0.258	0.004	0.004	0.021	0.295	0.008	0.410
neutral	0.190	0.005	0.004	0.024	0.266	0.006	0.506
neutral	0.249	0.006	0.004	0.152	0.151	0.011	0.426
neutral	0.110	0.008	0.008	0.317	0.120	0.077	0.361
neutral	0.140	0.005	0.020	0.170	0.140	0.179	0.346
neutral	0.150	0.014	0.011	0.147	0.138	0.225	0.315
neutral	0.211	0.003	0.007	0.110	0.094	0.075	0.501
neutral	0.070	0.005	0.005	0.281	0.061	0.171	0.406
neutral	0.063	0.014	0.006	0.300	0.056	0.127	0.434
happy	0.040	0.004	0.005	0.376	0.041	0.176	0.358
happy	0.090	0.035	0.012	0.411	0.027	0.232	0.193
happy	0.127	0.042	0.013	0.285	0.050	0.198	0.285
neutral	0.281	0.077	0.015	0.139	0.101	0.090	0.298
neutral	0.277	0.026	0.014	0.147	0.139	0.067	0.331
neutral	0.304	0.025	0.013	0.132	0.136	0.062	0.328
neutral	0.279	0.006	0.008	0.088	0.220	0.054	0.345
neutral	0.297	0.005	0.006	0.042	0.236	0.016	0.397
neutral	0.301	0.010	0.004	0.061	0.187	0.013	0.425
angry	0.350	0.026	0.007	0.112	0.181	0.012	0.312
angry	0.450	0.005	0.004	0.034	0.195	0.010	0.302
neutral	0.296	0.041	0.009	0.105	0.101	0.042	0.407
neutral	0.095	0.114	0.023	0.198	0.193	0.074	0.302
neutral	0.099	0.016	0.006	0.129	0.282	0.007	0.461
neutral	0.079	0.009	0.004	0.346	0.116	0.024	0.421
neutral	0.144	0.014	0.006	0.266	0.109	0.042	0.418
neutral	0.217	0.043	0.005	0.145	0.130	0.024	0.436
neutral	0.226	0.014	0.011	0.137	0.133	0.093	0.386
neutral	0.212	0.020	0.011	0.134	0.117	0.059	0.447
neutral	0.219	0.010	0.005	0.132	0.182	0.011	0.442
neutral	0.167	0.005	0.003	0.104	0.164	0.010	0.547
neutral	0.195	0.020	0.007	0.144	0.171	0.023	0.440
neutral	0.209	0.007	0.006	0.090	0.200	0.021	0.466
neutral	0.230	0.014	0.007	0.045	0.269	0.015	0.421
neutral	0.237	0.006	0.007	0.030	0.282	0.010	0.427
neutral	0.225	0.025	0.013	0.033	0.224	0.029	0.451
sad	0.279	0.010	0.009	0.041	0.336	0.014	0.310
neutral	0.180	0.005	0.006	0.037	0.203	0.015	0.553
neutral	0.151	0.007	0.010	0.114	0.235	0.020	0.463
neutral	0.122	0.003	0.007	0.101	0.174	0.014	0.580
neutral	0.145	0.005	0.004	0.063	0.137	0.024	0.622
neutral	0.107	0.001	0.003	0.083	0.084	0.023	0.698
neutral	0.138	0.013	0.007	0.284	0.084	0.043	0.431
neutral	0.271	0.014	0.005	0.070	0.091	0.030	0.519
angry	0.483	0.017	0.005	0.036	0.224	0.012	0.222
angry	0.371	0.023	0.008	0.117	0.144	0.016	0.321
neutral	0.324	0.021	0.008	0.108	0.177	0.033	0.330
angry	0.383	0.027	0.006	0.111	0.171	0.024	0.278
neutral	0.260	0.017	0.004	0.192	0.182	0.008	0.337
neutral	0.107	0.010	0.001	0.374	0.090	0.009	0.409
neutral	0.111	0.007	0.002	0.317	0.101	0.005	0.457
neutral	0.111	0.020	0.003	0.358	0.070	0.022	0.415
happy	0.040	0.009	0.002	0.692	0.019	0.020	0.217
neutral	0.123	0.005	0.002	0.256	0.036	0.064	0.513
neutral	0.193	0.028	0.008	0.160	0.145	0.030	0.436
angry	0.530	0.038	0.007	0.065	0.171	0.015	0.174
angry	0.398	0.037	0.006	0.094	0.126	0.011	0.328
angry	0.361	0.056	0.007	0.245	0.094	0.046	0.190
neutral	0.265	0.074	0.008	0.152	0.079	0.128	0.294
happy	0.065	0.015	0.004	0.424	0.056	0.027	0.410
neutral	0.137	0.005	0.005	0.272	0.088	0.032	0.461
neutral	0.221	0.006	0.006	0.128	0.229	0.014	0.395
neutral	0.169	0.004	0.003	0.318	0.112	0.010	0.382
neutral	0.257	0.012	0.005	0.224	0.162	0.018	0.322
neutral	0.228	0.017	0.007	0.235	0.098	0.106	0.309
surprise	0.203	0.027	0.010	0.182	0.062	0.274	0.243
neutral	0.184	0.030	0.015	0.177	0.087	0.122	0.384
neutral	0.226	0.048	0.012	0.154	0.145	0.031	0.384
neutral	0.277	0.037	0.010	0.070	0.211	0.026	0.369
neutral	0.147	0.004	0.007	0.043	0.257	0.005	0.536
angry	0.382	0.026	0.007	0.089	0.223	0.017	0.256
angry	0.444	0.022	0.006	0.075	0.114	0.028	0.311
angry	0.496	0.031	0.007	0.045	0.165	0.013	0.243
angry	0.501	0.013	0.007	0.019	0.234	0.027	0.199
angry	0.417	0.016	0.005	0.058	0.176	0.010	0.318
angry	0.458	0.003	0.006	0.040	0.210	0.014	0.270
angry	0.376	0.010	0.007	0.017	0.278	0.005	0.308
neutral	0.254	0.007	0.006	0.040	0.278	0.016	0.400
neutral	0.221	0.004	0.004	0.044	0.152	0.011	0.564
neutral	0.258	0.015	0.007	0.056	0.155	0.052	0.456
neutral	0.325	0.011	0.006	0.101	0.126	0.060	0.372
angry	0.362	0.009	0.006	0.098	0.106	0.084	0.334
neutral	0.344	0.005	0.005	0.080	0.136	0.028	0.402
neutral	0.274	0.011	0.009	0.072	0.149	0.035	0.450
neutral	0.235	0.006	0.006	0.057	0.152	0.042	0.501
neutral	0.315	0.018	0.012	0.030	0.277	0.016	0.332
neutral	0.309	0.005	0.005	0.019	0.199	0.007	0.456
neutral	0.253	0.006	0.009	0.023	0.199	0.013	0.498
neutral	0.243	0.003	0.007	0.023	0.170	0.019	0.535
neutral	0.383	0.004	0.004	0.025	0.177	0.007	0.400
neutral	0.365	0.004	0.004	0.050	0.178	0.004	0.396
neutral	0.091	0.024	0.006	0.048	0.254	0.005	0.572
sad	0.041	0.063	0.019	0.017	0.646	0.003	0.211
neutral	0.123	0.114	0.020	0.052	0.281	0.027	0.383
neutral	0.208	0.049	0.008	0.063	0.185	0.015	0.472
neutral	0.156	0.037	0.008	0.138	0.084	0.124	0.453
neutral	0.156	0.018	0.005	0.124	0.146	0.021	0.530
angry	0.376	0.009	0.008	0.023	0.198	0.019	0.367
angry	0.422	0.008	0.005	0.022	0.242	0.010	0.292
neutral	0.306	0.007	0.006	0.034	0.166	0.014	0.468
neutral	0.297	0.012	0.006	0.040	0.259	0.018	0.368
neutral	0.142	0.010	0.006	0.058	0.146	0.030	0.606
neutral	0.230	0.008	0.007	0.048	0.176	0.019	0.511
neutral	0.337	0.008	0.006	0.062	0.189	0.013	0.385
neutral	0.293	0.004	0.006	0.039	0.219	0.013	0.426
neutral	0.114	0.004	0.004	0.022	0.212	0.025	0.619
neutral	0.200	0.005	0.007	0.054	0.222	0.015	0.496
neutral	0.186	0.013	0.012	0.037	0.169	0.035	0.548
neutral	0.161	0.011	0.006	0.052	0.185	0.042	0.543
neutral	0.326	0.006	0.006	0.038	0.249	0.016	0.359
angry	0.341	0.016	0.008	0.044	0.227	0.026	0.338
angry	0.473	0.006	0.004	0.036	0.267	0.010	0.204
angry	0.435	0.006	0.004	0.042	0.297	0.010	0.206
angry	0.333	0.011	0.005	0.049	0.314	0.010	0.279
neutral	0.315	0.010	0.006	0.044	0.274	0.012	0.338
angry	0.335	0.010	0.004	0.065	0.239	0.013	0.334
neutral	0.316	0.012	0.005	0.070	0.228	0.010	0.358
neutral	0.271	0.007	0.004	0.080	0.181	0.017	0.440
angry	0.369	0.008	0.004	0.056	0.183	0.022	0.358
neutral	0.297	0.008	0.004	0.050	0.208	0.010	0.424
neutral	0.241	0.007	0.006	0.043	0.277	0.012	0.414
neutral	0.210	0.008	0.006	0.038	0.272	0.028	0.438
sad	0.273	0.012	0.007	0.016	0.383	0.005	0.303
sad	0.252	0.014	0.009	0.014	0.419	0.009	0.282
sad	0.242	0.018	0.011	0.023	0.373	0.016	0.318
neutral	0.256	0.014	0.009	0.035	0.289	0.018	0.379
sad	0.299	0.015	0.010	0.022	0.325	0.008	0.322
neutral	0.260	0.015	0.009	0.034	0.302	0.030	0.349
sad	0.278	0.020	0.009	0.024	0.376	0.006	0.287
angry	0.348	0.026	0.010	0.019	0.334	0.010	0.252
angry	0.355	0.016	0.008	0.034	0.329	0.005	0.254
sad	0.282	0.019	0.010	0.021	0.354	0.011	0.303
angry	0.422	0.024	0.006	0.035	0.260	0.005	0.248
angry	0.430	0.013	0.006	0.048	0.247	0.004	0.251
angry	0.339	0.013	0.005	0.061	0.244	0.007	0.330
sad	0.312	0.014	0.009	0.025	0.357	0.005	0.277
angry	0.409	0.016	0.006	0.049	0.213	0.005	0.301
angry	0.448	0.008	0.004	0.047	0.239	0.004	0.250
angry	0.347	0.013	0.007	0.033	0.299	0.006	0.295
neutral	0.242	0.011	0.010	0.024	0.334	0.019	0.360
angry	0.394	0.009	0.005	0.036	0.260	0.008	0.289
angry	0.347	0.015	0.008	0.025	0.346	0.004	0.255
neutral	0.204	0.013	0.008	0.032	0.302	0.016	0.425
neutral	0.273	0.029	0.009	0.029	0.305	0.019	0.336
angry	0.387	0.018	0.008	0.025	0.310	0.004	0.248
angry	0.384	0.017	0.007	0.053	0.228	0.006	0.305
angry	0.441	0.010	0.005	0.036	0.235	0.010	0.264
angry	0.430	0.007	0.005	0.034	0.244	0.009	0.271
neutral	0.232	0.011	0.009	0.024	0.340	0.010	0.374
angry	0.361	0.017	0.007	0.025	0.301	0.008	0.282
angry	0.448	0.016	0.005	0.029	0.268	0.007	0.226
angry	0.383	0.019	0.007	0.026	0.302	0.007	0.257
sad	0.102	0.028	0.014	0.019	0.698	0.001	0.138
sad	0.101	0.016	0.012	0.019	0.606	0.002	0.244
sad	0.290	0.025	0.005	0.027	0.368	0.005	0.279
angry	0.497	0.023	0.003	0.019	0.247	0.002	0.207
angry	0.534	0.010	0.004	0.017	0.265	0.005	0.165
angry	0.438	0.007	0.005	0.025	0.305	0.004	0.217
angry	0.417	0.010	0.006	0.023	0.268	0.007	0.269
angry	0.526	0.019	0.004	0.022	0.231	0.006	0.192
angry	0.373	0.014	0.004	0.036	0.233	0.009	0.333
angry	0.377	0.021	0.007	0.026	0.286	0.008	0.275
sad	0.265	0.016	0.007	0.024	0.378	0.011	0.299
angry	0.362	0.014	0.006	0.042	0.276	0.009	0.291
angry	0.378	0.008	0.004	0.028	0.235	0.009	0.337
neutral	0.267	0.016	0.006	0.030	0.314	0.006	0.360
neutral	0.340	0.012	0.003	0.043	0.237	0.009	0.356
angry	0.363	0.010	0.004	0.035	0.243	0.012	0.332
neutral	0.264	0.005	0.004	0.021	0.259	0.005	0.442
angry	0.379	0.005	0.003	0.019	0.245	0.009	0.340
angry	0.363	0.016	0.004	0.049	0.258	0.008	0.302
angry	0.412	0.013	0.005	0.047	0.274	0.008	0.242
angry	0.407	0.008	0.005	0.039	0.272	0.008	0.260
angry	0.404	0.009	0.004	0.061	0.247	0.008	0.266
angry	0.365	0.010	0.003	0.069	0.258	0.007	0.289
angry	0.433	0.003	0.004	0.029	0.298	0.005	0.229
angry	0.461	0.005	0.004	0.017	0.296	0.003	0.214
angry	0.453	0.008	0.004	0.017	0.301	0.002	0.215
angry	0.351	0.015	0.005	0.039	0.266	0.002	0.322
angry	0.538	0.004	0.005	0.028	0.248	0.005	0.172
neutral	0.342	0.016	0.004	0.030	0.250	0.002	0.355
angry	0.341	0.013	0.005	0.035	0.294	0.002	0.310
angry	0.461	0.007	0.004	0.023	0.259	0.001	0.245
angry	0.489	0.005	0.004	0.029	0.265	0.003	0.207
angry	0.507	0.009	0.004	0.021	0.248	0.001	0.211
angry	0.517	0.011	0.004	0.025	0.246	0.001	0.197
angry	0.446	0.004	0.004	0.032	0.268	0.004	0.242
angry	0.460	0.005	0.004	0.031	0.284	0.004	0.211
angry	0.476	0.006	0.003	0.031	0.268	0.002	0.213
angry	0.450	0.010	0.003	0.035	0.257	0.003	0.242
angry	0.435	0.008	0.004	0.018	0.359	0.005	0.172
sad	0.274	0.008	0.003	0.033	0.360	0.004	0.319
sad	0.277	0.010	0.005	0.027	0.398	0.007	0.276
sad	0.227	0.006	0.009	0.019	0.476	0.011	0.252
sad	0.283	0.004	0.009	0.009	0.468	0.012	0.214
sad	0.257	0.006	0.006	0.009	0.456	0.011	0.256
sad	0.155	0.020	0.011	0.005	0.565	0.002	0.242
sad	0.122	0.054	0.006	0.006	0.727	0.000	0.084
angry	0.457	0.000	0.282	0.070	0.117	0.011	0.062
sad	0.203	0.023	0.010	0.011	0.470	0.006	0.277
sad	0.252	0.024	0.007	0.014	0.443	0.006	0.255
sad	0.238	0.032	0.005	0.020	0.420	0.003	0.282
angry	0.392	0.018	0.004	0.029	0.330	0.006	0.221
angry	0.416	0.010	0.005	0.025	0.337	0.008	0.199
sad	0.250	0.016	0.004	0.022	0.417	0.014	0.277
sad	0.362	0.009	0.004	0.020	0.414	0.006	0.185
sad	0.341	0.008	0.006	0.026	0.361	0.007	0.252
sad	0.361	0.004	0.004	0.018	0.427	0.006	0.179
sad	0.357	0.002	0.002	0.022	0.374	0.003	0.239
angry	0.376	0.005	0.004	0.022	0.312	0.006	0.275
angry	0.359	0.006	0.006	0.025	0.294	0.007	0.304
sad	0.320	0.004	0.005	0.024	0.345	0.004	0.299
angry	0.519	0.006	0.002	0.016	0.237	0.004	0.217
angry	0.385	0.005	0.003	0.018	0.313	0.004	0.271
angry	0.381	0.006	0.004	0.011	0.311	0.003	0.284
angry	0.355	0.025	0.005	0.030	0.317	0.006	0.262
angry	0.419	0.009	0.004	0.017	0.374	0.006	0.170
neutral	0.193	0.040	0.006	0.031	0.268	0.011	0.449
sad	0.296	0.012	0.006	0.033	0.360	0.006	0.288
neutral	0.116	0.010	0.005	0.041	0.229	0.020	0.579
neutral	0.100	0.006	0.004	0.014	0.385	0.002	0.488
sad	0.132	0.003	0.005	0.005	0.460	0.002	0.392
sad	0.223	0.004	0.004	0.008	0.510	0.002	0.250
sad	0.289	0.004	0.007	0.009	0.441	0.004	0.247
sad	0.111	0.013	0.011	0.008	0.644	0.002	0.210
sad	0.060	0.031	0.010	0.005	0.788	0.000	0.107
sad	0.094	0.014	0.008	0.013	0.563	0.001	0.308
sad	0.262	0.011	0.004	0.015	0.367	0.004	0.337
angry	0.352	0.013	0.004	0.034	0.332	0.008	0.256
angry	0.424	0.007	0.005	0.033	0.340	0.007	0.184
angry	0.392	0.005	0.005	0.031	0.350	0.007	0.209
sad	0.330	0.017	0.005	0.016	0.359	0.004	0.270
angry	0.563	0.010	0.005	0.007	0.302	0.003	0.109
angry	0.426	0.006	0.004	0.021	0.295	0.004	0.243
angry	0.488	0.006	0.009	0.005	0.326	0.003	0.162
angry	0.344	0.022	0.004	0.020	0.278	0.004	0.328
angry	0.331	0.004	0.004	0.014	0.318	0.002	0.326
neutral	0.296	0.004	0.003	0.018	0.313	0.002	0.363
angry	0.474	0.002	0.003	0.013	0.304	0.002	0.201
angry	0.410	0.002	0.004	0.013	0.369	0.003	0.199
sad	0.276	0.002	0.003	0.016	0.379	0.003	0.321
angry	0.413	0.008	0.004	0.013	0.313	0.002	0.247
angry	0.464	0.009	0.003	0.011	0.266	0.002	0.245
neutral	0.308	0.015	0.005	0.009	0.282	0.004	0.378
angry	0.336	0.005	0.003	0.015	0.312	0.001	0.328
angry	0.495	0.007	0.003	0.009	0.280	0.001	0.206
neutral	0.311	0.011	0.004	0.013	0.310	0.004	0.347
neutral	0.293	0.020	0.006	0.021	0.286	0.010	0.364
angry	0.450	0.007	0.005	0.022	0.274	0.005	0.236
angry	0.330	0.011	0.006	0.021	0.328	0.006	0.299
neutral	0.314	0.014	0.004	0.025	0.301	0.005	0.337
angry	0.496	0.008	0.005	0.007	0.293	0.003	0.189
angry	0.448	0.010	0.004	0.016	0.324	0.003	0.194
sad	0.301	0.016	0.004	0.014	0.339	0.002	0.324
angry	0.482	0.007	0.004	0.015	0.307	0.002	0.182
neutral	0.292	0.012	0.005	0.018	0.303	0.003	0.367
angry	0.402	0.009	0.004	0.018	0.289	0.003	0.274
angry	0.338	0.015	0.003	0.020	0.292	0.002	0.330
neutral	0.275	0.021	0.005	0.024	0.246	0.012	0.417
angry	0.462	0.006	0.004	0.016	0.288	0.003	0.221
neutral	0.289	0.013	0.004	0.023	0.290	0.004	0.377
sad	0.305	0.006	0.004	0.012	0.376	0.004	0.292
neutral	0.205	0.003	0.004	0.012	0.323	0.004	0.448
neutral	0.238	0.002	0.004	0.013	0.289	0.006	0.448
neutral	0.268	0.003	0.006	0.013	0.285	0.008	0.417
neutral	0.282	0.003	0.007	0.015	0.309	0.010	0.375
neutral	0.293	0.003	0.006	0.016	0.272	0.012	0.398
neutral	0.337	0.003	0.005	0.011	0.291	0.012	0.340
angry	0.380	0.003	0.004	0.025	0.256	0.009	0.322
angry	0.381	0.005	0.004	0.019	0.297	0.007	0.287
neutral	0.332	0.003	0.004	0.023	0.293	0.009	0.336
neutral	0.262	0.007	0.005	0.025	0.250	0.018	0.433
neutral	0.320	0.006	0.003	0.043	0.199	0.017	0.412
angry	0.413	0.005	0.003	0.022	0.234	0.013	0.308
sad	0.291	0.004	0.009	0.028	0.362	0.010	0.296
angry	0.393	0.010	0.008	0.019	0.297	0.010	0.263
angry	0.382	0.004	0.006	0.028	0.333	0.005	0.243
neutral	0.346	0.007	0.006	0.023	0.248	0.007	0.362
sad	0.328	0.006	0.008	0.008	0.341	0.006	0.303
angry	0.403	0.013	0.009	0.008	0.316	0.005	0.246
neutral	0.284	0.006	0.003	0.034	0.258	0.004	0.411
neutral	0.291	0.004	0.003	0.029	0.243	0.003	0.426
angry	0.420	0.010	0.004	0.021	0.291	0.003	0.252
angry	0.440	0.005	0.004	0.032	0.310	0.006	0.202
sad	0.318	0.006	0.004	0.015	0.349	0.003	0.304
neutral	0.265	0.006	0.005	0.026	0.271	0.008	0.418
neutral	0.327	0.003	0.004	0.034	0.223	0.007	0.402
neutral	0.349	0.003	0.003	0.035	0.217	0.007	0.386
neutral	0.341	0.003	0.003	0.024	0.249	0.003	0.377
angry	0.345	0.008	0.004	0.033	0.305	0.007	0.299
neutral	0.267	0.007	0.004	0.045	0.235	0.004	0.438
neutral	0.241	0.009	0.004	0.034	0.254	0.006	0.453
neutral	0.264	0.009	0.005	0.029	0.258	0.008	0.427
angry	0.465	0.009	0.005	0.029	0.252	0.007	0.233
angry	0.399	0.006	0.004	0.050	0.228	0.007	0.306
neutral	0.303	0.007	0.003	0.040	0.257	0.004	0.386
neutral	0.267	0.005	0.003	0.055	0.252	0.005	0.414
angry	0.504	0.005	0.003	0.023	0.245	0.005	0.214
neutral	0.258	0.017	0.004	0.021	0.250	0.005	0.446
angry	0.378	0.009	0.004	0.036	0.254	0.005	0.315
neutral	0.352	0.002	0.003	0.032	0.245	0.008	0.357
neutral	0.348	0.006	0.003	0.036	0.220	0.008	0.379
neutral	0.253	0.007	0.003	0.030	0.194	0.005	0.508
neutral	0.212	0.006	0.004	0.018	0.267	0.005	0.488
angry	0.371	0.004	0.003	0.025	0.231	0.006	0.359
neutral	0.269	0.003	0.002	0.034	0.215	0.003	0.475
angry	0.416	0.003	0.002	0.026	0.214	0.008	0.331
neutral	0.330	0.004	0.002	0.030	0.211	0.007	0.416
neutral	0.181	0.008	0.007	0.025	0.265	0.006	0.508
sad	0.053	0.023	0.009	0.012	0.578	0.001	0.325
neutral	0.130	0.010	0.009	0.018	0.344	0.003	0.487
neutral	0.121	0.009	0.006	0.037	0.232	0.009	0.585
neutral	0.297	0.006	0.006	0.038	0.305	0.012	0.335
neutral	0.305	0.006	0.005	0.037	0.299	0.012	0.336
neutral	0.292	0.006	0.006	0.034	0.321	0.009	0.332
neutral	0.314	0.005	0.005	0.033	0.206	0.011	0.426
neutral	0.256	0.004	0.006	0.033	0.312	0.007	0.382
neutral	0.184	0.007	0.004	0.018	0.221	0.006	0.560
sad	0.316	0.003	0.006	0.016	0.389	0.003	0.267
neutral	0.160	0.003	0.003	0.026	0.242	0.005	0.561
neutral	0.277	0.006	0.004	0.037	0.240	0.004	0.432
neutral	0.231	0.011	0.004	0.022	0.250	0.004	0.478
neutral	0.306	0.004	0.004	0.027	0.316	0.006	0.336
neutral	0.347	0.013	0.003	0.042	0.206	0.006	0.384
angry	0.363	0.005	0.005	0.027	0.252	0.006	0.343
neutral	0.329	0.006	0.005	0.024	0.275	0.005	0.356
neutral	0.314	0.010	0.004	0.042	0.261	0.008	0.361
angry	0.441	0.003	0.003	0.020	0.277	0.005	0.251
neutral	0.264	0.007	0.004	0.021	0.308	0.002	0.394
neutral	0.307	0.004	0.004	0.015	0.317	0.003	0.350
neutral	0.315	0.003	0.004	0.021	0.254	0.003	0.400
angry	0.336	0.008	0.004	0.036	0.298	0.007	0.311
angry	0.337	0.009	0.005	0.020	0.324	0.004	0.302
sad	0.323	0.004	0.005	0.021	0.330	0.004	0.314
neutral	0.241	0.007	0.004	0.026	0.277	0.002	0.443
neutral	0.343	0.010	0.004	0.030	0.262	0.005	0.346
neutral	0.282	0.005	0.004	0.020	0.245	0.003	0.442
neutral	0.161	0.007	0.004	0.017	0.259	0.003	0.549
neutral	0.285	0.005	0.005	0.031	0.243	0.005	0.426
neutral	0.237	0.006	0.004	0.025	0.279	0.002	0.447
neutral	0.329	0.004	0.003	0.025	0.192	0.005	0.442
neutral	0.316	0.008	0.003	0.063	0.215	0.008	0.387
angry	0.361	0.006	0.004	0.041	0.227	0.003	0.358
angry	0.373	0.005	0.003	0.044	0.232	0.008	0.335
neutral	0.210	0.004	0.004	0.025	0.235	0.002	0.520
neutral	0.298	0.005	0.004	0.023	0.256	0.007	0.407
angry	0.376	0.003	0.004	0.027	0.220	0.003	0.366
angry	0.484	0.007	0.003	0.043	0.214	0.007	0.243
neutral	0.370	0.004	0.003	0.026	0.209	0.005	0.382
neutral	0.299	0.002	0.004	0.016	0.255	0.002	0.422
neutral	0.366	0.004	0.004	0.037	0.188	0.006	0.395
neutral	0.314	0.003	0.004	0.017	0.260	0.003	0.399
angry	0.403	0.005	0.003	0.037	0.211	0.005	0.336
angry	0.363	0.002	0.004	0.014	0.276	0.002	0.340
neutral	0.242	0.004	0.003	0.031	0.187	0.004	0.529
angry	0.362	0.005	0.003	0.034	0.239	0.006	0.351
angry	0.413	0.004	0.002	0.030	0.184	0.007	0.358
neutral	0.358	0.003	0.002	0.030	0.186	0.005	0.416
neutral	0.333	0.004	0.004	0.034	0.149	0.010	0.465
neutral	0.215	0.004	0.005	0.017	0.312	0.007	0.440
neutral	0.298	0.005	0.003	0.013	0.285	0.006	0.390
neutral	0.371	0.002	0.002	0.015	0.223	0.007	0.379
angry	0.369	0.003	0.003	0.012	0.273	0.004	0.336
sad	0.314	0.011	0.003	0.015	0.328	0.002	0.326
sad	0.309	0.006	0.006	0.021	0.333	0.006	0.318
sad	0.321	0.007	0.011	0.010	0.384	0.003	0.265
sad	0.273	0.027	0.005	0.015	0.400	0.001	0.279
angry	0.332	0.003	0.002	0.022	0.316	0.002	0.323
angry	0.357	0.004	0.003	0.023	0.346	0.005	0.263
sad	0.142	0.016	0.008	0.016	0.446	0.004	0.367
sad	0.051	0.020	0.010	0.018	0.612	0.001	0.288
sad	0.204	0.017	0.009	0.019	0.502	0.002	0.247
neutral	0.187	0.014	0.004	0.023	0.294	0.001	0.477
neutral	0.217	0.008	0.004	0.022	0.322	0.001	0.425
sad	0.246	0.005	0.004	0.018	0.372	0.002	0.353
neutral	0.205	0.008	0.004	0.029	0.254	0.001	0.500
neutral	0.268	0.002	0.003	0.014	0.333	0.002	0.377
neutral	0.331	0.010	0.003	0.037	0.265	0.002	0.351
neutral	0.291	0.009	0.004	0.034	0.315	0.003	0.345
sad	0.281	0.006	0.004	0.023	0.349	0.003	0.334
sad	0.300	0.008	0.003	0.025	0.331	0.002	0.331
sad	0.308	0.003	0.003	0.020	0.366	0.003	0.297
neutral	0.182	0.005	0.003	0.020	0.380	0.001	0.408
neutral	0.213	0.003	0.003	0.026	0.260	0.003	0.493
sad	0.262	0.009	0.003	0.022	0.358	0.002	0.345
angry	0.382	0.005	0.003	0.026	0.235	0.002	0.347
sad	0.288	0.009	0.004	0.031	0.346	0.002	0.319
neutral	0.260	0.005	0.003	0.043	0.280	0.002	0.407
neutral	0.323	0.004	0.004	0.021	0.280	0.004	0.365
angry	0.360	0.007	0.004	0.036	0.270	0.003	0.321
angry	0.385	0.011	0.004	0.023	0.276	0.007	0.295
neutral	0.248	0.006	0.004	0.039	0.305	0.002	0.397
angry	0.352	0.005	0.003	0.051	0.270	0.003	0.315
neutral	0.322	0.006	0.004	0.037	0.240	0.005	0.386
neutral	0.264	0.004	0.005	0.037	0.247	0.007	0.436
neutral	0.333	0.005	0.003	0.031	0.229	0.004	0.394
