prediction	angry	disgust	fear	happy	sad	surprise	neutral
neutral	0.140	0.000	0.000	0.104	0.041	0.001	0.713
neutral	0.076	0.002	0.001	0.044	0.095	0.000	0.782
neutral	0.063	0.002	0.001	0.045	0.081	0.000	0.808
neutral	0.071	0.002	0.001	0.053	0.106	0.000	0.766
neutral	0.059	0.001	0.001	0.041	0.086	0.000	0.811
neutral	0.074	0.002	0.001	0.039	0.087	0.000	0.797
neutral	0.079	0.000	0.000	0.079	0.041	0.001	0.799
neutral	0.123	0.000	0.000	0.094	0.049	0.001	0.732
neutral	0.152	0.000	0.000	0.081	0.046	0.001	0.719
neutral	0.066	0.000	0.000	0.128	0.035	0.002	0.768
angry	0.341	0.000	0.059	0.201	0.167	0.003	0.228
neutral	0.099	0.000	0.000	0.064	0.032	0.001	0.803
neutral	0.094	0.000	0.000	0.128	0.031	0.001	0.744
neutral	0.093	0.000	0.000	0.108	0.037	0.002	0.760
neutral	0.083	0.000	0.000	0.107	0.028	0.001	0.781
neutral	0.145	0.000	0.000	0.093	0.027	0.002	0.733
neutral	0.126	0.000	0.001	0.104	0.044	0.001	0.724
neutral	0.109	0.000	0.000	0.083	0.047	0.001	0.760
neutral	0.216	0.000	0.000	0.051	0.051	0.001	0.680
neutral	0.153	0.000	0.000	0.062	0.041	0.001	0.742
neutral	0.177	0.000	0.001	0.054	0.056	0.001	0.711
neutral	0.114	0.000	0.001	0.060	0.035	0.001	0.789
neutral	0.127	0.000	0.001	0.047	0.051	0.002	0.773
neutral	0.132	0.000	0.000	0.061	0.039	0.002	0.766
neutral	0.139	0.000	0.001	0.034	0.054	0.001	0.771
neutral	0.107	0.000	0.001	0.065	0.041	0.001	0.785
neutral	0.105	0.000	0.001	0.053	0.049	0.001	0.791
neutral	0.118	0.001	0.001	0.078	0.040	0.001	0.761
neutral	0.115	0.000	0.001	0.070	0.040	0.001	0.773
neutral	0.080	0.000	0.000	0.091	0.026	0.001	0.801
neutral	0.091	0.001	0.001	0.088	0.028	0.002	0.790
neutral	0.137	0.000	0.001	0.070	0.048	0.001	0.743
neutral	0.109	0.000	0.001	0.078	0.048	0.002	0.763
neutral	0.104	0.000	0.001	0.054	0.055	0.002	0.784
neutral	0.103	0.001	0.001	0.093	0.037	0.001	0.763
neutral	0.103	0.000	0.001	0.052	0.047	0.001	0.796
neutral	0.143	0.000	0.001	0.054	0.061	0.001	0.739
neutral	0.127	0.000	0.001	0.060	0.058	0.001	0.752
neutral	0.105	0.001	0.001	0.118	0.048	0.001	0.726
neutral	0.094	0.001	0.001	0.107	0.036	0.001	0.759
neutral	0.108	0.001	0.001	0.086	0.040	0.003	0.762
neutral	0.150	0.001	0.002	0.105	0.096	0.001	0.645
neutral	0.085	0.001	0.001	0.095	0.047	0.001	0.769
neutral	0.113	0.001	0.001	0.052	0.059	0.002	0.772
neutral	0.126	0.002	0.001	0.084	0.043	0.002	0.742
neutral	0.097	0.003	0.001	0.092	0.048	0.002	0.757
neutral	0.096	0.001	0.001	0.068	0.058	0.002	0.774
neutral	0.096	0.001	0.001	0.073	0.057	0.001	0.771
neutral	0.094	0.001	0.001	0.062	0.048	0.002	0.793
neutral	0.086	0.000	0.001	0.059	0.049	0.001	0.804
neutral	0.107	0.001	0.001	0.059	0.054	0.001	0.777
neutral	0.076	0.004	0.001	0.099	0.054	0.001	0.764
neutral	0.086	0.001	0.001	0.073	0.035	0.001	0.803
neutral	0.118	0.001	0.001	0.057	0.049	0.001	0.773
neutral	0.135	0.003	0.001	0.077	0.060	0.001	0.724
neutral	0.178	0.001	0.001	0.067	0.076	0.001	0.678
neutral	0.171	0.000	0.001	0.039	0.077	0.001	0.711
neutral	0.119	0.001	0.001	0.083	0.056	0.001	0.740
neutral	0.076	0.001	0.001	0.104	0.038	0.001	0.779
neutral	0.169	0.001	0.000	0.060	0.040	0.001	0.729
neutral	0.101	0.000	0.000	0.072	0.025	0.001	0.801
neutral	0.099	0.000	0.000	0.042	0.040	0.001	0.817
neutral	0.111	0.000	0.001	0.055	0.060	0.000	0.772
neutral	0.246	0.001	0.001	0.070	0.126	0.001	0.555
neutral	0.369	0.001	0.002	0.029	0.134	0.000	0.465
angry	0.392	0.001	0.002	0.024	0.196	0.000	0.384
neutral	0.182	0.002	0.003	0.087	0.141	0.001	0.585
angry	0.462	0.000	0.076	0.157	0.159	0.003	0.143
neutral	0.307	0.002	0.002	0.118	0.100	0.001	0.471
angry	0.416	0.000	0.104	0.136	0.131	0.003	0.210
neutral	0.202	0.001	0.001	0.074	0.088	0.001	0.633
neutral	0.136	0.000	0.001	0.070	0.052	0.001	0.740
angry	0.466	0.000	0.085	0.149	0.122	0.002	0.176
neutral	0.185	0.001	0.001	0.045	0.085	0.000	0.683
neutral	0.136	0.001	0.001	0.070	0.072	0.001	0.719
neutral	0.189	0.000	0.001	0.055	0.057	0.001	0.697
neutral	0.108	0.001	0.001	0.132	0.055	0.001	0.702
neutral	0.097	0.000	0.001	0.055	0.054	0.001	0.792
angry	0.318	0.000	0.078	0.298	0.117	0.002	0.187
neutral	0.090	0.001	0.001	0.108	0.056	0.001	0.745
angry	0.449	0.000	0.080	0.107	0.120	0.004	0.241
neutral	0.204	0.000	0.001	0.061	0.074	0.000	0.660
angry	0.332	0.000	0.134	0.093	0.171	0.007	0.263
neutral	0.226	0.001	0.001	0.101	0.078	0.001	0.593
angry	0.451	0.000	0.043	0.254	0.094	0.002	0.156
neutral	0.251	0.001	0.001	0.041	0.072	0.000	0.634
neutral	0.111	0.001	0.001	0.048	0.077	0.000	0.762
neutral	0.314	0.001	0.001	0.034	0.100	0.001	0.550
neutral	0.348	0.000	0.001	0.045	0.116	0.001	0.490
neutral	0.292	0.001	0.001	0.071	0.110	0.001	0.524
neutral	0.225	0.001	0.001	0.088	0.087	0.001	0.596
neutral	0.214	0.001	0.001	0.056	0.055	0.001	0.671
neutral	0.235	0.001	0.001	0.062	0.094	0.001	0.607
neutral	0.203	0.001	0.001	0.041	0.095	0.001	0.657
neutral	0.260	0.005	0.002	0.080	0.106	0.000	0.548
neutral	0.255	0.001	0.001	0.060	0.082	0.000	0.600
neutral	0.299	0.003	0.002	0.063	0.122	0.000	0.512
neutral	0.341	0.000	0.001	0.035	0.123	0.001	0.498
neutral	0.245	0.004	0.002	0.081	0.104	0.000	0.563
neutral	0.325	0.002	0.002	0.078	0.164	0.000	0.428
neutral	0.271	0.002	0.003	0.058	0.122	0.001	0.545
neutral	0.341	0.003	0.002	0.073	0.156	0.000	0.424
neutral	0.341	0.002	0.002	0.061	0.146	0.000	0.449
neutral	0.286	0.002	0.002	0.054	0.132	0.001	0.523
neutral	0.271	0.000	0.001	0.030	0.125	0.001	0.572
neutral	0.282	0.001	0.002	0.040	0.167	0.001	0.508
neutral	0.331	0.001	0.001	0.038	0.112	0.001	0.517
neutral	0.259	0.001	0.002	0.044	0.153	0.000	0.541
neutral	0.264	0.001	0.002	0.102	0.114	0.001	0.516
neutral	0.289	0.003	0.004	0.101	0.172	0.001	0.430
neutral	0.359	0.002	0.002	0.141	0.074	0.001	0.421
neutral	0.300	0.002	0.002	0.079	0.138	0.000	0.478
neutral	0.333	0.004	0.003	0.117	0.119	0.001	0.423
neutral	0.364	0.002	0.003	0.116	0.117	0.001	0.397
neutral	0.314	0.001	0.001	0.122	0.130	0.001	0.431
neutral	0.346	0.001	0.001	0.109	0.147	0.000	0.396
angry	0.348	0.001	0.002	0.105	0.196	0.000	0.347
angry	0.448	0.000	0.001	0.108	0.077	0.000	0.366
neutral	0.358	0.001	0.001	0.119	0.074	0.000	0.447
angry	0.441	0.001	0.002	0.125	0.142	0.001	0.288
angry	0.420	0.001	0.002	0.138	0.104	0.000	0.335
neutral	0.325	0.000	0.001	0.086	0.124	0.000	0.464
angry	0.404	0.000	0.001	0.050	0.158	0.000	0.387
angry	0.355	0.000	0.032	0.339	0.062	0.001	0.211
neutral	0.309	0.000	0.001	0.050	0.148	0.001	0.490
angry	0.331	0.000	0.067	0.282	0.125	0.004	0.191
neutral	0.399	0.000	0.001	0.073	0.084	0.000	0.442
angry	0.436	0.001	0.002	0.071	0.132	0.000	0.358
angry	0.389	0.000	0.002	0.070	0.173	0.001	0.365
angry	0.460	0.000	0.001	0.058	0.116	0.001	0.364
angry	0.427	0.000	0.002	0.053	0.145	0.001	0.373
angry	0.405	0.001	0.002	0.051	0.190	0.001	0.350
neutral	0.403	0.000	0.001	0.092	0.090	0.000	0.413
angry	0.450	0.000	0.002	0.070	0.150	0.001	0.326
angry	0.322	0.000	0.072	0.268	0.102	0.004	0.232
angry	0.400	0.000	0.001	0.062	0.140	0.001	0.396
neutral	0.349	0.000	0.001	0.082	0.116	0.000	0.451
neutral	0.341	0.001	0.001	0.064	0.125	0.000	0.469
angry	0.413	0.000	0.001	0.044	0.152	0.001	0.389
angry	0.463	0.000	0.001	0.053	0.125	0.001	0.356
angry	0.434	0.000	0.001	0.026	0.167	0.000	0.372
angry	0.388	0.000	0.002	0.047	0.184	0.001	0.379
neutral	0.391	0.000	0.001	0.050	0.126	0.001	0.431
angry	0.443	0.003	0.004	0.083	0.139	0.001	0.327
neutral	0.329	0.000	0.001	0.052	0.164	0.001	0.452
angry	0.414	0.000	0.002	0.046	0.146	0.001	0.391
neutral	0.385	0.000	0.001	0.055	0.162	0.001	0.396
neutral	0.376	0.000	0.001	0.043	0.191	0.001	0.388
angry	0.393	0.000	0.001	0.042	0.201	0.001	0.362
angry	0.394	0.000	0.001	0.036	0.180	0.001	0.388
angry	0.425	0.001	0.002	0.048	0.155	0.000	0.370
neutral	0.349	0.000	0.001	0.043	0.178	0.001	0.428
angry	0.491	0.001	0.002	0.070	0.135	0.000	0.301
angry	0.360	0.003	0.004	0.141	0.156	0.001	0.335
angry	0.442	0.002	0.002	0.048	0.208	0.000	0.298
neutral	0.280	0.001	0.002	0.060	0.141	0.001	0.517
neutral	0.246	0.005	0.003	0.122	0.115	0.001	0.508
neutral	0.268	0.005	0.002	0.047	0.152	0.001	0.524
neutral	0.220	0.001	0.002	0.034	0.088	0.002	0.654
neutral	0.132	0.002	0.001	0.203	0.044	0.002	0.617
neutral	0.121	0.001	0.001	0.218	0.028	0.001	0.629
happy	0.010	0.000	0.000	0.812	0.003	0.001	0.175
happy	0.007	0.000	0.000	0.884	0.001	0.001	0.107
happy	0.008	0.000	0.000	0.781	0.001	0.001	0.209
happy	0.013	0.000	0.000	0.749	0.004	0.001	0.233
happy	0.002	0.000	0.000	0.908	0.001	0.000	0.089
happy	0.001	0.000	0.000	0.942	0.000	0.000	0.056
happy	0.000	0.000	0.000	0.970	0.000	0.000	0.030
happy	0.001	0.000	0.000	0.940	0.001	0.000	0.057
happy	0.024	0.000	0.000	0.707	0.008	0.000	0.260
happy	0.030	0.000	0.000	0.585	0.011	0.000	0.373
neutral	0.058	0.001	0.000	0.381	0.020	0.001	0.539
neutral	0.068	0.001	0.001	0.166	0.034	0.001	0.729
neutral	0.142	0.002	0.001	0.192	0.067	0.001	0.596
neutral	0.129	0.001	0.001	0.134	0.079	0.001	0.655
neutral	0.193	0.002	0.002	0.047	0.100	0.002	0.654
neutral	0.146	0.001	0.001	0.082	0.108	0.001	0.661
neutral	0.184	0.001	0.002	0.059	0.146	0.001	0.607
neutral	0.172	0.002	0.002	0.048	0.174	0.001	0.600
neutral	0.207	0.001	0.002	0.047	0.146	0.002	0.596
neutral	0.245	0.001	0.001	0.040	0.156	0.002	0.555
neutral	0.321	0.002	0.002	0.030	0.205	0.002	0.439
neutral	0.216	0.002	0.002	0.037	0.185	0.002	0.556
neutral	0.160	0.001	0.002	0.054	0.122	0.002	0.660
neutral	0.220	0.001	0.002	0.043	0.135	0.003	0.596
neutral	0.231	0.001	0.002	0.041	0.165	0.002	0.559
neutral	0.153	0.008	0.004	0.102	0.154	0.002	0.578
neutral	0.189	0.003	0.003	0.046	0.140	0.002	0.617
neutral	0.257	0.001	0.001	0.029	0.170	0.001	0.540
neutral	0.167	0.001	0.003	0.044	0.153	0.002	0.630
neutral	0.188	0.001	0.002	0.040	0.162	0.002	0.605
neutral	0.249	0.001	0.002	0.055	0.148	0.002	0.542
neutral	0.188	0.001	0.002	0.091	0.086	0.002	0.629
neutral	0.185	0.001	0.001	0.048	0.119	0.001	0.644
neutral	0.209	0.001	0.002	0.048	0.113	0.002	0.626
neutral	0.204	0.002	0.002	0.074	0.104	0.001	0.613
neutral	0.075	0.009	0.009	0.013	0.421	0.000	0.473
neutral	0.073	0.005	0.010	0.014	0.334	0.001	0.565
neutral	0.139	0.010	0.004	0.080	0.174	0.001	0.593
neutral	0.192	0.008	0.005	0.059	0.179	0.001	0.556
neutral	0.145	0.002	0.002	0.040	0.155	0.001	0.654
neutral	0.206	0.009	0.004	0.081	0.137	0.001	0.562
neutral	0.155	0.005	0.003	0.084	0.124	0.001	0.628
neutral	0.094	0.002	0.002	0.082	0.087	0.001	0.731
neutral	0.135	0.001	0.002	0.077	0.121	0.001	0.663
neutral	0.084	0.001	0.002	0.076	0.091	0.001	0.746
neutral	0.096	0.001	0.002	0.120	0.070	0.001	0.710
neutral	0.146	0.000	0.002	0.083	0.076	0.002	0.691
neutral	0.193	0.001	0.002	0.101	0.099	0.001	0.604
neutral	0.202	0.002	0.002	0.093	0.120	0.001	0.580
neutral	0.175	0.001	0.002	0.080	0.074	0.001	0.668
neutral	0.182	0.000	0.001	0.045	0.084	0.001	0.686
neutral	0.142	0.000	0.001	0.116	0.074	0.001	0.665
neutral	0.187	0.000	0.001	0.059	0.072	0.002	0.679
neutral	0.202	0.002	0.003	0.079	0.149	0.001	0.565
neutral	0.201	0.001	0.003	0.083	0.113	0.001	0.597
neutral	0.129	0.001	0.003	0.085	0.091	0.001	0.691
neutral	0.148	0.001	0.002	0.138	0.100	0.001	0.610
neutral	0.126	0.001	0.002	0.082	0.096	0.001	0.692
neutral	0.189	0.001	0.002	0.085	0.106	0.003	0.615
neutral	0.210	0.003	0.004	0.038	0.220	0.002	0.523
neutral	0.218	0.001	0.002	0.067	0.108	0.001	0.604
neutral	0.144	0.001	0.002	0.072	0.090	0.003	0.688
neutral	0.148	0.000	0.001	0.054	0.110	0.002	0.683
neutral	0.143	0.000	0.002	0.062	0.084	0.003	0.707
neutral	0.206	0.002	0.003	0.043	0.160	0.002	0.584
neutral	0.112	0.001	0.002	0.048	0.126	0.001	0.709
neutral	0.136	0.001	0.001	0.063	0.122	0.001	0.676
neutral	0.273	0.000	0.066	0.237	0.142	0.003	0.279
neutral	0.138	0.001	0.002	0.056	0.081	0.004	0.720
neutral	0.138	0.001	0.002	0.049	0.118	0.001	0.691
neutral	0.148	0.002	0.004	0.060	0.148	0.003	0.634
neutral	0.124	0.001	0.003	0.061	0.104	0.001	0.706
neutral	0.118	0.001	0.003	0.057	0.118	0.001	0.702
neutral	0.126	0.001	0.002	0.056	0.122	0.001	0.692
neutral	0.162	0.001	0.001	0.061	0.090	0.001	0.684
neutral	0.242	0.000	0.001	0.064	0.090	0.002	0.600
neutral	0.232	0.001	0.001	0.102	0.085	0.002	0.578
neutral	0.180	0.000	0.001	0.066	0.080	0.001	0.672
neutral	0.225	0.000	0.001	0.067	0.077	0.001	0.628
neutral	0.184	0.001	0.001	0.082	0.125	0.001	0.606
neutral	0.149	0.000	0.001	0.079	0.086	0.002	0.684
neutral	0.171	0.000	0.001	0.049	0.119	0.001	0.659
neutral	0.190	0.001	0.001	0.069	0.140	0.001	0.597
neutral	0.126	0.000	0.001	0.044	0.083	0.001	0.744
angry	0.437	0.000	0.053	0.173	0.115	0.001	0.221
neutral	0.222	0.003	0.002	0.072	0.127	0.001	0.573
neutral	0.189	0.001	0.002	0.067	0.115	0.001	0.625
neutral	0.159	0.000	0.002	0.057	0.101	0.002	0.679
neutral	0.165	0.001	0.001	0.067	0.131	0.001	0.633
neutral	0.199	0.001	0.002	0.052	0.125	0.001	0.621
neutral	0.184	0.000	0.001	0.057	0.110	0.001	0.646
neutral	0.200	0.000	0.001	0.035	0.148	0.001	0.614
neutral	0.129	0.000	0.001	0.027	0.122	0.001	0.720
neutral	0.190	0.004	0.003	0.096	0.132	0.002	0.574
neutral	0.202	0.001	0.002	0.050	0.153	0.001	0.590
neutral	0.156	0.001	0.003	0.039	0.139	0.002	0.659
neutral	0.203	0.007	0.003	0.048	0.150	0.001	0.588
neutral	0.205	0.002	0.003	0.053	0.131	0.002	0.605
neutral	0.200	0.001	0.002	0.046	0.102	0.001	0.649
neutral	0.221	0.005	0.002	0.075	0.150	0.001	0.545
neutral	0.172	0.004	0.003	0.084	0.097	0.001	0.639
neutral	0.276	0.003	0.002	0.048	0.169	0.002	0.500
neutral	0.336	0.001	0.003	0.024	0.236	0.002	0.398
neutral	0.223	0.001	0.004	0.028	0.279	0.003	0.464
neutral	0.171	0.001	0.003	0.022	0.150	0.002	0.652
neutral	0.248	0.001	0.003	0.046	0.170	0.002	0.530
neutral	0.201	0.003	0.003	0.061	0.157	0.001	0.575
neutral	0.236	0.001	0.003	0.035	0.149	0.002	0.573
neutral	0.247	0.001	0.003	0.047	0.151	0.002	0.548
neutral	0.298	0.001	0.003	0.020	0.198	0.002	0.477
neutral	0.237	0.001	0.003	0.026	0.183	0.003	0.547
neutral	0.273	0.001	0.002	0.021	0.185	0.003	0.516
neutral	0.181	0.000	0.002	0.023	0.155	0.004	0.634
neutral	0.214	0.001	0.002	0.046	0.123	0.005	0.610
neutral	0.148	0.001	0.003	0.047	0.097	0.009	0.696
neutral	0.200	0.001	0.003	0.019	0.185	0.004	0.589
neutral	0.234	0.001	0.003	0.031	0.186	0.002	0.544
neutral	0.158	0.002	0.002	0.092	0.087	0.005	0.654
neutral	0.119	0.007	0.002	0.212	0.048	0.020	0.592
happy	0.067	0.001	0.001	0.464	0.020	0.017	0.429
neutral	0.068	0.003	0.001	0.349	0.035	0.007	0.537
neutral	0.189	0.011	0.003	0.271	0.065	0.005	0.456
neutral	0.171	0.037	0.003	0.277	0.052	0.003	0.459
neutral	0.151	0.006	0.002	0.207	0.060	0.002	0.573
neutral	0.379	0.014	0.003	0.125	0.073	0.002	0.405
neutral	0.236	0.005	0.003	0.126	0.073	0.004	0.553
neutral	0.314	0.007	0.002	0.165	0.057	0.003	0.452
neutral	0.180	0.007	0.002	0.218	0.050	0.003	0.540
happy	0.213	0.007	0.001	0.473	0.030	0.005	0.272
happy	0.048	0.001	0.000	0.587	0.010	0.002	0.351
happy	0.010	0.000	0.000	0.892	0.002	0.001	0.095
happy	0.016	0.003	0.000	0.915	0.002	0.002	0.062
happy	0.033	0.002	0.000	0.802	0.005	0.007	0.150
happy	0.016	0.005	0.000	0.898	0.003	0.006	0.072
happy	0.048	0.009	0.001	0.760	0.010	0.005	0.168
neutral	0.177	0.004	0.001	0.074	0.068	0.002	0.674
neutral	0.262	0.011	0.001	0.255	0.048	0.002	0.421
neutral	0.073	0.003	0.001	0.142	0.038	0.005	0.738
neutral	0.199	0.000	0.001	0.086	0.082	0.004	0.627
neutral	0.245	0.009	0.002	0.187	0.044	0.004	0.510
neutral	0.166	0.016	0.002	0.373	0.025	0.005	0.413
neutral	0.169	0.006	0.002	0.215	0.035	0.005	0.566
neutral	0.302	0.003	0.001	0.029	0.069	0.002	0.595
neutral	0.178	0.011	0.001	0.346	0.025	0.005	0.432
neutral	0.147	0.010	0.001	0.359	0.028	0.005	0.451
neutral	0.159	0.011	0.001	0.166	0.026	0.003	0.633
neutral	0.141	0.008	0.002	0.309	0.028	0.003	0.509
neutral	0.147	0.008	0.002	0.233	0.035	0.006	0.570
neutral	0.208	0.009	0.002	0.214	0.034	0.005	0.528
neutral	0.225	0.013	0.001	0.188	0.047	0.005	0.521
neutral	0.243	0.016	0.001	0.145	0.038	0.003	0.553
neutral	0.180	0.007	0.002	0.116	0.063	0.003	0.629
neutral	0.146	0.007	0.001	0.286	0.043	0.003	0.513
neutral	0.207	0.007	0.001	0.237	0.035	0.003	0.509
neutral	0.113	0.005	0.002	0.181	0.051	0.004	0.644
neutral	0.119	0.008	0.002	0.168	0.058	0.003	0.643
neutral	0.125	0.001	0.001	0.156	0.047	0.001	0.667
neutral	0.233	0.004	0.001	0.107	0.044	0.001	0.609
neutral	0.185	0.002	0.001	0.157	0.050	0.001	0.604
happy	0.158	0.015	0.002	0.439	0.040	0.007	0.339
happy	0.111	0.002	0.000	0.555	0.019	0.003	0.310
happy	0.064	0.001	0.000	0.593	0.011	0.002	0.328
neutral	0.069	0.001	0.001	0.209	0.045	0.001	0.673
neutral	0.106	0.002	0.001	0.125	0.068	0.001	0.697
neutral	0.276	0.009	0.003	0.065	0.078	0.003	0.567
neutral	0.250	0.020	0.003	0.155	0.057	0.002	0.513
neutral	0.226	0.007	0.002	0.185	0.054	0.002	0.524
neutral	0.169	0.004	0.001	0.139	0.053	0.001	0.632
neutral	0.072	0.003	0.001	0.183	0.041	0.003	0.698
neutral	0.050	0.001	0.001	0.359	0.020	0.003	0.566
neutral	0.186	0.006	0.001	0.178	0.046	0.003	0.579
neutral	0.168	0.003	0.001	0.139	0.054	0.004	0.631
neutral	0.177	0.026	0.002	0.287	0.036	0.008	0.465
happy	0.070	0.011	0.001	0.463	0.014	0.007	0.435
happy	0.031	0.001	0.000	0.606	0.014	0.007	0.341
happy	0.001	0.000	0.000	0.922	0.000	0.000	0.077
happy	0.006	0.000	0.000	0.802	0.002	0.001	0.189
neutral	0.069	0.002	0.001	0.303	0.028	0.002	0.595
neutral	0.063	0.001	0.000	0.300	0.023	0.000	0.613
neutral	0.102	0.002	0.001	0.406	0.023	0.002	0.464
neutral	0.107	0.012	0.003	0.278	0.046	0.013	0.541
happy	0.042	0.007	0.001	0.579	0.014	0.009	0.349
happy	0.065	0.006	0.001	0.502	0.017	0.009	0.401
happy	0.052	0.005	0.001	0.453	0.023	0.013	0.452
happy	0.009	0.000	0.000	0.805	0.004	0.001	0.181
happy	0.002	0.000	0.000	0.901	0.001	0.000	0.095
happy	0.005	0.000	0.000	0.852	0.002	0.000	0.141
happy	0.008	0.000	0.000	0.739	0.003	0.001	0.250
happy	0.015	0.001	0.000	0.562	0.006	0.001	0.415
happy	0.026	0.001	0.000	0.523	0.011	0.001	0.438
happy	0.041	0.003	0.001	0.475	0.019	0.001	0.460
neutral	0.035	0.001	0.000	0.397	0.015	0.001	0.551
neutral	0.066	0.002	0.001	0.259	0.029	0.001	0.641
neutral	0.058	0.006	0.001	0.337	0.031	0.001	0.567
neutral	0.058	0.001	0.001	0.234	0.030	0.001	0.675
neutral	0.069	0.001	0.001	0.132	0.043	0.001	0.753
neutral	0.096	0.003	0.001	0.207	0.049	0.001	0.642
neutral	0.088	0.001	0.001	0.161	0.047	0.001	0.700
neutral	0.062	0.001	0.001	0.101	0.056	0.001	0.778
neutral	0.068	0.001	0.001	0.127	0.062	0.001	0.740
neutral	0.093	0.001	0.001	0.112	0.054	0.001	0.738
neutral	0.124	0.002	0.001	0.068	0.080	0.001	0.723
neutral	0.090	0.004	0.002	0.062	0.099	0.001	0.742
neutral	0.089	0.003	0.002	0.100	0.084	0.001	0.722
neutral	0.101	0.002	0.002	0.075	0.091	0.002	0.727
neutral	0.111	0.002	0.002	0.072	0.123	0.002	0.688
neutral	0.089	0.002	0.002	0.056	0.106	0.001	0.744
neutral	0.069	0.001	0.002	0.058	0.079	0.002	0.788
neutral	0.076	0.001	0.002	0.089	0.093	0.002	0.737
neutral	0.097	0.003	0.002	0.072	0.100	0.001	0.725
neutral	0.131	0.002	0.002	0.050	0.106	0.001	0.707
neutral	0.131	0.002	0.002	0.041	0.121	0.002	0.702
neutral	0.093	0.002	0.002	0.050	0.102	0.002	0.749
neutral	0.142	0.002	0.002	0.035	0.108	0.002	0.709
neutral	0.143	0.002	0.002	0.043	0.111	0.003	0.697
neutral	0.143	0.002	0.002	0.031	0.114	0.002	0.706
neutral	0.132	0.002	0.003	0.039	0.139	0.002	0.684
neutral	0.130	0.001	0.002	0.022	0.124	0.002	0.719
neutral	0.135	0.001	0.002	0.024	0.128	0.001	0.708
neutral	0.126	0.002	0.002	0.027	0.160	0.001	0.683
neutral	0.151	0.006	0.003	0.031	0.177	0.001	0.631
neutral	0.167	0.004	0.003	0.041	0.165	0.001	0.620
neutral	0.170	0.006	0.002	0.028	0.141	0.001	0.650
neutral	0.148	0.002	0.003	0.036	0.172	0.001	0.638
neutral	0.115	0.003	0.003	0.048	0.173	0.001	0.656
neutral	0.071	0.001	0.003	0.029	0.120	0.002	0.774
neutral	0.077	0.002	0.002	0.047	0.112	0.001	0.759
neutral	0.108	0.001	0.002	0.049	0.111	0.002	0.728
neutral	0.087	0.001	0.003	0.026	0.133	0.001	0.749
neutral	0.101	0.002	0.002	0.036	0.127	0.001	0.730
neutral	0.102	0.001	0.003	0.056	0.124	0.001	0.713
neutral	0.094	0.001	0.002	0.034	0.124	0.001	0.743
neutral	0.100	0.002	0.002	0.046	0.113	0.001	0.735
neutral	0.102	0.007	0.004	0.070	0.158	0.001	0.657
neutral	0.180	0.005	0.003	0.023	0.164	0.001	0.624
neutral	0.116	0.001	0.002	0.054	0.111	0.001	0.714
neutral	0.109	0.003	0.002	0.039	0.137	0.001	0.708
neutral	0.165	0.010	0.004	0.036	0.142	0.001	0.642
neutral	0.127	0.001	0.002	0.046	0.113	0.001	0.709
neutral	0.184	0.008	0.003	0.064	0.130	0.001	0.610
neutral	0.192	0.010	0.004	0.047	0.170	0.001	0.577
neutral	0.112	0.002	0.003	0.038	0.124	0.001	0.721
neutral	0.132	0.003	0.004	0.038	0.171	0.001	0.652
neutral	0.158	0.005	0.003	0.049	0.138	0.001	0.646
neutral	0.144	0.003	0.003	0.035	0.174	0.001	0.639
neutral	0.150	0.002	0.002	0.051	0.097	0.002	0.696
neutral	0.131	0.002	0.004	0.053	0.159	0.002	0.650
neutral	0.158	0.002	0.003	0.045	0.149	0.001	0.642
neutral	0.114	0.006	0.004	0.045	0.189	0.001	0.641
neutral	0.112	0.001	0.003	0.034	0.107	0.002	0.742
neutral	0.123	0.001	0.003	0.023	0.144	0.001	0.704
neutral	0.127	0.001	0.002	0.034	0.123	0.001	0.711
neutral	0.116	0.002	0.002	0.036	0.121	0.002	0.721
neutral	0.118	0.001	0.003	0.049	0.139	0.002	0.688
neutral	0.096	0.002	0.003	0.038	0.133	0.002	0.727
neutral	0.108	0.005	0.004	0.047	0.169	0.001	0.666
neutral	0.173	0.004	0.003	0.021	0.152	0.001	0.645
neutral	0.135	0.002	0.003	0.034	0.162	0.001	0.663
neutral	0.133	0.000	0.002	0.059	0.110	0.002	0.695
neutral	0.135	0.000	0.002	0.039	0.116	0.002	0.707
neutral	0.154	0.001	0.002	0.064	0.113	0.001	0.665
neutral	0.151	0.000	0.001	0.055	0.070	0.002	0.721
neutral	0.161	0.001	0.002	0.041	0.153	0.001	0.641
neutral	0.213	0.001	0.002	0.046	0.154	0.001	0.583
neutral	0.120	0.001	0.002	0.051	0.118	0.001	0.707
neutral	0.150	0.000	0.002	0.042	0.161	0.001	0.643
neutral	0.191	0.002	0.003	0.052	0.157	0.001	0.593
neutral	0.125	0.001	0.002	0.059	0.118	0.001	0.694
neutral	0.157	0.000	0.001	0.059	0.130	0.001	0.651
neutral	0.148	0.001	0.002	0.087	0.110	0.001	0.650
neutral	0.147	0.001	0.002	0.036	0.141	0.001	0.671
neutral	0.185	0.001	0.003	0.039	0.152	0.001	0.620
neutral	0.139	0.001	0.002	0.048	0.116	0.001	0.694
neutral	0.111	0.000	0.001	0.041	0.095	0.001	0.752
neutral	0.151	0.001	0.002	0.055	0.147	0.001	0.643
neutral	0.165	0.001	0.002	0.044	0.126	0.001	0.660
neutral	0.222	0.001	0.002	0.043	0.145	0.001	0.587
neutral	0.198	0.001	0.002	0.042	0.141	0.001	0.616
neutral	0.194	0.001	0.003	0.043	0.155	0.001	0.604
neutral	0.212	0.001	0.002	0.070	0.150	0.001	0.563
neutral	0.175	0.001	0.002	0.055	0.119	0.001	0.647
neutral	0.194	0.001	0.002	0.056	0.148	0.001	0.598
neutral	0.064	0.001	0.003	0.048	0.108	0.002	0.774
neutral	0.097	0.002	0.002	0.038	0.131	0.001	0.728
neutral	0.121	0.001	0.002	0.043	0.092	0.002	0.738
neutral	0.217	0.001	0.002	0.040	0.136	0.002	0.602
neutral	0.133	0.002	0.003	0.055	0.138	0.002	0.667
neutral	0.201	0.001	0.003	0.033	0.156	0.001	0.605
neutral	0.273	0.001	0.002	0.039	0.143	0.001	0.541
neutral	0.258	0.001	0.003	0.048	0.176	0.001	0.513
neutral	0.276	0.001	0.002	0.032	0.111	0.001	0.577
neutral	0.139	0.002	0.003	0.051	0.131	0.002	0.672
neutral	0.108	0.001	0.002	0.049	0.110	0.002	0.728
neutral	0.120	0.002	0.003	0.047	0.135	0.001	0.693
neutral	0.126	0.001	0.002	0.050	0.109	0.001	0.710
neutral	0.104	0.001	0.002	0.033	0.111	0.001	0.747
neutral	0.104	0.001	0.002	0.056	0.096	0.003	0.737
neutral	0.139	0.001	0.003	0.054	0.119	0.001	0.682
neutral	0.175	0.004	0.004	0.046	0.172	0.001	0.598
neutral	0.157	0.003	0.004	0.055	0.165	0.001	0.616
neutral	0.218	0.001	0.003	0.050	0.152	0.001	0.575
neutral	0.174	0.002	0.002	0.068	0.118	0.001	0.634
neutral	0.031	0.006	0.010	0.021	0.265	0.001	0.667
neutral	0.053	0.006	0.009	0.024	0.270	0.001	0.637
neutral	0.100	0.009	0.004	0.046	0.139	0.002	0.700
neutral	0.156	0.013	0.005	0.034	0.191	0.001	0.601
neutral	0.038	0.002	0.006	0.018	0.245	0.001	0.690
neutral	0.039	0.005	0.006	0.026	0.362	0.000	0.563
neutral	0.051	0.003	0.005	0.024	0.181	0.001	0.736
neutral	0.045	0.002	0.003	0.018	0.196	0.000	0.735
neutral	0.083	0.001	0.003	0.039	0.109	0.004	0.760
neutral	0.081	0.003	0.003	0.058	0.114	0.003	0.737
neutral	0.099	0.001	0.002	0.026	0.127	0.003	0.743
neutral	0.070	0.001	0.002	0.037	0.098	0.002	0.791
neutral	0.079	0.001	0.002	0.043	0.092	0.002	0.781
neutral	0.068	0.001	0.002	0.047	0.101	0.004	0.778
neutral	0.091	0.001	0.002	0.070	0.131	0.005	0.699
neutral	0.048	0.002	0.004	0.020	0.149	0.002	0.775
neutral	0.064	0.002	0.004	0.020	0.147	0.001	0.763
neutral	0.045	0.002	0.002	0.023	0.079	0.002	0.848
neutral	0.049	0.001	0.002	0.028	0.104	0.003	0.813
neutral	0.046	0.002	0.002	0.026	0.086	0.002	0.837
neutral	0.050	0.003	0.002	0.042	0.103	0.002	0.798
neutral	0.054	0.001	0.002	0.039	0.071	0.004	0.829
neutral	0.075	0.001	0.002	0.051	0.088	0.004	0.779
neutral	0.062	0.001	0.002	0.059	0.084	0.003	0.789
neutral	0.113	0.002	0.003	0.053	0.126	0.002	0.701
neutral	0.123	0.001	0.002	0.077	0.080	0.002	0.715
neutral	0.120	0.001	0.003	0.091	0.101	0.002	0.682
neutral	0.115	0.001	0.002	0.079	0.101	0.002	0.701
neutral	0.096	0.001	0.002	0.092	0.081	0.002	0.726
neutral	0.101	0.002	0.004	0.074	0.094	0.002	0.722
neutral	0.091	0.001	0.002	0.076	0.074	0.003	0.752
neutral	0.090	0.001	0.003	0.061	0.089	0.003	0.753
neutral	0.093	0.001	0.002	0.050	0.061	0.007	0.787
neutral	0.061	0.000	0.002	0.038	0.070	0.005	0.824
neutral	0.083	0.001	0.001	0.085	0.060	0.004	0.766
neutral	0.085	0.001	0.001	0.065	0.055	0.001	0.791
neutral	0.069	0.000	0.001	0.034	0.054	0.002	0.839
neutral	0.058	0.000	0.001	0.050	0.040	0.002	0.849
neutral	0.068	0.000	0.001	0.048	0.064	0.002	0.816
neutral	0.074	0.000	0.002	0.043	0.080	0.004	0.797
neutral	0.084	0.000	0.001	0.073	0.074	0.003	0.764
neutral	0.062	0.000	0.001	0.067	0.050	0.003	0.817
neutral	0.075	0.000	0.001	0.047	0.050	0.001	0.826
neutral	0.070	0.000	0.001	0.065	0.061	0.004	0.799
neutral	0.073	0.000	0.001	0.051	0.066	0.004	0.805
neutral	0.059	0.000	0.002	0.063	0.067	0.003	0.807
neutral	0.079	0.000	0.001	0.045	0.083	0.003	0.789
neutral	0.043	0.000	0.001	0.046	0.054	0.002	0.855
neutral	0.081	0.000	0.002	0.046	0.085	0.003	0.783
neutral	0.097	0.000	0.002	0.045	0.080	0.003	0.773
neutral	0.063	0.002	0.002	0.046	0.107	0.001	0.779
neutral	0.066	0.002	0.002	0.062	0.089	0.001	0.778
neutral	0.095	0.001	0.003	0.047	0.074	0.004	0.777
neutral	0.060	0.000	0.001	0.067	0.048	0.003	0.820
neutral	0.114	0.001	0.003	0.054	0.089	0.004	0.736
neutral	0.059	0.000	0.001	0.055	0.057	0.005	0.821
neutral	0.070	0.000	0.002	0.045	0.062	0.005	0.817
neutral	0.075	0.000	0.001	0.066	0.069	0.004	0.785
neutral	0.068	0.000	0.002	0.035	0.066	0.004	0.826
neutral	0.059	0.000	0.001	0.056	0.063	0.006	0.815
neutral	0.062	0.000	0.001	0.059	0.051	0.004	0.823
neutral	0.061	0.000	0.001	0.060	0.047	0.004	0.826
neutral	0.063	0.000	0.001	0.052	0.062	0.005	0.817
neutral	0.079	0.000	0.001	0.062	0.065	0.006	0.788
neutral	0.058	0.000	0.001	0.063	0.059	0.002	0.815
neutral	0.095	0.000	0.002	0.034	0.110	0.005	0.753
neutral	0.079	0.000	0.002	0.045	0.114	0.004	0.756
neutral	0.100	0.000	0.002	0.030	0.125	0.005	0.737
neutral	0.095	0.000	0.002	0.037	0.121	0.004	0.739
neutral	0.075	0.000	0.002	0.061	0.084	0.006	0.772
neutral	0.068	0.001	0.002	0.063	0.082	0.002	0.781
neutral	0.075	0.000	0.002	0.053	0.075	0.002	0.793
neutral	0.088	0.001	0.003	0.078	0.086	0.002	0.743
neutral	0.098	0.001	0.003	0.054	0.102	0.003	0.740
neutral	0.048	0.000	0.001	0.060	0.046	0.005	0.838
neutral	0.072	0.000	0.001	0.067	0.053	0.004	0.803
neutral	0.090	0.001	0.001	0.071	0.075	0.001	0.761
neutral	0.077	0.000	0.002	0.063	0.079	0.004	0.775
neutral	0.062	0.000	0.002	0.040	0.083	0.004	0.809
neutral	0.065	0.000	0.002	0.041	0.078	0.007	0.807
neutral	0.052	0.000	0.001	0.065	0.060	0.002	0.819
neutral	0.062	0.000	0.002	0.034	0.079	0.004	0.819
neutral	0.073	0.000	0.002	0.036	0.085	0.004	0.799
neutral	0.062	0.001	0.002	0.064	0.075	0.002	0.796
neutral	0.072	0.000	0.001	0.043	0.077	0.001	0.806
neutral	0.058	0.000	0.002	0.061	0.069	0.005	0.806
neutral	0.074	0.000	0.001	0.045	0.059	0.006	0.815
neutral	0.068	0.001	0.002	0.046	0.086	0.001	0.796
neutral	0.044	0.000	0.002	0.038	0.069	0.007	0.840
neutral	0.071	0.000	0.002	0.071	0.090	0.001	0.763
neutral	0.061	0.002	0.003	0.018	0.140	0.001	0.775
neutral	0.043	0.002	0.003	0.024	0.115	0.001	0.811
neutral	0.065	0.004	0.005	0.061	0.147	0.001	0.718
neutral	0.069	0.003	0.004	0.040	0.148	0.001	0.734
neutral	0.064	0.002	0.004	0.055	0.111	0.001	0.762
neutral	0.057	0.000	0.002	0.050	0.070	0.006	0.815
neutral	0.056	0.000	0.002	0.047	0.071	0.006	0.817
neutral	0.056	0.001	0.002	0.057	0.093	0.002	0.789
neutral	0.052	0.001	0.002	0.046	0.095	0.001	0.803
neutral	0.049	0.001	0.002	0.047	0.070	0.004	0.828
neutral	0.045	0.000	0.002	0.053	0.076	0.002	0.822
neutral	0.050	0.001	0.002	0.046	0.066	0.003	0.832
neutral	0.048	0.001	0.002	0.037	0.078	0.003	0.831
neutral	0.058	0.001	0.002	0.055	0.068	0.007	0.810
neutral	0.052	0.001	0.002	0.033	0.081	0.004	0.828
neutral	0.075	0.000	0.002	0.048	0.122	0.001	0.751
neutral	0.044	0.000	0.002	0.040	0.088	0.003	0.823
neutral	0.063	0.000	0.001	0.035	0.088	0.001	0.813
neutral	0.040	0.001	0.002	0.039	0.099	0.003	0.815
neutral	0.068	0.000	0.001	0.044	0.104	0.001	0.782
neutral	0.029	0.000	0.001	0.032	0.065	0.005	0.868
neutral	0.029	0.000	0.001	0.035	0.061	0.003	0.871
neutral	0.037	0.000	0.001	0.044	0.082	0.004	0.831
neutral	0.071	0.000	0.001	0.053	0.102	0.001	0.771
neutral	0.073	0.001	0.002	0.039	0.101	0.002	0.784
neutral	0.071	0.001	0.002	0.044	0.108	0.001	0.772
neutral	0.056	0.001	0.003	0.043	0.116	0.002	0.780
neutral	0.074	0.000	0.002	0.042	0.126	0.001	0.755
neutral	0.069	0.000	0.002	0.059	0.105	0.001	0.764
neutral	0.044	0.000	0.003	0.035	0.085	0.007	0.825
neutral	0.062	0.000	0.002	0.040	0.102	0.003	0.791
neutral	0.060	0.001	0.003	0.038	0.125	0.003	0.771
neutral	0.054	0.000	0.001	0.030	0.081	0.001	0.833
neutral	0.039	0.000	0.001	0.037	0.074	0.003	0.846
neutral	0.045	0.000	0.001	0.034	0.089	0.001	0.829
neutral	0.049	0.000	0.001	0.038	0.078	0.003	0.832
neutral	0.050	0.000	0.001	0.040	0.072	0.003	0.834
neutral	0.078	0.000	0.001	0.058	0.075	0.001	0.786
neutral	0.050	0.000	0.002	0.036	0.104	0.002	0.805
neutral	0.070	0.000	0.001	0.054	0.103	0.001	0.770
neutral	0.050	0.001	0.002	0.042	0.067	0.005	0.832
neutral	0.097	0.002	0.003	0.065	0.105	0.002	0.726
neutral	0.112	0.001	0.002	0.065	0.116	0.001	0.703
neutral	0.043	0.000	0.002	0.042	0.069	0.006	0.837
neutral	0.053	0.001	0.002	0.056	0.062	0.006	0.820
neutral	0.060	0.001	0.001	0.061	0.054	0.004	0.819
neutral	0.086	0.001	0.004	0.057	0.104	0.002	0.744
neutral	0.055	0.001	0.003	0.054	0.121	0.001	0.764
neutral	0.069	0.001	0.002	0.069	0.077	0.004	0.780
neutral	0.064	0.001	0.002	0.053	0.087	0.003	0.791
neutral	0.068	0.000	0.002	0.061	0.087	0.005	0.776
neutral	0.042	0.001	0.001	0.045	0.054	0.005	0.852
neutral	0.075	0.001	0.002	0.062	0.081	0.002	0.777
neutral	0.078	0.001	0.002	0.059	0.080	0.002	0.778
neutral	0.046	0.001	0.002	0.043	0.069	0.001	0.838
neutral	0.044	0.001	0.002	0.048	0.087	0.003	0.816
neutral	0.041	0.001	0.002	0.055	0.072	0.002	0.828
neutral	0.052	0.000	0.002	0.042	0.064	0.005	0.834
neutral	0.044	0.001	0.002	0.044	0.092	0.002	0.815
neutral	0.049	0.001	0.002	0.044	0.065	0.005	0.833
neutral	0.042	0.001	0.002	0.044	0.109	0.002	0.801
neutral	0.047	0.001	0.002	0.041	0.110	0.002	0.797
neutral	0.033	0.000	0.001	0.031	0.085	0.005	0.844
neutral	0.052	0.001	0.003	0.047	0.116	0.003	0.779
neutral	0.039	0.000	0.001	0.044	0.068	0.006	0.842
neutral	0.038	0.001	0.002	0.046	0.095	0.002	0.817
neutral	0.074	0.000	0.002	0.059	0.102	0.001	0.762
neutral	0.067	0.000	0.002	0.059	0.094	0.002	0.776
neutral	0.050	0.000	0.002	0.063	0.085	0.002	0.799
neutral	0.055	0.000	0.001	0.052	0.088	0.001	0.802
neutral	0.039	0.000	0.002	0.045	0.098	0.003	0.812
neutral	0.068	0.000	0.002	0.057	0.093	0.002	0.778
neutral	0.079	0.003	0.004	0.054	0.142	0.002	0.716
neutral	0.062	0.001	0.003	0.048	0.080	0.002	0.804
neutral	0.114	0.003	0.004	0.070	0.124	0.002	0.683
neutral	0.096	0.003	0.004	0.094	0.121	0.001	0.682
neutral	0.062	0.002	0.004	0.057	0.109	0.003	0.765
neutral	0.053	0.001	0.003	0.037	0.089	0.004	0.812
neutral	0.050	0.002	0.003	0.062	0.094	0.003	0.787
neutral	0.052	0.001	0.002	0.056	0.079	0.002	0.808
neutral	0.041	0.001	0.004	0.059	0.089	0.006	0.801
neutral	0.041	0.001	0.004	0.043	0.091	0.005	0.814
neutral	0.058	0.001	0.004	0.047	0.114	0.006	0.770
neutral	0.062	0.002	0.005	0.076	0.124	0.003	0.728
neutral	0.061	0.001	0.003	0.070	0.100	0.003	0.762
neutral	0.085	0.001	0.005	0.060	0.141	0.003	0.703
neutral	0.038	0.001	0.002	0.067	0.068	0.004	0.820
neutral	0.051	0.001	0.002	0.057	0.063	0.006	0.820
neutral	0.050	0.001	0.001	0.045	0.058	0.006	0.838
neutral	0.053	0.002	0.003	0.066	0.103	0.002	0.770
neutral	0.062	0.002	0.004	0.047	0.109	0.002	0.773
neutral	0.049	0.002	0.003	0.062	0.115	0.002	0.767
neutral	0.065	0.003	0.005	0.063	0.150	0.002	0.713
neutral	0.053	0.002	0.005	0.039	0.142	0.002	0.756
neutral	0.051	0.002	0.004	0.044	0.127	0.002	0.769
neutral	0.059	0.003	0.004	0.041	0.108	0.001	0.785
neutral	0.055	0.003	0.004	0.046	0.141	0.002	0.748
neutral	0.061	0.003	0.005	0.049	0.138	0.002	0.743
neutral	0.041	0.001	0.003	0.040	0.098	0.003	0.814
neutral	0.058	0.001	0.002	0.043	0.071	0.004	0.822
neutral	0.065	0.001	0.003	0.046	0.100	0.002	0.783
neutral	0.101	0.002	0.003	0.046	0.105	0.003	0.740
neutral	0.097	0.003	0.003	0.072	0.142	0.001	0.680
neutral	0.088	0.002	0.002	0.046	0.098	0.001	0.762
neutral	0.106	0.001	0.003	0.040	0.078	0.003	0.769
neutral	0.058	0.001	0.002	0.034	0.066	0.003	0.838
neutral	0.071	0.001	0.002	0.034	0.065	0.004	0.824
neutral	0.071	0.001	0.002	0.045	0.109	0.001	0.771
neutral	0.076	0.001	0.002	0.048	0.067	0.002	0.804
neutral	0.058	0.000	0.002	0.047	0.061	0.004	0.828
neutral	0.063	0.001	0.002	0.046	0.083	0.001	0.803
neutral	0.070	0.000	0.001	0.044	0.060	0.004	0.821
neutral	0.036	0.001	0.001	0.046	0.070	0.001	0.844
neutral	0.076	0.001	0.002	0.064	0.094	0.002	0.762
neutral	0.061	0.001	0.001	0.038	0.044	0.003	0.853
neutral	0.083	0.001	0.002	0.066	0.086	0.001	0.762
neutral	0.094	0.002	0.002	0.090	0.096	0.001	0.716
neutral	0.061	0.002	0.002	0.044	0.083	0.002	0.806
neutral	0.065	0.000	0.002	0.039	0.077	0.004	0.813
neutral	0.037	0.001	0.002	0.037	0.076	0.003	0.845
neutral	0.056	0.000	0.002	0.030	0.075	0.006	0.832
neutral	0.071	0.002	0.002	0.057	0.100	0.001	0.767
neutral	0.048	0.001	0.002	0.044	0.099	0.002	0.803
neutral	0.078	0.001	0.002	0.035	0.107	0.002	0.774
neutral	0.051	0.001	0.001	0.035	0.077	0.001	0.833
neutral	0.057	0.003	0.003	0.030	0.126	0.002	0.780
neutral	0.062	0.002	0.002	0.051	0.078	0.001	0.805
neutral	0.074	0.003	0.004	0.037	0.179	0.001	0.701
neutral	0.047	0.001	0.002	0.042	0.068	0.003	0.838
neutral	0.037	0.000	0.002	0.036	0.067	0.003	0.854
neutral	0.066	0.002	0.004	0.033	0.123	0.001	0.770
neutral	0.059	0.002	0.002	0.048	0.082	0.001	0.805
neutral	0.051	0.000	0.001	0.029	0.064	0.004	0.850
neutral	0.067	0.001	0.001	0.032	0.070	0.005	0.825
neutral	0.054	0.001	0.002	0.052	0.088	0.002	0.802
neutral	0.087	0.002	0.003	0.046	0.127	0.001	0.734
neutral	0.073	0.001	0.002	0.032	0.120	0.003	0.769
neutral	0.074	0.001	0.002	0.044	0.116	0.001	0.762
neutral	0.052	0.000	0.001	0.057	0.075	0.001	0.813
neutral	0.067	0.000	0.001	0.056	0.073	0.001	0.802
neutral	0.061	0.000	0.001	0.052	0.094	0.001	0.790
neutral	0.052	0.000	0.001	0.067	0.057	0.001	0.821
neutral	0.057	0.000	0.002	0.040	0.077	0.001	0.823
neutral	0.036	0.002	0.003	0.022	0.102	0.001	0.834
neutral	0.048	0.003	0.003	0.034	0.117	0.001	0.794
neutral	0.081	0.002	0.005	0.033	0.157	0.001	0.722
neutral	0.056	0.003	0.003	0.056	0.105	0.001	0.776
neutral	0.051	0.003	0.003	0.053	0.090	0.001	0.799
neutral	0.057	0.002	0.003	0.038	0.097	0.001	0.801
neutral	0.077	0.002	0.003	0.059	0.122	0.001	0.736
neutral	0.083	0.005	0.004	0.038	0.157	0.001	0.712
neutral	0.090	0.005	0.004	0.039	0.161	0.001	0.699
neutral	0.076	0.003	0.003	0.029	0.097	0.002	0.791
neutral	0.045	0.001	0.002	0.038	0.059	0.004	0.852
neutral	0.044	0.000	0.001	0.052	0.071	0.004	0.828
neutral	0.054	0.000	0.001	0.044	0.069	0.003	0.830
neutral	0.072	0.000	0.001	0.042	0.102	0.001	0.781
neutral	0.083	0.000	0.002	0.025	0.114	0.002	0.773
neutral	0.080	0.001	0.001	0.045	0.085	0.001	0.786
neutral	0.063	0.000	0.001	0.029	0.062	0.005	0.839
neutral	0.074	0.000	0.001	0.042	0.058	0.005	0.819
neutral	0.056	0.001	0.001	0.049	0.048	0.002	0.844
neutral	0.050	0.001	0.001	0.029	0.051	0.003	0.865
neutral	0.058	0.001	0.002	0.053	0.103	0.001	0.782
neutral	0.063	0.002	0.002	0.033	0.091	0.002	0.808
neutral	0.067	0.001	0.002	0.063	0.102	0.001	0.764
neutral	0.054	0.000	0.001	0.046	0.081	0.001	0.816
neutral	0.044	0.000	0.002	0.035	0.074	0.002	0.843
neutral	0.064	0.001	0.002	0.033	0.092	0.001	0.807
neutral	0.066	0.001	0.002	0.020	0.097	0.004	0.809
neutral	0.067	0.001	0.002	0.037	0.073	0.003	0.816
neutral	0.095	0.003	0.003	0.035	0.110	0.002	0.752
neutral	0.078	0.001	0.001	0.042	0.059	0.002	0.817
neutral	0.066	0.000	0.002	0.037	0.082	0.004	0.809
neutral	0.138	0.004	0.003	0.043	0.149	0.001	0.662
neutral	0.049	0.000	0.001	0.041	0.042	0.003	0.863
neutral	0.061	0.001	0.002	0.050	0.081	0.002	0.803
neutral	0.069	0.001	0.002	0.043	0.081	0.001	0.802
neutral	0.058	0.001	0.001	0.044	0.089	0.001	0.806
neutral	0.062	0.001	0.002	0.037	0.083	0.003	0.811
neutral	0.069	0.002	0.004	0.041	0.134	0.001	0.749
neutral	0.060	0.001	0.004	0.039	0.119	0.002	0.775
neutral	0.054	0.001	0.002	0.053	0.090	0.001	0.798
neutral	0.092	0.004	0.003	0.045	0.141	0.001	0.714
neutral	0.067	0.001	0.003	0.023	0.105	0.002	0.799
neutral	0.048	0.001	0.003	0.041	0.092	0.002	0.814
neutral	0.062	0.001	0.003	0.032	0.109	0.002	0.790
neutral	0.048	0.001	0.002	0.041	0.074	0.001	0.833
neutral	0.047	0.002	0.003	0.029	0.096	0.001	0.821
neutral	0.064	0.003	0.004	0.035	0.123	0.001	0.769
neutral	0.038	0.001	0.004	0.035	0.091	0.002	0.829
neutral	0.089	0.002	0.002	0.047	0.105	0.001	0.754
neutral	0.059	0.001	0.002	0.046	0.098	0.001	0.792
neutral	0.062	0.004	0.003	0.037	0.101	0.001	0.791
neutral	0.032	0.001	0.005	0.021	0.187	0.000	0.754
neutral	0.042	0.003	0.007	0.025	0.204	0.001	0.719
neutral	0.049	0.002	0.002	0.037	0.097	0.001	0.811
neutral	0.051	0.002	0.002	0.037	0.091	0.001	0.818
neutral	0.060	0.001	0.002	0.033	0.088	0.002	0.814
neutral	0.050	0.001	0.002	0.032	0.081	0.002	0.832
neutral	0.050	0.001	0.002	0.035	0.081	0.001	0.831
neutral	0.063	0.001	0.002	0.046	0.104	0.001	0.783
neutral	0.048	0.000	0.001	0.042	0.069	0.002	0.838
neutral	0.062	0.001	0.001	0.035	0.059	0.002	0.840
neutral	0.055	0.000	0.001	0.040	0.061	0.007	0.836
neutral	0.079	0.001	0.002	0.032	0.119	0.001	0.765
neutral	0.076	0.002	0.003	0.039	0.113	0.001	0.766
neutral	0.061	0.001	0.002	0.032	0.109	0.002	0.793
neutral	0.062	0.000	0.002	0.025	0.088	0.007	0.816
neutral	0.051	0.000	0.001	0.037	0.052	0.004	0.854
neutral	0.073	0.001	0.002	0.044	0.103	0.001	0.777
neutral	0.057	0.001	0.002	0.034	0.080	0.003	0.823
neutral	0.042	0.000	0.001	0.028	0.076	0.002	0.851
neutral	0.054	0.000	0.001	0.027	0.071	0.001	0.845
neutral	0.060	0.001	0.002	0.032	0.078	0.003	0.824
neutral	0.075	0.002	0.003	0.042	0.095	0.002	0.782
neutral	0.046	0.000	0.001	0.040	0.069	0.004	0.838
neutral	0.055	0.000	0.001	0.039	0.070	0.005	0.829
neutral	0.059	0.000	0.001	0.047	0.071	0.002	0.820
neutral	0.108	0.002	0.003	0.056	0.119	0.001	0.711
neutral	0.128	0.002	0.003	0.048	0.122	0.001	0.696
neutral	0.064	0.001	0.003	0.045	0.078	0.002	0.806
neutral	0.048	0.002	0.003	0.039	0.117	0.001	0.789
neutral	0.050	0.001	0.002	0.042	0.094	0.001	0.809
neutral	0.050	0.001	0.003	0.032	0.093	0.001	0.820
neutral	0.095	0.003	0.003	0.042	0.118	0.001	0.738
neutral	0.058	0.003	0.003	0.035	0.137	0.001	0.762
neutral	0.045	0.001	0.003	0.034	0.095	0.003	0.819
neutral	0.063	0.002	0.003	0.027	0.150	0.001	0.754
