prediction	angry	disgust	fear	happy	sad	surprise	neutral
angry	0.745	0.000	0.027	0.009	0.047	0.062	0.110
neutral	0.327	0.000	0.003	0.027	0.040	0.000	0.603
neutral	0.264	0.000	0.009	0.091	0.055	0.001	0.579
neutral	0.281	0.000	0.002	0.073	0.018	0.000	0.625
neutral	0.359	0.000	0.007	0.069	0.045	0.001	0.517
neutral	0.332	0.000	0.003	0.037	0.039	0.000	0.588
neutral	0.409	0.002	0.007	0.042	0.064	0.001	0.475
neutral	0.290	0.000	0.004	0.067	0.027	0.001	0.611
angry	0.592	0.001	0.003	0.042	0.046	0.000	0.315
angry	0.408	0.001	0.008	0.223	0.094	0.001	0.264
neutral	0.266	0.001	0.006	0.175	0.127	0.000	0.426
neutral	0.315	0.000	0.005	0.220	0.064	0.000	0.395
angry	0.422	0.000	0.005	0.189	0.072	0.000	0.310
neutral	0.338	0.000	0.003	0.211	0.053	0.000	0.394
angry	0.494	0.000	0.006	0.187	0.068	0.000	0.244
happy	0.321	0.000	0.002	0.389	0.029	0.000	0.258
angry	0.497	0.001	0.005	0.118	0.082	0.000	0.296
angry	0.416	0.001	0.005	0.153	0.077	0.000	0.348
angry	0.496	0.001	0.004	0.161	0.067	0.000	0.272
neutral	0.338	0.002	0.003	0.189	0.058	0.000	0.410
angry	0.470	0.001	0.005	0.054	0.097	0.000	0.372
angry	0.450	0.002	0.005	0.083	0.095	0.000	0.365
neutral	0.331	0.001	0.003	0.138	0.061	0.000	0.466
neutral	0.283	0.001	0.003	0.194	0.046	0.000	0.473
neutral	0.360	0.001	0.004	0.181	0.077	0.000	0.376
neutral	0.270	0.000	0.003	0.153	0.055	0.000	0.519
angry	0.430	0.003	0.004	0.071	0.100	0.000	0.393
angry	0.449	0.003	0.005	0.096	0.087	0.000	0.360
neutral	0.380	0.000	0.004	0.059	0.108	0.000	0.448
neutral	0.371	0.000	0.005	0.034	0.163	0.000	0.426
angry	0.458	0.001	0.009	0.048	0.137	0.000	0.347
angry	0.435	0.000	0.004	0.022	0.134	0.001	0.405
angry	0.439	0.001	0.007	0.042	0.146	0.000	0.364
neutral	0.325	0.002	0.005	0.086	0.124	0.000	0.459
neutral	0.359	0.001	0.005	0.042	0.115	0.000	0.477
neutral	0.381	0.002	0.005	0.069	0.088	0.000	0.456
neutral	0.355	0.000	0.004	0.065	0.068	0.000	0.508
neutral	0.377	0.001	0.005	0.075	0.089	0.000	0.453
angry	0.425	0.001	0.006	0.026	0.122	0.000	0.420
neutral	0.363	0.001	0.007	0.038	0.120	0.000	0.471
neutral	0.423	0.001	0.005	0.018	0.126	0.000	0.426
neutral	0.411	0.001	0.005	0.022	0.089	0.000	0.472
angry	0.468	0.002	0.004	0.015	0.113	0.000	0.398
angry	0.420	0.001	0.006	0.025	0.139	0.000	0.409
neutral	0.254	0.002	0.007	0.061	0.136	0.000	0.539
angry	0.432	0.001	0.007	0.043	0.141	0.000	0.375
neutral	0.272	0.001	0.005	0.024	0.124	0.000	0.573
neutral	0.248	0.002	0.006	0.021	0.133	0.000	0.590
neutral	0.320	0.001	0.008	0.057	0.131	0.000	0.483
neutral	0.371	0.001	0.007	0.036	0.114	0.001	0.471
angry	0.486	0.002	0.007	0.022	0.140	0.000	0.343
neutral	0.305	0.002	0.007	0.025	0.191	0.000	0.469
angry	0.544	0.002	0.004	0.014	0.146	0.000	0.289
angry	0.423	0.002	0.008	0.024	0.170	0.000	0.373
neutral	0.263	0.001	0.006	0.027	0.165	0.000	0.538
neutral	0.309	0.001	0.007	0.023	0.144	0.000	0.515
neutral	0.276	0.001	0.007	0.025	0.129	0.000	0.562
neutral	0.320	0.000	0.006	0.024	0.131	0.000	0.518
angry	0.534	0.003	0.006	0.012	0.137	0.000	0.308
angry	0.504	0.001	0.004	0.015	0.146	0.000	0.330
angry	0.596	0.002	0.003	0.010	0.127	0.000	0.261
angry	0.463	0.000	0.004	0.020	0.085	0.000	0.427
neutral	0.402	0.001	0.006	0.012	0.151	0.000	0.429
neutral	0.425	0.001	0.004	0.025	0.088	0.000	0.456
angry	0.480	0.002	0.007	0.010	0.131	0.000	0.370
neutral	0.371	0.001	0.005	0.040	0.096	0.001	0.487
neutral	0.374	0.003	0.009	0.013	0.139	0.000	0.462
angry	0.462	0.002	0.006	0.025	0.109	0.000	0.396
angry	0.446	0.002	0.006	0.023	0.127	0.000	0.396
neutral	0.271	0.000	0.003	0.047	0.050	0.000	0.628
neutral	0.342	0.001	0.013	0.037	0.138	0.001	0.469
neutral	0.411	0.002	0.007	0.018	0.130	0.000	0.432
neutral	0.242	0.000	0.009	0.033	0.101	0.000	0.615
neutral	0.309	0.000	0.007	0.065	0.091	0.001	0.528
neutral	0.422	0.002	0.006	0.040	0.077	0.000	0.453
angry	0.522	0.002	0.003	0.025	0.073	0.000	0.375
neutral	0.421	0.001	0.009	0.036	0.101	0.001	0.432
neutral	0.344	0.001	0.017	0.043	0.105	0.003	0.488
neutral	0.273	0.000	0.012	0.068	0.085	0.001	0.560
neutral	0.278	0.000	0.009	0.089	0.048	0.003	0.572
neutral	0.359	0.000	0.013	0.155	0.034	0.005	0.434
neutral	0.322	0.000	0.010	0.087	0.044	0.002	0.534
neutral	0.349	0.000	0.011	0.036	0.050	0.003	0.552
neutral	0.385	0.001	0.014	0.058	0.056	0.002	0.485
neutral	0.363	0.000	0.007	0.053	0.031	0.003	0.544
neutral	0.393	0.000	0.010	0.019	0.058	0.003	0.517
neutral	0.302	0.000	0.005	0.018	0.054	0.003	0.617
neutral	0.440	0.000	0.008	0.021	0.048	0.003	0.481
angry	0.592	0.000	0.009	0.012	0.098	0.004	0.286
angry	0.631	0.000	0.009	0.014	0.071	0.005	0.270
neutral	0.239	0.000	0.004	0.047	0.038	0.001	0.670
angry	0.581	0.000	0.030	0.045	0.056	0.013	0.274
angry	0.465	0.000	0.017	0.140	0.042	0.004	0.331
neutral	0.325	0.000	0.018	0.204	0.038	0.007	0.408
neutral	0.359	0.000	0.007	0.187	0.029	0.001	0.417
neutral	0.225	0.000	0.007	0.029	0.067	0.000	0.671
neutral	0.270	0.000	0.006	0.024	0.037	0.001	0.663
neutral	0.258	0.000	0.005	0.060	0.040	0.001	0.636
neutral	0.342	0.000	0.006	0.247	0.050	0.001	0.353
neutral	0.362	0.000	0.006	0.123	0.048	0.002	0.458
neutral	0.236	0.000	0.004	0.105	0.057	0.001	0.597
neutral	0.363	0.001	0.002	0.049	0.062	0.001	0.523
angry	0.462	0.000	0.011	0.208	0.037	0.004	0.277
angry	0.596	0.001	0.010	0.225	0.031	0.004	0.133
happy	0.296	0.000	0.013	0.591	0.015	0.005	0.079
angry	0.411	0.001	0.057	0.369	0.041	0.009	0.113
happy	0.191	0.000	0.021	0.613	0.021	0.014	0.140
happy	0.192	0.000	0.029	0.562	0.037	0.039	0.141
neutral	0.371	0.000	0.007	0.035	0.070	0.002	0.515
angry	0.424	0.001	0.014	0.174	0.044	0.002	0.341
neutral	0.397	0.001	0.015	0.098	0.077	0.002	0.410
neutral	0.237	0.000	0.012	0.021	0.082	0.002	0.646
neutral	0.308	0.000	0.013	0.035	0.101	0.003	0.539
neutral	0.406	0.000	0.008	0.091	0.059	0.002	0.433
angry	0.326	0.000	0.022	0.271	0.075	0.002	0.304
angry	0.650	0.001	0.009	0.098	0.041	0.000	0.200
neutral	0.201	0.000	0.014	0.092	0.099	0.001	0.592
angry	0.457	0.001	0.017	0.221	0.077	0.004	0.225
neutral	0.363	0.000	0.008	0.052	0.103	0.001	0.473
neutral	0.302	0.001	0.014	0.168	0.068	0.003	0.444
happy	0.242	0.000	0.008	0.430	0.035	0.001	0.283
angry	0.350	0.001	0.015	0.248	0.058	0.001	0.328
neutral	0.195	0.000	0.006	0.091	0.070	0.000	0.638
happy	0.126	0.000	0.011	0.660	0.021	0.003	0.179
happy	0.196	0.000	0.007	0.633	0.019	0.002	0.142
angry	0.384	0.000	0.006	0.179	0.055	0.000	0.375
neutral	0.164	0.000	0.007	0.053	0.103	0.000	0.674
neutral	0.170	0.000	0.006	0.059	0.074	0.000	0.690
neutral	0.180	0.000	0.006	0.029	0.073	0.000	0.712
neutral	0.384	0.001	0.008	0.096	0.047	0.001	0.463
happy	0.275	0.000	0.013	0.338	0.050	0.007	0.317
happy	0.300	0.000	0.010	0.529	0.024	0.003	0.134
happy	0.226	0.001	0.010	0.518	0.037	0.004	0.204
happy	0.172	0.000	0.008	0.742	0.019	0.004	0.056
neutral	0.250	0.001	0.007	0.040	0.092	0.000	0.611
neutral	0.418	0.001	0.010	0.068	0.063	0.002	0.438
angry	0.411	0.000	0.027	0.190	0.064	0.008	0.300
neutral	0.364	0.000	0.002	0.037	0.093	0.001	0.503
neutral	0.262	0.001	0.007	0.027	0.123	0.000	0.581
neutral	0.345	0.000	0.004	0.060	0.087	0.001	0.503
neutral	0.252	0.001	0.005	0.025	0.087	0.000	0.631
neutral	0.292	0.000	0.003	0.013	0.072	0.000	0.619
neutral	0.285	0.000	0.004	0.030	0.065	0.000	0.615
neutral	0.416	0.000	0.003	0.056	0.062	0.001	0.462
neutral	0.307	0.000	0.004	0.033	0.057	0.000	0.598
neutral	0.321	0.000	0.004	0.042	0.055	0.000	0.577
neutral	0.209	0.002	0.008	0.076	0.107	0.001	0.597
neutral	0.191	0.001	0.006	0.079	0.075	0.001	0.647
neutral	0.192	0.001	0.005	0.063	0.065	0.000	0.675
neutral	0.116	0.001	0.008	0.090	0.094	0.001	0.690
neutral	0.205	0.000	0.004	0.080	0.058	0.000	0.652
neutral	0.181	0.001	0.012	0.058	0.127	0.001	0.621
neutral	0.211	0.000	0.003	0.061	0.052	0.000	0.673
neutral	0.165	0.002	0.011	0.097	0.110	0.001	0.614
neutral	0.137	0.001	0.009	0.066	0.098	0.001	0.688
neutral	0.174	0.001	0.006	0.030	0.078	0.000	0.711
neutral	0.239	0.001	0.010	0.064	0.121	0.001	0.565
neutral	0.112	0.000	0.005	0.024	0.065	0.000	0.793
neutral	0.212	0.001	0.007	0.037	0.085	0.001	0.657
neutral	0.200	0.001	0.008	0.063	0.070	0.001	0.657
neutral	0.218	0.001	0.007	0.047	0.099	0.001	0.627
neutral	0.208	0.001	0.007	0.057	0.067	0.001	0.660
neutral	0.255	0.001	0.009	0.079	0.060	0.001	0.595
neutral	0.207	0.001	0.009	0.027	0.110	0.001	0.645
neutral	0.333	0.002	0.008	0.024	0.076	0.001	0.557
neutral	0.248	0.001	0.007	0.024	0.077	0.000	0.643
neutral	0.204	0.001	0.008	0.021	0.077	0.000	0.688
neutral	0.254	0.000	0.003	0.016	0.077	0.000	0.649
neutral	0.271	0.000	0.005	0.020	0.081	0.000	0.623
neutral	0.286	0.000	0.003	0.014	0.054	0.000	0.644
neutral	0.299	0.000	0.003	0.012	0.051	0.000	0.635
neutral	0.289	0.001	0.003	0.015	0.059	0.000	0.633
neutral	0.258	0.000	0.003	0.014	0.048	0.000	0.676
neutral	0.353	0.000	0.004	0.018	0.089	0.000	0.536
neutral	0.237	0.001	0.005	0.020	0.102	0.000	0.635
neutral	0.265	0.001	0.004	0.013	0.078	0.000	0.641
neutral	0.286	0.001	0.006	0.019	0.085	0.001	0.602
neutral	0.413	0.001	0.006	0.012	0.137	0.000	0.430
neutral	0.266	0.001	0.006	0.022	0.073	0.000	0.633
neutral	0.306	0.001	0.006	0.013	0.081	0.001	0.591
neutral	0.305	0.000	0.003	0.015	0.067	0.000	0.608
neutral	0.374	0.001	0.007	0.016	0.156	0.000	0.446
neutral	0.262	0.001	0.004	0.020	0.072	0.000	0.641
neutral	0.292	0.001	0.005	0.012	0.119	0.000	0.571
neutral	0.278	0.001	0.005	0.013	0.071	0.000	0.630
neutral	0.362	0.002	0.008	0.021	0.080	0.001	0.526
neutral	0.288	0.001	0.007	0.015	0.097	0.000	0.591
neutral	0.340	0.001	0.006	0.008	0.118	0.000	0.527
neutral	0.299	0.000	0.005	0.011	0.074	0.000	0.610
neutral	0.326	0.000	0.004	0.007	0.091	0.000	0.572
neutral	0.299	0.001	0.007	0.010	0.142	0.000	0.541
neutral	0.354	0.000	0.006	0.005	0.103	0.000	0.531
neutral	0.257	0.001	0.005	0.013	0.112	0.000	0.613
neutral	0.263	0.001	0.004	0.011	0.100	0.000	0.621
neutral	0.304	0.000	0.002	0.010	0.077	0.000	0.606
neutral	0.271	0.001	0.005	0.012	0.082	0.000	0.629
neutral	0.316	0.001	0.004	0.012	0.096	0.000	0.571
neutral	0.257	0.000	0.002	0.011	0.067	0.000	0.662
neutral	0.289	0.001	0.005	0.009	0.127	0.000	0.569
neutral	0.337	0.000	0.004	0.013	0.078	0.000	0.567
neutral	0.309	0.000	0.006	0.011	0.102	0.000	0.571
neutral	0.162	0.000	0.010	0.022	0.155	0.001	0.650
neutral	0.091	0.000	0.004	0.012	0.085	0.000	0.807
neutral	0.097	0.000	0.002	0.012	0.076	0.000	0.813
neutral	0.072	0.002	0.007	0.080	0.082	0.000	0.757
neutral	0.060	0.001	0.006	0.079	0.077	0.001	0.776
neutral	0.077	0.001	0.004	0.017	0.062	0.000	0.840
neutral	0.083	0.001	0.004	0.035	0.062	0.000	0.814
neutral	0.113	0.000	0.002	0.016	0.068	0.000	0.801
neutral	0.076	0.000	0.003	0.048	0.060	0.000	0.814
neutral	0.060	0.001	0.005	0.079	0.089	0.000	0.766
neutral	0.078	0.001	0.005	0.230	0.084	0.000	0.603
neutral	0.071	0.001	0.008	0.349	0.083	0.001	0.488
neutral	0.108	0.001	0.006	0.362	0.069	0.001	0.454
happy	0.129	0.000	0.005	0.633	0.029	0.000	0.203
happy	0.264	0.000	0.017	0.349	0.082	0.000	0.288
angry	0.423	0.000	0.017	0.205	0.075	0.001	0.278
neutral	0.242	0.001	0.009	0.093	0.038	0.000	0.617
neutral	0.258	0.000	0.010	0.058	0.039	0.001	0.634
neutral	0.305	0.000	0.011	0.036	0.063	0.001	0.584
neutral	0.422	0.000	0.005	0.011	0.078	0.001	0.483
neutral	0.201	0.001	0.002	0.033	0.037	0.000	0.725
neutral	0.212	0.000	0.002	0.028	0.044	0.000	0.714
neutral	0.294	0.000	0.002	0.033	0.029	0.000	0.642
neutral	0.406	0.000	0.003	0.008	0.072	0.000	0.510
angry	0.564	0.000	0.004	0.020	0.053	0.000	0.358
neutral	0.412	0.000	0.004	0.032	0.047	0.000	0.505
angry	0.521	0.000	0.002	0.029	0.038	0.000	0.410
neutral	0.286	0.001	0.002	0.017	0.039	0.000	0.656
neutral	0.394	0.001	0.001	0.013	0.035	0.000	0.555
neutral	0.328	0.000	0.001	0.017	0.075	0.000	0.579
angry	0.498	0.001	0.004	0.028	0.055	0.000	0.415
neutral	0.409	0.000	0.002	0.035	0.046	0.000	0.509
neutral	0.338	0.000	0.002	0.013	0.067	0.000	0.579
neutral	0.351	0.000	0.001	0.021	0.046	0.000	0.580
angry	0.495	0.000	0.001	0.031	0.041	0.000	0.432
angry	0.518	0.000	0.001	0.020	0.046	0.000	0.415
angry	0.564	0.000	0.001	0.008	0.073	0.000	0.354
neutral	0.445	0.000	0.001	0.009	0.077	0.000	0.468
angry	0.522	0.000	0.002	0.062	0.061	0.000	0.352
angry	0.473	0.000	0.001	0.075	0.084	0.000	0.366
angry	0.457	0.000	0.001	0.070	0.074	0.000	0.398
angry	0.612	0.000	0.002	0.055	0.048	0.000	0.284
angry	0.545	0.000	0.002	0.042	0.051	0.000	0.360
neutral	0.341	0.000	0.002	0.058	0.038	0.000	0.561
angry	0.495	0.000	0.002	0.067	0.074	0.000	0.362
neutral	0.391	0.000	0.001	0.076	0.035	0.000	0.496
neutral	0.321	0.000	0.002	0.060	0.060	0.000	0.557
angry	0.507	0.000	0.003	0.059	0.071	0.000	0.360
neutral	0.241	0.000	0.003	0.028	0.057	0.000	0.670
neutral	0.319	0.001	0.004	0.055	0.054	0.000	0.567
neutral	0.311	0.000	0.003	0.036	0.067	0.000	0.583
neutral	0.323	0.001	0.005	0.027	0.072	0.000	0.572
neutral	0.275	0.001	0.003	0.041	0.054	0.001	0.625
neutral	0.283	0.000	0.003	0.031	0.073	0.000	0.610
neutral	0.354	0.001	0.005	0.036	0.078	0.000	0.526
neutral	0.361	0.001	0.002	0.025	0.062	0.000	0.548
angry	0.467	0.000	0.003	0.017	0.074	0.000	0.439
angry	0.450	0.002	0.004	0.032	0.071	0.000	0.441
angry	0.461	0.001	0.003	0.038	0.063	0.000	0.433
angry	0.527	0.001	0.002	0.020	0.055	0.000	0.395
neutral	0.361	0.000	0.004	0.047	0.079	0.001	0.507
neutral	0.309	0.000	0.002	0.027	0.067	0.000	0.594
neutral	0.359	0.001	0.002	0.022	0.074	0.000	0.541
neutral	0.220	0.001	0.002	0.023	0.039	0.000	0.714
neutral	0.312	0.001	0.003	0.035	0.066	0.000	0.583
neutral	0.273	0.001	0.002	0.016	0.062	0.000	0.645
neutral	0.262	0.001	0.003	0.037	0.072	0.000	0.624
neutral	0.344	0.000	0.002	0.037	0.067	0.000	0.550
neutral	0.329	0.000	0.003	0.039	0.055	0.000	0.574
neutral	0.298	0.003	0.005	0.019	0.076	0.000	0.597
neutral	0.203	0.001	0.004	0.030	0.063	0.000	0.699
neutral	0.175	0.001	0.004	0.030	0.048	0.000	0.742
neutral	0.158	0.001	0.002	0.016	0.043	0.000	0.780
neutral	0.171	0.001	0.003	0.035	0.049	0.000	0.739
neutral	0.181	0.001	0.004	0.065	0.049	0.001	0.700
neutral	0.154	0.001	0.002	0.083	0.036	0.000	0.724
neutral	0.247	0.001	0.003	0.089	0.054	0.000	0.606
neutral	0.256	0.000	0.002	0.066	0.059	0.000	0.617
neutral	0.180	0.000	0.002	0.047	0.040	0.000	0.731
angry	0.448	0.000	0.002	0.117	0.062	0.000	0.371
neutral	0.138	0.000	0.001	0.075	0.040	0.000	0.745
neutral	0.182	0.000	0.002	0.137	0.043	0.000	0.636
angry	0.561	0.000	0.002	0.094	0.073	0.000	0.269
neutral	0.105	0.000	0.001	0.084	0.033	0.000	0.777
neutral	0.084	0.000	0.001	0.033	0.035	0.000	0.847
neutral	0.327	0.000	0.001	0.069	0.073	0.000	0.530
neutral	0.344	0.000	0.001	0.030	0.082	0.000	0.543
angry	0.535	0.000	0.001	0.049	0.064	0.000	0.350
neutral	0.330	0.000	0.002	0.091	0.074	0.000	0.503
neutral	0.202	0.000	0.002	0.084	0.062	0.000	0.650
angry	0.580	0.000	0.002	0.123	0.047	0.000	0.248
neutral	0.425	0.001	0.002	0.073	0.067	0.000	0.432
angry	0.445	0.000	0.002	0.035	0.075	0.000	0.443
neutral	0.427	0.001	0.002	0.034	0.091	0.000	0.445
neutral	0.257	0.000	0.002	0.045	0.041	0.000	0.654
neutral	0.407	0.001	0.002	0.037	0.102	0.000	0.450
neutral	0.377	0.000	0.002	0.045	0.103	0.000	0.473
neutral	0.299	0.001	0.003	0.080	0.120	0.000	0.497
neutral	0.342	0.000	0.002	0.030	0.081	0.000	0.545
neutral	0.315	0.001	0.005	0.072	0.079	0.000	0.527
angry	0.571	0.000	0.003	0.039	0.063	0.000	0.324
neutral	0.357	0.001	0.004	0.067	0.090	0.000	0.481
angry	0.515	0.000	0.002	0.026	0.108	0.000	0.348
neutral	0.332	0.001	0.002	0.032	0.108	0.000	0.524
neutral	0.429	0.000	0.002	0.035	0.067	0.000	0.467
neutral	0.420	0.001	0.003	0.032	0.093	0.000	0.451
neutral	0.359	0.001	0.002	0.027	0.116	0.000	0.493
neutral	0.371	0.000	0.003	0.035	0.077	0.000	0.514
neutral	0.358	0.001	0.002	0.046	0.066	0.000	0.527
neutral	0.299	0.000	0.003	0.050	0.068	0.000	0.580
neutral	0.402	0.000	0.002	0.020	0.056	0.000	0.520
angry	0.499	0.000	0.002	0.032	0.057	0.000	0.410
neutral	0.327	0.000	0.001	0.063	0.053	0.000	0.555
neutral	0.437	0.000	0.001	0.043	0.081	0.000	0.437
neutral	0.239	0.000	0.002	0.066	0.092	0.000	0.600
neutral	0.414	0.000	0.002	0.055	0.072	0.000	0.456
angry	0.517	0.000	0.003	0.075	0.061	0.000	0.344
neutral	0.418	0.000	0.002	0.071	0.056	0.000	0.453
neutral	0.391	0.000	0.002	0.087	0.045	0.000	0.475
angry	0.611	0.000	0.002	0.096	0.048	0.000	0.242
angry	0.488	0.000	0.001	0.069	0.058	0.000	0.383
neutral	0.384	0.000	0.003	0.049	0.097	0.000	0.468
angry	0.493	0.001	0.002	0.034	0.128	0.000	0.343
angry	0.602	0.000	0.002	0.014	0.091	0.000	0.291
angry	0.637	0.000	0.001	0.039	0.050	0.000	0.274
angry	0.466	0.000	0.001	0.023	0.047	0.000	0.462
angry	0.510	0.000	0.001	0.026	0.055	0.000	0.408
angry	0.497	0.000	0.002	0.046	0.083	0.000	0.371
angry	0.601	0.000	0.001	0.056	0.065	0.000	0.277
neutral	0.396	0.000	0.001	0.024	0.060	0.000	0.519
neutral	0.446	0.000	0.001	0.022	0.055	0.000	0.476
angry	0.585	0.000	0.001	0.036	0.070	0.000	0.307
angry	0.558	0.000	0.001	0.020	0.057	0.000	0.364
angry	0.548	0.000	0.001	0.037	0.056	0.000	0.358
angry	0.548	0.000	0.002	0.025	0.105	0.000	0.320
angry	0.600	0.000	0.001	0.017	0.054	0.000	0.328
angry	0.500	0.000	0.001	0.014	0.071	0.000	0.414
angry	0.493	0.000	0.001	0.012	0.061	0.000	0.433
angry	0.541	0.000	0.001	0.012	0.056	0.000	0.390
angry	0.615	0.000	0.002	0.028	0.066	0.000	0.290
angry	0.665	0.000	0.001	0.026	0.070	0.000	0.238
neutral	0.362	0.000	0.001	0.014	0.078	0.000	0.543
angry	0.674	0.000	0.001	0.022	0.052	0.000	0.250
neutral	0.419	0.000	0.001	0.016	0.068	0.000	0.495
angry	0.467	0.000	0.002	0.017	0.083	0.000	0.430
angry	0.551	0.000	0.002	0.028	0.088	0.000	0.331
angry	0.622	0.001	0.002	0.025	0.064	0.000	0.287
angry	0.546	0.001	0.001	0.020	0.071	0.000	0.360
neutral	0.439	0.000	0.002	0.020	0.050	0.000	0.490
angry	0.502	0.000	0.002	0.018	0.058	0.000	0.420
neutral	0.324	0.002	0.005	0.060	0.056	0.001	0.553
angry	0.504	0.001	0.002	0.022	0.060	0.000	0.412
neutral	0.410	0.000	0.002	0.035	0.054	0.000	0.498
angry	0.539	0.001	0.003	0.029	0.075	0.000	0.353
angry	0.504	0.000	0.002	0.025	0.068	0.000	0.400
angry	0.533	0.001	0.002	0.019	0.051	0.000	0.394
angry	0.506	0.000	0.002	0.024	0.065	0.000	0.403
angry	0.497	0.001	0.002	0.029	0.056	0.000	0.415
angry	0.511	0.000	0.003	0.021	0.083	0.000	0.381
neutral	0.277	0.000	0.004	0.017	0.070	0.000	0.632
angry	0.677	0.001	0.003	0.015	0.073	0.000	0.231
neutral	0.444	0.001	0.002	0.017	0.088	0.000	0.448
neutral	0.313	0.000	0.003	0.010	0.065	0.000	0.609
angry	0.471	0.000	0.002	0.009	0.089	0.000	0.428
neutral	0.325	0.000	0.004	0.014	0.085	0.000	0.571
neutral	0.353	0.000	0.003	0.008	0.118	0.000	0.517
neutral	0.357	0.000	0.002	0.014	0.060	0.000	0.566
neutral	0.241	0.001	0.003	0.015	0.068	0.000	0.672
neutral	0.298	0.000	0.003	0.020	0.062	0.000	0.615
neutral	0.292	0.000	0.002	0.012	0.059	0.000	0.634
neutral	0.291	0.001	0.004	0.020	0.107	0.000	0.577
neutral	0.278	0.000	0.002	0.012	0.074	0.000	0.633
neutral	0.262	0.000	0.005	0.017	0.106	0.000	0.610
neutral	0.254	0.000	0.002	0.011	0.062	0.000	0.670
neutral	0.237	0.000	0.003	0.013	0.082	0.000	0.663
neutral	0.348	0.001	0.007	0.015	0.117	0.000	0.512
neutral	0.377	0.001	0.007	0.016	0.078	0.001	0.520
neutral	0.427	0.001	0.007	0.023	0.072	0.001	0.468
neutral	0.414	0.001	0.006	0.021	0.100	0.001	0.456
neutral	0.393	0.001	0.005	0.019	0.115	0.000	0.467
angry	0.481	0.001	0.007	0.016	0.097	0.001	0.396
angry	0.498	0.001	0.005	0.006	0.100	0.000	0.391
neutral	0.335	0.001	0.005	0.026	0.078	0.000	0.555
neutral	0.358	0.001	0.004	0.013	0.101	0.000	0.523
neutral	0.364	0.001	0.004	0.012	0.086	0.000	0.534
neutral	0.322	0.000	0.006	0.013	0.089	0.001	0.569
angry	0.523	0.001	0.004	0.005	0.094	0.000	0.373
neutral	0.329	0.001	0.005	0.016	0.104	0.000	0.545
neutral	0.393	0.001	0.003	0.005	0.090	0.000	0.509
neutral	0.172	0.000	0.003	0.008	0.065	0.000	0.751
neutral	0.284	0.001	0.006	0.015	0.118	0.000	0.574
neutral	0.251	0.001	0.005	0.018	0.089	0.000	0.636
neutral	0.323	0.001	0.005	0.007	0.078	0.001	0.585
angry	0.514	0.001	0.003	0.007	0.087	0.000	0.387
neutral	0.423	0.001	0.005	0.006	0.095	0.000	0.470
neutral	0.227	0.001	0.007	0.016	0.095	0.000	0.655
neutral	0.217	0.001	0.005	0.010	0.093	0.000	0.674
neutral	0.172	0.000	0.003	0.006	0.053	0.000	0.766
neutral	0.283	0.001	0.004	0.007	0.070	0.000	0.635
neutral	0.399	0.001	0.006	0.009	0.084	0.000	0.501
neutral	0.319	0.001	0.006	0.017	0.101	0.001	0.556
neutral	0.164	0.000	0.003	0.007	0.060	0.000	0.765
neutral	0.276	0.000	0.005	0.020	0.075	0.000	0.623
neutral	0.265	0.000	0.004	0.010	0.080	0.000	0.641
neutral	0.278	0.001	0.007	0.009	0.105	0.000	0.599
neutral	0.213	0.001	0.003	0.006	0.061	0.000	0.717
neutral	0.278	0.001	0.006	0.009	0.101	0.000	0.605
neutral	0.261	0.001	0.005	0.019	0.093	0.000	0.621
neutral	0.290	0.001	0.004	0.013	0.072	0.000	0.621
neutral	0.276	0.001	0.004	0.021	0.073	0.000	0.625
neutral	0.364	0.002	0.008	0.007	0.106	0.000	0.514
neutral	0.192	0.000	0.004	0.010	0.076	0.000	0.717
neutral	0.172	0.000	0.003	0.007	0.065	0.000	0.753
neutral	0.194	0.000	0.003	0.006	0.067	0.000	0.728
neutral	0.157	0.000	0.002	0.004	0.067	0.000	0.769
neutral	0.288	0.001	0.006	0.006	0.075	0.001	0.624
neutral	0.202	0.000	0.002	0.010	0.052	0.000	0.733
neutral	0.157	0.000	0.003	0.010	0.037	0.000	0.793
neutral	0.190	0.000	0.005	0.007	0.057	0.000	0.741
neutral	0.138	0.000	0.003	0.009	0.063	0.000	0.787
neutral	0.182	0.000	0.003	0.006	0.070	0.000	0.738
neutral	0.276	0.001	0.003	0.006	0.090	0.000	0.624
neutral	0.351	0.000	0.004	0.004	0.106	0.000	0.534
neutral	0.439	0.000	0.005	0.005	0.099	0.000	0.452
neutral	0.283	0.000	0.004	0.003	0.122	0.000	0.587
neutral	0.191	0.000	0.003	0.003	0.120	0.000	0.682
neutral	0.381	0.000	0.005	0.007	0.099	0.000	0.508
angry	0.456	0.000	0.004	0.005	0.087	0.000	0.448
neutral	0.250	0.000	0.004	0.008	0.072	0.000	0.666
neutral	0.174	0.000	0.004	0.010	0.065	0.000	0.747
neutral	0.231	0.000	0.003	0.003	0.116	0.000	0.646
