prediction	angry	disgust	fear	happy	sad	surprise	neutral
sad	0.369	0.007	0.044	0.005	0.489	0.032	0.054
sad	0.178	0.004	0.026	0.013	0.596	0.005	0.178
angry	0.444	0.014	0.069	0.004	0.398	0.024	0.047
sad	0.164	0.008	0.027	0.002	0.651	0.001	0.147
angry	0.548	0.011	0.073	0.008	0.300	0.031	0.029
sad	0.249	0.023	0.027	0.002	0.642	0.001	0.055
sad	0.401	0.012	0.069	0.005	0.446	0.021	0.046
sad	0.177	0.022	0.032	0.002	0.694	0.001	0.072
angry	0.460	0.007	0.057	0.010	0.408	0.025	0.034
sad	0.160	0.002	0.026	0.003	0.418	0.002	0.390
sad	0.372	0.010	0.066	0.014	0.476	0.021	0.042
sad	0.196	0.014	0.038	0.003	0.593	0.001	0.155
sad	0.343	0.013	0.073	0.006	0.509	0.028	0.028
sad	0.205	0.001	0.028	0.002	0.454	0.005	0.305
sad	0.375	0.011	0.054	0.005	0.498	0.026	0.031
sad	0.140	0.004	0.035	0.003	0.414	0.002	0.402
sad	0.431	0.013	0.056	0.006	0.450	0.022	0.022
sad	0.204	0.004	0.027	0.002	0.477	0.002	0.284
angry	0.582	0.012	0.065	0.005	0.291	0.025	0.019
sad	0.200	0.020	0.029	0.002	0.583	0.001	0.164
angry	0.469	0.014	0.052	0.008	0.395	0.029	0.032
sad	0.266	0.005	0.027	0.002	0.435	0.002	0.263
angry	0.464	0.014	0.051	0.007	0.409	0.024	0.032
sad	0.235	0.034	0.024	0.003	0.618	0.001	0.086
angry	0.430	0.010	0.068	0.008	0.417	0.027	0.038
sad	0.279	0.012	0.021	0.003	0.529	0.002	0.154
sad	0.381	0.023	0.056	0.010	0.469	0.027	0.033
sad	0.251	0.029	0.027	0.003	0.610	0.001	0.079
sad	0.241	0.008	0.020	0.004	0.538	0.002	0.186
angry	0.447	0.024	0.056	0.007	0.426	0.016	0.025
sad	0.246	0.024	0.029	0.002	0.610	0.001	0.088
angry	0.511	0.023	0.063	0.006	0.336	0.032	0.029
sad	0.405	0.016	0.079	0.008	0.429	0.031	0.033
sad	0.244	0.009	0.019	0.003	0.519	0.002	0.204
sad	0.206	0.025	0.024	0.002	0.666	0.001	0.077
angry	0.440	0.014	0.056	0.008	0.423	0.029	0.030
neutral	0.212	0.001	0.016	0.003	0.289	0.005	0.476
angry	0.503	0.029	0.073	0.006	0.343	0.024	0.022
sad	0.178	0.007	0.027	0.002	0.480	0.002	0.304
sad	0.436	0.011	0.048	0.006	0.449	0.025	0.025
neutral	0.182	0.001	0.013	0.003	0.292	0.004	0.505
angry	0.502	0.037	0.059	0.007	0.356	0.017	0.023
sad	0.229	0.007	0.020	0.002	0.533	0.001	0.208
neutral	0.199	0.001	0.012	0.003	0.274	0.004	0.508
sad	0.430	0.010	0.063	0.007	0.430	0.034	0.026
neutral	0.204	0.001	0.016	0.002	0.326	0.003	0.447
angry	0.470	0.013	0.065	0.008	0.386	0.027	0.032
neutral	0.197	0.001	0.015	0.002	0.344	0.004	0.436
angry	0.478	0.022	0.051	0.009	0.387	0.025	0.029
sad	0.212	0.005	0.020	0.003	0.429	0.002	0.329
angry	0.458	0.017	0.046	0.007	0.416	0.024	0.032
sad	0.202	0.008	0.021	0.004	0.503	0.001	0.261
sad	0.193	0.031	0.018	0.004	0.667	0.000	0.087
angry	0.476	0.005	0.066	0.006	0.409	0.016	0.023
sad	0.190	0.038	0.020	0.005	0.658	0.001	0.088
sad	0.341	0.007	0.067	0.013	0.516	0.024	0.032
angry	0.483	0.005	0.047	0.008	0.417	0.015	0.026
sad	0.168	0.008	0.020	0.005	0.516	0.001	0.281
sad	0.186	0.007	0.011	0.007	0.519	0.001	0.269
sad	0.345	0.007	0.066	0.011	0.526	0.018	0.028
sad	0.264	0.002	0.014	0.002	0.434	0.001	0.282
sad	0.216	0.010	0.011	0.004	0.443	0.001	0.316
neutral	0.159	0.002	0.017	0.005	0.332	0.002	0.483
sad	0.195	0.078	0.013	0.006	0.615	0.001	0.093
sad	0.056	0.016	0.013	0.001	0.870	0.000	0.044
sad	0.108	0.037	0.019	0.003	0.738	0.001	0.094
sad	0.081	0.027	0.017	0.001	0.816	0.000	0.057
angry	0.514	0.009	0.044	0.009	0.375	0.015	0.033
sad	0.075	0.013	0.031	0.002	0.734	0.001	0.144
sad	0.107	0.028	0.016	0.002	0.730	0.001	0.117
sad	0.191	0.053	0.014	0.004	0.642	0.000	0.096
sad	0.126	0.017	0.017	0.002	0.651	0.001	0.186
sad	0.107	0.032	0.012	0.004	0.675	0.001	0.169
sad	0.150	0.053	0.018	0.002	0.704	0.001	0.073
sad	0.135	0.037	0.016	0.003	0.713	0.001	0.095
sad	0.421	0.018	0.071	0.014	0.422	0.028	0.026
neutral	0.100	0.003	0.014	0.003	0.434	0.004	0.442
angry	0.526	0.007	0.059	0.009	0.349	0.024	0.026
sad	0.103	0.018	0.017	0.004	0.684	0.001	0.174
sad	0.422	0.018	0.062	0.006	0.442	0.020	0.031
sad	0.143	0.028	0.015	0.003	0.631	0.001	0.179
angry	0.628	0.016	0.062	0.006	0.243	0.025	0.019
sad	0.111	0.010	0.015	0.001	0.652	0.002	0.208
angry	0.722	0.007	0.073	0.004	0.151	0.028	0.016
sad	0.108	0.010	0.011	0.002	0.714	0.001	0.154
angry	0.716	0.004	0.079	0.009	0.123	0.047	0.022
sad	0.065	0.007	0.020	0.001	0.822	0.001	0.085
angry	0.763	0.004	0.071	0.006	0.103	0.037	0.017
sad	0.071	0.010	0.013	0.001	0.790	0.001	0.114
sad	0.101	0.006	0.009	0.003	0.611	0.002	0.269
sad	0.088	0.013	0.013	0.001	0.774	0.001	0.111
sad	0.102	0.008	0.024	0.001	0.673	0.002	0.191
sad	0.225	0.067	0.016	0.002	0.586	0.002	0.102
sad	0.103	0.007	0.027	0.002	0.735	0.002	0.125
sad	0.156	0.014	0.028	0.004	0.617	0.003	0.178
sad	0.190	0.021	0.030	0.005	0.630	0.001	0.123
sad	0.225	0.014	0.019	0.012	0.514	0.003	0.214
angry	0.587	0.003	0.080	0.012	0.230	0.073	0.016
sad	0.097	0.007	0.028	0.004	0.735	0.002	0.127
angry	0.610	0.005	0.079	0.021	0.201	0.065	0.020
sad	0.144	0.008	0.024	0.004	0.611	0.004	0.207
sad	0.145	0.008	0.032	0.003	0.685	0.002	0.125
sad	0.176	0.012	0.025	0.004	0.659	0.003	0.121
angry	0.609	0.004	0.079	0.015	0.223	0.038	0.031
sad	0.235	0.006	0.019	0.008	0.540	0.003	0.189
angry	0.494	0.009	0.069	0.007	0.375	0.030	0.016
sad	0.157	0.006	0.025	0.003	0.707	0.001	0.101
sad	0.199	0.004	0.021	0.005	0.661	0.002	0.108
angry	0.639	0.015	0.071	0.006	0.211	0.043	0.016
sad	0.197	0.009	0.016	0.008	0.657	0.001	0.112
sad	0.145	0.014	0.019	0.001	0.742	0.001	0.078
sad	0.096	0.006	0.025	0.003	0.761	0.001	0.107
angry	0.502	0.011	0.100	0.005	0.335	0.019	0.028
sad	0.082	0.013	0.026	0.002	0.781	0.002	0.095
sad	0.145	0.008	0.022	0.005	0.676	0.002	0.143
sad	0.074	0.010	0.024	0.002	0.782	0.001	0.107
sad	0.122	0.002	0.020	0.004	0.681	0.001	0.169
sad	0.121	0.001	0.017	0.004	0.676	0.001	0.181
sad	0.103	0.013	0.029	0.002	0.720	0.001	0.132
angry	0.507	0.020	0.101	0.007	0.290	0.037	0.039
sad	0.117	0.003	0.028	0.002	0.701	0.001	0.147
angry	0.484	0.004	0.115	0.008	0.292	0.040	0.059
sad	0.099	0.004	0.018	0.003	0.715	0.001	0.160
sad	0.097	0.004	0.023	0.003	0.746	0.001	0.127
sad	0.188	0.004	0.010	0.007	0.634	0.002	0.155
angry	0.499	0.004	0.136	0.008	0.266	0.046	0.041
sad	0.108	0.004	0.025	0.003	0.723	0.001	0.135
angry	0.520	0.015	0.106	0.008	0.273	0.034	0.043
sad	0.124	0.002	0.022	0.002	0.725	0.001	0.124
angry	0.611	0.003	0.111	0.006	0.188	0.048	0.033
sad	0.084	0.003	0.023	0.002	0.742	0.001	0.144
angry	0.567	0.010	0.103	0.006	0.238	0.047	0.028
sad	0.072	0.004	0.024	0.002	0.729	0.002	0.167
sad	0.150	0.007	0.013	0.003	0.687	0.001	0.139
sad	0.213	0.030	0.013	0.006	0.523	0.002	0.212
sad	0.141	0.010	0.011	0.002	0.715	0.001	0.120
sad	0.167	0.018	0.012	0.002	0.693	0.001	0.106
sad	0.161	0.043	0.014	0.003	0.590	0.001	0.188
sad	0.130	0.015	0.023	0.004	0.619	0.002	0.208
sad	0.157	0.021	0.024	0.006	0.606	0.002	0.184
sad	0.160	0.016	0.023	0.005	0.624	0.002	0.170
sad	0.110	0.021	0.030	0.003	0.663	0.003	0.170
sad	0.130	0.033	0.041	0.004	0.599	0.005	0.188
sad	0.139	0.029	0.037	0.003	0.613	0.005	0.175
sad	0.091	0.024	0.049	0.002	0.707	0.002	0.126
sad	0.140	0.020	0.038	0.004	0.596	0.005	0.198
sad	0.103	0.035	0.059	0.002	0.678	0.004	0.120
sad	0.119	0.051	0.066	0.002	0.626	0.004	0.132
sad	0.114	0.118	0.078	0.002	0.567	0.008	0.113
sad	0.180	0.022	0.031	0.004	0.598	0.007	0.159
sad	0.123	0.024	0.034	0.002	0.674	0.003	0.140
sad	0.110	0.020	0.032	0.002	0.665	0.003	0.168
sad	0.075	0.065	0.032	0.001	0.779	0.002	0.046
sad	0.096	0.036	0.045	0.001	0.754	0.001	0.067
sad	0.095	0.086	0.061	0.002	0.651	0.003	0.101
sad	0.121	0.045	0.047	0.002	0.660	0.004	0.121
sad	0.169	0.042	0.041	0.003	0.597	0.003	0.144
sad	0.236	0.025	0.033	0.006	0.472	0.006	0.222
sad	0.154	0.039	0.033	0.002	0.649	0.004	0.119
sad	0.183	0.046	0.035	0.003	0.605	0.005	0.124
sad	0.129	0.029	0.043	0.003	0.648	0.009	0.138
sad	0.132	0.044	0.033	0.003	0.674	0.008	0.107
sad	0.121	0.051	0.044	0.007	0.572	0.020	0.185
sad	0.184	0.043	0.018	0.004	0.482	0.002	0.267
sad	0.164	0.116	0.012	0.006	0.482	0.001	0.220
sad	0.096	0.020	0.010	0.005	0.693	0.003	0.173
sad	0.099	0.025	0.013	0.008	0.750	0.002	0.103
sad	0.090	0.014	0.007	0.002	0.714	0.001	0.171
sad	0.089	0.020	0.006	0.006	0.736	0.001	0.142
sad	0.085	0.009	0.006	0.013	0.633	0.002	0.252
sad	0.064	0.067	0.032	0.049	0.451	0.027	0.310
neutral	0.074	0.207	0.052	0.021	0.252	0.036	0.357
neutral	0.055	0.094	0.045	0.014	0.363	0.031	0.398
neutral	0.057	0.070	0.031	0.027	0.325	0.024	0.466
sad	0.038	0.004	0.020	0.002	0.834	0.000	0.101
sad	0.063	0.063	0.020	0.009	0.622	0.001	0.223
sad	0.032	0.164	0.026	0.004	0.647	0.002	0.125
angry	0.430	0.021	0.069	0.011	0.386	0.043	0.040
sad	0.065	0.252	0.068	0.006	0.489	0.011	0.108
sad	0.071	0.128	0.019	0.002	0.647	0.001	0.132
sad	0.079	0.092	0.076	0.006	0.615	0.023	0.109
sad	0.076	0.092	0.022	0.004	0.674	0.003	0.129
sad	0.074	0.222	0.030	0.004	0.484	0.003	0.183
disgust	0.063	0.378	0.031	0.004	0.359	0.002	0.161
sad	0.082	0.190	0.021	0.004	0.525	0.003	0.175
disgust	0.068	0.411	0.032	0.005	0.322	0.003	0.159
disgust	0.048	0.508	0.026	0.006	0.240	0.003	0.168
sad	0.078	0.178	0.028	0.006	0.433	0.003	0.273
sad	0.050	0.302	0.029	0.016	0.379	0.004	0.220
sad	0.060	0.253	0.023	0.031	0.439	0.003	0.192
sad	0.077	0.286	0.016	0.032	0.391	0.002	0.197
sad	0.086	0.102	0.016	0.040	0.425	0.002	0.328
neutral	0.079	0.146	0.015	0.072	0.289	0.006	0.393
sad	0.085	0.153	0.014	0.030	0.454	0.003	0.262
sad	0.087	0.092	0.034	0.017	0.462	0.009	0.298
angry	0.420	0.013	0.063	0.011	0.410	0.053	0.030
neutral	0.062	0.031	0.008	0.051	0.321	0.002	0.524
angry	0.577	0.006	0.084	0.007	0.263	0.042	0.022
sad	0.073	0.087	0.015	0.048	0.543	0.002	0.233
angry	0.644	0.010	0.059	0.005	0.235	0.026	0.020
neutral	0.048	0.232	0.027	0.112	0.178	0.012	0.391
angry	0.476	0.012	0.061	0.008	0.389	0.025	0.029
neutral	0.051	0.084	0.029	0.072	0.368	0.011	0.385
angry	0.536	0.012	0.072	0.007	0.309	0.038	0.026
neutral	0.047	0.100	0.027	0.076	0.312	0.012	0.427
sad	0.397	0.024	0.059	0.011	0.438	0.035	0.037
sad	0.059	0.062	0.033	0.063	0.479	0.013	0.291
sad	0.055	0.069	0.050	0.058	0.414	0.020	0.334
angry	0.483	0.009	0.062	0.005	0.378	0.039	0.024
sad	0.081	0.057	0.063	0.035	0.507	0.031	0.225
neutral	0.117	0.197	0.016	0.042	0.254	0.003	0.371
angry	0.541	0.017	0.064	0.006	0.328	0.025	0.018
sad	0.181	0.231	0.015	0.028	0.283	0.001	0.261
sad	0.102	0.062	0.015	0.017	0.409	0.005	0.389
sad	0.422	0.017	0.064	0.006	0.438	0.027	0.025
sad	0.074	0.058	0.114	0.009	0.552	0.047	0.145
neutral	0.139	0.188	0.011	0.016	0.303	0.001	0.343
angry	0.528	0.020	0.068	0.012	0.332	0.021	0.020
sad	0.080	0.058	0.038	0.048	0.464	0.016	0.296
angry	0.530	0.012	0.049	0.009	0.342	0.037	0.022
sad	0.061	0.099	0.024	0.017	0.583	0.005	0.210
angry	0.639	0.009	0.054	0.008	0.226	0.045	0.020
sad	0.039	0.075	0.035	0.012	0.673	0.007	0.159
angry	0.704	0.005	0.053	0.005	0.183	0.038	0.011
sad	0.067	0.130	0.022	0.013	0.555	0.003	0.209
angry	0.630	0.003	0.068	0.008	0.238	0.034	0.019
sad	0.073	0.165	0.025	0.014	0.537	0.003	0.183
angry	0.466	0.006	0.061	0.014	0.383	0.044	0.025
sad	0.101	0.079	0.020	0.010	0.598	0.003	0.189
sad	0.126	0.043	0.027	0.005	0.649	0.005	0.143
angry	0.645	0.005	0.081	0.007	0.230	0.018	0.015
sad	0.035	0.014	0.060	0.002	0.820	0.001	0.068
angry	0.547	0.007	0.057	0.006	0.329	0.037	0.017
sad	0.056	0.092	0.091	0.004	0.655	0.010	0.092
sad	0.113	0.252	0.061	0.035	0.377	0.014	0.148
sad	0.067	0.277	0.029	0.008	0.524	0.002	0.092
sad	0.066	0.233	0.025	0.017	0.449	0.002	0.208
disgust	0.076	0.358	0.038	0.022	0.329	0.003	0.174
disgust	0.100	0.480	0.025	0.020	0.255	0.003	0.118
sad	0.105	0.287	0.109	0.006	0.428	0.011	0.054
angry	0.568	0.006	0.065	0.008	0.290	0.048	0.015
sad	0.088	0.126	0.045	0.006	0.602	0.007	0.126
sad	0.100	0.142	0.037	0.015	0.561	0.004	0.142
sad	0.075	0.093	0.048	0.009	0.565	0.007	0.202
angry	0.541	0.009	0.070	0.013	0.312	0.033	0.024
sad	0.076	0.185	0.048	0.014	0.439	0.013	0.225
sad	0.084	0.104	0.050	0.031	0.495	0.016	0.221
sad	0.062	0.030	0.052	0.021	0.692	0.009	0.134
sad	0.427	0.010	0.054	0.015	0.433	0.026	0.035
sad	0.096	0.054	0.031	0.043	0.505	0.004	0.266
angry	0.452	0.017	0.063	0.008	0.409	0.028	0.023
sad	0.089	0.285	0.030	0.037	0.331	0.007	0.221
angry	0.501	0.011	0.054	0.004	0.385	0.023	0.021
sad	0.074	0.094	0.068	0.014	0.485	0.045	0.221
angry	0.472	0.011	0.067	0.013	0.377	0.036	0.025
sad	0.125	0.127	0.152	0.013	0.380	0.079	0.124
sad	0.090	0.031	0.064	0.007	0.531	0.007	0.271
angry	0.568	0.010	0.061	0.008	0.294	0.035	0.024
sad	0.124	0.046	0.023	0.004	0.672	0.002	0.129
sad	0.074	0.212	0.054	0.005	0.470	0.004	0.181
sad	0.169	0.062	0.031	0.003	0.513	0.006	0.216
sad	0.075	0.019	0.047	0.004	0.527	0.005	0.323
angry	0.671	0.004	0.050	0.007	0.231	0.024	0.012
sad	0.113	0.159	0.046	0.013	0.468	0.004	0.199
sad	0.100	0.218	0.029	0.009	0.464	0.001	0.178
disgust	0.060	0.366	0.052	0.014	0.312	0.006	0.189
disgust	0.063	0.324	0.062	0.021	0.312	0.014	0.205
sad	0.087	0.216	0.069	0.024	0.336	0.033	0.235
angry	0.504	0.013	0.088	0.016	0.336	0.023	0.020
sad	0.099	0.100	0.119	0.005	0.396	0.139	0.142
sad	0.085	0.141	0.037	0.007	0.577	0.008	0.146
sad	0.127	0.122	0.042	0.014	0.554	0.013	0.128
angry	0.621	0.009	0.069	0.015	0.234	0.037	0.013
sad	0.084	0.060	0.022	0.004	0.654	0.002	0.174
sad	0.037	0.036	0.028	0.001	0.832	0.000	0.065
sad	0.041	0.056	0.029	0.013	0.677	0.001	0.184
angry	0.547	0.008	0.075	0.010	0.312	0.032	0.015
sad	0.025	0.145	0.030	0.016	0.521	0.002	0.260
sad	0.044	0.129	0.072	0.018	0.497	0.020	0.221
angry	0.441	0.016	0.082	0.007	0.406	0.034	0.014
sad	0.100	0.113	0.102	0.011	0.500	0.023	0.151
sad	0.119	0.127	0.111	0.010	0.483	0.022	0.129
sad	0.071	0.095	0.115	0.014	0.522	0.047	0.137
sad	0.076	0.182	0.067	0.022	0.417	0.022	0.214
angry	0.447	0.011	0.082	0.011	0.410	0.020	0.019
sad	0.030	0.232	0.015	0.029	0.370	0.004	0.320
disgust	0.060	0.331	0.008	0.027	0.320	0.001	0.254
angry	0.682	0.005	0.052	0.006	0.212	0.027	0.016
sad	0.082	0.084	0.020	0.016	0.674	0.002	0.123
angry	0.643	0.011	0.058	0.006	0.255	0.016	0.011
sad	0.082	0.067	0.026	0.010	0.718	0.002	0.095
sad	0.109	0.099	0.015	0.042	0.538	0.001	0.196
sad	0.082	0.050	0.018	0.019	0.659	0.001	0.172
angry	0.610	0.005	0.104	0.009	0.224	0.032	0.015
sad	0.067	0.060	0.011	0.009	0.731	0.001	0.121
angry	0.615	0.006	0.087	0.011	0.196	0.064	0.021
sad	0.055	0.021	0.023	0.011	0.731	0.002	0.159
sad	0.066	0.038	0.016	0.013	0.712	0.001	0.154
sad	0.052	0.039	0.016	0.010	0.761	0.001	0.122
angry	0.625	0.008	0.088	0.011	0.217	0.035	0.015
sad	0.066	0.031	0.029	0.011	0.715	0.002	0.145
angry	0.646	0.007	0.092	0.011	0.187	0.035	0.020
sad	0.070	0.023	0.038	0.013	0.720	0.003	0.133
angry	0.655	0.004	0.069	0.007	0.196	0.048	0.021
sad	0.099	0.078	0.017	0.009	0.687	0.001	0.110
sad	0.073	0.059	0.026	0.020	0.644	0.002	0.176
sad	0.066	0.042	0.045	0.009	0.733	0.003	0.102
sad	0.058	0.042	0.036	0.009	0.708	0.002	0.145
sad	0.070	0.046	0.033	0.007	0.706	0.003	0.135
sad	0.111	0.069	0.024	0.004	0.714	0.001	0.079
sad	0.100	0.149	0.029	0.013	0.570	0.001	0.137
sad	0.116	0.064	0.023	0.010	0.670	0.002	0.116
angry	0.599	0.015	0.071	0.005	0.268	0.024	0.018
sad	0.149	0.064	0.024	0.008	0.681	0.001	0.074
sad	0.100	0.040	0.023	0.017	0.664	0.002	0.154
angry	0.552	0.010	0.072	0.005	0.317	0.030	0.014
sad	0.144	0.080	0.020	0.018	0.586	0.002	0.150
sad	0.085	0.038	0.036	0.010	0.735	0.002	0.093
sad	0.084	0.031	0.017	0.006	0.799	0.001	0.064
sad	0.071	0.034	0.039	0.008	0.749	0.002	0.097
sad	0.101	0.054	0.030	0.009	0.722	0.002	0.084
sad	0.069	0.042	0.026	0.007	0.790	0.001	0.065
sad	0.071	0.034	0.037	0.009	0.771	0.002	0.075
sad	0.081	0.060	0.037	0.030	0.639	0.002	0.151
sad	0.062	0.021	0.047	0.008	0.796	0.002	0.064
sad	0.075	0.030	0.037	0.009	0.767	0.002	0.079
sad	0.069	0.029	0.054	0.008	0.749	0.003	0.087
angry	0.514	0.009	0.067	0.009	0.340	0.034	0.027
sad	0.044	0.018	0.048	0.005	0.823	0.003	0.059
angry	0.591	0.017	0.059	0.007	0.276	0.030	0.021
sad	0.060	0.018	0.054	0.008	0.791	0.003	0.068
sad	0.051	0.013	0.042	0.006	0.834	0.003	0.052
sad	0.093	0.005	0.019	0.008	0.784	0.000	0.091
sad	0.082	0.022	0.029	0.006	0.776	0.001	0.084
angry	0.506	0.011	0.073	0.010	0.350	0.029	0.021
sad	0.071	0.016	0.037	0.004	0.834	0.001	0.037
sad	0.048	0.009	0.041	0.005	0.853	0.001	0.042
sad	0.046	0.010	0.041	0.004	0.858	0.001	0.039
sad	0.053	0.015	0.039	0.005	0.837	0.002	0.049
sad	0.065	0.016	0.038	0.006	0.820	0.002	0.053
sad	0.070	0.017	0.035	0.007	0.787	0.002	0.082
sad	0.057	0.017	0.040	0.005	0.830	0.002	0.049
sad	0.046	0.010	0.040	0.005	0.828	0.003	0.069
sad	0.046	0.013	0.039	0.003	0.864	0.002	0.032
sad	0.045	0.010	0.039	0.005	0.848	0.003	0.050
sad	0.044	0.008	0.037	0.003	0.874	0.002	0.033
sad	0.042	0.008	0.034	0.006	0.849	0.003	0.058
sad	0.064	0.018	0.038	0.005	0.829	0.002	0.045
sad	0.051	0.008	0.036	0.005	0.822	0.003	0.075
sad	0.071	0.018	0.036	0.003	0.833	0.002	0.037
sad	0.072	0.022	0.036	0.004	0.804	0.002	0.060
sad	0.057	0.016	0.019	0.005	0.822	0.001	0.079
sad	0.064	0.017	0.033	0.004	0.818	0.003	0.061
sad	0.115	0.039	0.019	0.011	0.739	0.001	0.077
sad	0.049	0.007	0.027	0.004	0.788	0.002	0.123
sad	0.052	0.005	0.044	0.005	0.787	0.005	0.102
sad	0.077	0.022	0.025	0.003	0.819	0.001	0.053
sad	0.064	0.022	0.019	0.003	0.820	0.001	0.072
sad	0.085	0.029	0.023	0.002	0.805	0.001	0.054
sad	0.112	0.027	0.018	0.004	0.779	0.001	0.058
sad	0.046	0.006	0.022	0.004	0.784	0.002	0.136
sad	0.070	0.028	0.025	0.003	0.808	0.001	0.065
sad	0.047	0.011	0.017	0.003	0.818	0.001	0.103
angry	0.558	0.011	0.058	0.005	0.322	0.025	0.022
sad	0.047	0.013	0.021	0.005	0.797	0.002	0.115
sad	0.085	0.028	0.020	0.004	0.784	0.001	0.077
sad	0.047	0.032	0.015	0.005	0.823	0.001	0.076
sad	0.081	0.024	0.030	0.010	0.786	0.002	0.067
sad	0.394	0.013	0.062	0.007	0.481	0.018	0.025
sad	0.055	0.020	0.033	0.011	0.798	0.002	0.080
sad	0.039	0.011	0.030	0.010	0.821	0.002	0.087
sad	0.097	0.004	0.019	0.011	0.809	0.000	0.061
sad	0.111	0.008	0.024	0.010	0.778	0.000	0.068
sad	0.043	0.015	0.025	0.007	0.867	0.001	0.043
angry	0.474	0.016	0.074	0.011	0.373	0.025	0.028
sad	0.045	0.019	0.024	0.007	0.858	0.001	0.047
sad	0.072	0.029	0.021	0.023	0.775	0.001	0.080
sad	0.035	0.012	0.022	0.007	0.831	0.001	0.093
sad	0.066	0.023	0.034	0.010	0.805	0.001	0.062
sad	0.036	0.015	0.022	0.007	0.838	0.001	0.081
sad	0.044	0.024	0.022	0.007	0.847	0.001	0.055
sad	0.034	0.013	0.024	0.008	0.821	0.001	0.099
sad	0.060	0.026	0.023	0.015	0.793	0.001	0.082
sad	0.060	0.028	0.026	0.010	0.807	0.001	0.068
sad	0.057	0.004	0.012	0.010	0.851	0.000	0.065
sad	0.065	0.018	0.015	0.021	0.762	0.001	0.118
sad	0.057	0.020	0.028	0.005	0.839	0.001	0.049
sad	0.095	0.050	0.031	0.017	0.716	0.001	0.089
sad	0.094	0.038	0.026	0.018	0.714	0.001	0.109
sad	0.119	0.044	0.024	0.020	0.653	0.001	0.140
sad	0.084	0.036	0.024	0.007	0.786	0.001	0.063
angry	0.525	0.010	0.065	0.005	0.356	0.019	0.020
sad	0.081	0.042	0.024	0.008	0.776	0.001	0.069
sad	0.067	0.035	0.026	0.007	0.775	0.001	0.089
sad	0.104	0.051	0.022	0.025	0.683	0.001	0.112
sad	0.106	0.055	0.022	0.033	0.659	0.001	0.124
angry	0.578	0.023	0.072	0.005	0.286	0.020	0.017
sad	0.034	0.014	0.028	0.007	0.870	0.002	0.045
sad	0.036	0.018	0.034	0.010	0.842	0.002	0.058
angry	0.526	0.012	0.068	0.006	0.348	0.022	0.018
sad	0.040	0.017	0.028	0.070	0.604	0.003	0.239
angry	0.542	0.005	0.072	0.004	0.332	0.025	0.019
sad	0.037	0.025	0.021	0.073	0.595	0.006	0.244
angry	0.511	0.019	0.079	0.007	0.337	0.026	0.020
sad	0.039	0.010	0.018	0.247	0.457	0.006	0.224
happy	0.021	0.007	0.011	0.384	0.323	0.006	0.249
angry	0.537	0.023	0.060	0.008	0.327	0.022	0.022
happy	0.022	0.008	0.005	0.573	0.161	0.004	0.226
angry	0.449	0.020	0.084	0.007	0.391	0.025	0.024
happy	0.021	0.007	0.004	0.688	0.118	0.004	0.159
angry	0.476	0.016	0.067	0.010	0.364	0.034	0.032
happy	0.022	0.007	0.011	0.460	0.295	0.008	0.197
angry	0.451	0.010	0.092	0.004	0.393	0.028	0.021
sad	0.022	0.010	0.016	0.314	0.501	0.007	0.130
angry	0.437	0.015	0.071	0.007	0.425	0.024	0.021
happy	0.023	0.003	0.013	0.511	0.262	0.006	0.181
angry	0.497	0.025	0.076	0.010	0.351	0.018	0.023
happy	0.021	0.007	0.014	0.428	0.409	0.008	0.112
angry	0.449	0.015	0.065	0.009	0.425	0.014	0.022
happy	0.014	0.008	0.009	0.614	0.201	0.008	0.146
angry	0.579	0.014	0.071	0.007	0.282	0.027	0.019
happy	0.016	0.006	0.010	0.556	0.186	0.017	0.208
angry	0.585	0.009	0.068	0.009	0.281	0.024	0.024
happy	0.019	0.009	0.009	0.641	0.154	0.012	0.155
sad	0.406	0.018	0.090	0.006	0.441	0.017	0.022
happy	0.031	0.011	0.014	0.497	0.314	0.010	0.123
angry	0.500	0.015	0.076	0.006	0.351	0.023	0.029
happy	0.019	0.005	0.007	0.661	0.185	0.011	0.111
happy	0.013	0.004	0.004	0.751	0.107	0.006	0.116
happy	0.015	0.007	0.005	0.716	0.139	0.008	0.111
angry	0.555	0.018	0.069	0.009	0.311	0.014	0.024
happy	0.019	0.005	0.008	0.625	0.209	0.011	0.123
happy	0.015	0.006	0.006	0.699	0.149	0.007	0.117
happy	0.018	0.005	0.010	0.623	0.187	0.010	0.147
angry	0.615	0.020	0.061	0.007	0.258	0.021	0.019
happy	0.033	0.007	0.010	0.600	0.189	0.010	0.152
happy	0.017	0.005	0.008	0.655	0.190	0.007	0.119
happy	0.026	0.014	0.012	0.575	0.227	0.008	0.138
happy	0.032	0.019	0.016	0.431	0.327	0.009	0.167
sad	0.029	0.005	0.035	0.111	0.681	0.003	0.136
sad	0.026	0.005	0.028	0.111	0.725	0.003	0.102
sad	0.033	0.008	0.043	0.080	0.761	0.004	0.072
angry	0.512	0.013	0.060	0.009	0.353	0.021	0.031
sad	0.032	0.020	0.030	0.252	0.501	0.008	0.157
happy	0.029	0.010	0.020	0.393	0.360	0.009	0.179
happy	0.025	0.011	0.010	0.579	0.197	0.008	0.170
angry	0.477	0.012	0.056	0.007	0.398	0.022	0.029
sad	0.043	0.018	0.025	0.328	0.375	0.009	0.203
angry	0.693	0.017	0.054	0.003	0.203	0.012	0.017
happy	0.035	0.012	0.018	0.430	0.316	0.007	0.182
sad	0.405	0.019	0.074	0.009	0.458	0.011	0.025
angry	0.560	0.019	0.050	0.009	0.313	0.025	0.023
happy	0.025	0.008	0.012	0.408	0.324	0.007	0.217
sad	0.387	0.015	0.075	0.007	0.478	0.017	0.021
happy	0.022	0.008	0.010	0.496	0.234	0.008	0.222
happy	0.024	0.009	0.014	0.382	0.339	0.011	0.220
sad	0.416	0.009	0.066	0.013	0.456	0.016	0.023
happy	0.037	0.007	0.012	0.375	0.322	0.006	0.240
angry	0.444	0.021	0.060	0.007	0.429	0.017	0.021
happy	0.037	0.006	0.016	0.349	0.334	0.009	0.250
happy	0.031	0.006	0.013	0.457	0.226	0.009	0.258
happy	0.045	0.009	0.012	0.330	0.303	0.005	0.295
happy	0.030	0.016	0.006	0.378	0.201	0.004	0.364
angry	0.436	0.017	0.072	0.007	0.433	0.016	0.019
happy	0.035	0.006	0.011	0.463	0.233	0.006	0.247
angry	0.468	0.019	0.052	0.007	0.410	0.019	0.025
sad	0.037	0.005	0.016	0.283	0.333	0.007	0.319
sad	0.046	0.011	0.041	0.074	0.678	0.004	0.148
sad	0.026	0.006	0.035	0.067	0.750	0.003	0.113
angry	0.573	0.017	0.059	0.009	0.296	0.024	0.022
sad	0.036	0.016	0.022	0.223	0.490	0.006	0.208
sad	0.043	0.013	0.023	0.256	0.372	0.006	0.286
happy	0.041	0.006	0.018	0.311	0.311	0.009	0.304
happy	0.044	0.006	0.015	0.351	0.270	0.007	0.308
neutral	0.043	0.004	0.020	0.272	0.314	0.010	0.337
sad	0.047	0.009	0.022	0.193	0.447	0.006	0.277
neutral	0.044	0.006	0.019	0.307	0.283	0.008	0.333
neutral	0.050	0.006	0.018	0.268	0.283	0.007	0.367
sad	0.046	0.005	0.026	0.243	0.383	0.006	0.290
sad	0.038	0.004	0.026	0.172	0.486	0.006	0.268
sad	0.047	0.015	0.030	0.122	0.542	0.006	0.238
angry	0.587	0.012	0.052	0.008	0.295	0.026	0.020
sad	0.048	0.018	0.037	0.079	0.635	0.004	0.177
sad	0.042	0.014	0.038	0.080	0.654	0.004	0.168
sad	0.045	0.016	0.035	0.057	0.679	0.003	0.165
sad	0.046	0.008	0.031	0.076	0.597	0.002	0.239
angry	0.594	0.014	0.052	0.008	0.287	0.023	0.022
sad	0.068	0.016	0.032	0.057	0.629	0.003	0.194
sad	0.058	0.006	0.031	0.066	0.591	0.002	0.246
sad	0.069	0.015	0.027	0.082	0.600	0.003	0.204
sad	0.075	0.016	0.029	0.074	0.583	0.003	0.219
sad	0.052	0.007	0.037	0.029	0.738	0.001	0.136
sad	0.066	0.006	0.034	0.021	0.721	0.001	0.150
sad	0.048	0.012	0.044	0.016	0.750	0.002	0.128
sad	0.043	0.016	0.041	0.010	0.814	0.002	0.075
sad	0.022	0.007	0.024	0.005	0.889	0.001	0.052
sad	0.049	0.011	0.034	0.038	0.719	0.003	0.146
sad	0.042	0.005	0.032	0.008	0.818	0.001	0.094
sad	0.050	0.008	0.031	0.006	0.824	0.002	0.080
sad	0.054	0.029	0.024	0.011	0.764	0.001	0.117
sad	0.081	0.026	0.027	0.024	0.725	0.002	0.114
angry	0.478	0.016	0.061	0.006	0.398	0.021	0.020
sad	0.063	0.012	0.022	0.027	0.724	0.002	0.149
sad	0.095	0.042	0.022	0.039	0.646	0.003	0.153
sad	0.067	0.019	0.032	0.016	0.758	0.002	0.105
sad	0.071	0.005	0.024	0.017	0.738	0.003	0.141
angry	0.465	0.011	0.066	0.010	0.408	0.020	0.022
sad	0.070	0.006	0.026	0.013	0.755	0.003	0.127
sad	0.052	0.019	0.028	0.015	0.765	0.002	0.119
angry	0.435	0.017	0.087	0.009	0.418	0.015	0.019
sad	0.073	0.008	0.024	0.016	0.737	0.004	0.138
sad	0.371	0.014	0.057	0.011	0.506	0.018	0.022
sad	0.081	0.008	0.033	0.017	0.763	0.004	0.093
sad	0.183	0.006	0.024	0.029	0.578	0.003	0.178
sad	0.100	0.013	0.029	0.022	0.701	0.004	0.131
sad	0.363	0.015	0.068	0.006	0.503	0.020	0.026
sad	0.086	0.026	0.030	0.024	0.661	0.004	0.169
sad	0.410	0.007	0.088	0.010	0.426	0.031	0.028
sad	0.087	0.025	0.028	0.034	0.669	0.004	0.153
sad	0.067	0.014	0.024	0.023	0.671	0.003	0.198
sad	0.337	0.012	0.078	0.009	0.522	0.021	0.020
sad	0.085	0.013	0.036	0.014	0.750	0.005	0.096
angry	0.569	0.010	0.058	0.004	0.327	0.019	0.015
sad	0.067	0.028	0.034	0.012	0.791	0.002	0.067
sad	0.057	0.018	0.031	0.009	0.826	0.002	0.058
sad	0.102	0.004	0.020	0.009	0.777	0.001	0.087
sad	0.063	0.006	0.031	0.004	0.835	0.001	0.060
sad	0.028	0.014	0.029	0.002	0.909	0.001	0.018
sad	0.050	0.014	0.035	0.006	0.844	0.002	0.049
angry	0.584	0.009	0.072	0.004	0.296	0.017	0.018
sad	0.070	0.015	0.037	0.009	0.828	0.003	0.039
sad	0.058	0.011	0.049	0.002	0.851	0.001	0.027
sad	0.063	0.002	0.037	0.004	0.832	0.001	0.061
angry	0.547	0.011	0.078	0.005	0.321	0.018	0.021
sad	0.114	0.037	0.024	0.017	0.671	0.003	0.134
angry	0.557	0.014	0.060	0.007	0.316	0.022	0.023
sad	0.123	0.020	0.024	0.050	0.466	0.007	0.311
angry	0.467	0.011	0.079	0.008	0.391	0.020	0.024
neutral	0.193	0.006	0.008	0.061	0.218	0.005	0.510
sad	0.375	0.008	0.070	0.013	0.488	0.024	0.022
neutral	0.266	0.001	0.006	0.079	0.185	0.005	0.458
sad	0.399	0.015	0.062	0.021	0.464	0.014	0.026
sad	0.150	0.069	0.014	0.024	0.518	0.003	0.222
sad	0.195	0.020	0.016	0.014	0.437	0.005	0.314
sad	0.156	0.003	0.013	0.040	0.459	0.008	0.319
sad	0.444	0.011	0.050	0.006	0.454	0.017	0.017
sad	0.143	0.002	0.013	0.031	0.499	0.011	0.302
sad	0.132	0.005	0.012	0.035	0.498	0.006	0.311
sad	0.399	0.024	0.051	0.008	0.474	0.020	0.025
sad	0.103	0.009	0.018	0.019	0.554	0.006	0.292
angry	0.456	0.016	0.059	0.008	0.416	0.018	0.027
sad	0.151	0.002	0.014	0.031	0.420	0.008	0.374
angry	0.585	0.011	0.052	0.006	0.301	0.023	0.024
sad	0.174	0.003	0.017	0.025	0.500	0.007	0.274
sad	0.329	0.015	0.053	0.009	0.552	0.019	0.023
sad	0.150	0.005	0.021	0.023	0.417	0.014	0.371
angry	0.485	0.024	0.068	0.006	0.383	0.018	0.016
sad	0.167	0.005	0.016	0.012	0.525	0.006	0.268
sad	0.424	0.014	0.052	0.007	0.448	0.031	0.024
sad	0.163	0.067	0.016	0.006	0.555	0.002	0.190
sad	0.138	0.002	0.014	0.040	0.400	0.008	0.398
sad	0.117	0.008	0.025	0.024	0.488	0.008	0.330
angry	0.435	0.022	0.060	0.010	0.427	0.022	0.023
sad	0.150	0.004	0.014	0.045	0.427	0.008	0.351
angry	0.446	0.024	0.062	0.010	0.413	0.025	0.020
sad	0.136	0.008	0.024	0.021	0.470	0.010	0.331
sad	0.109	0.007	0.012	0.024	0.537	0.007	0.304
sad	0.130	0.008	0.022	0.029	0.524	0.009	0.278
angry	0.560	0.010	0.068	0.005	0.304	0.031	0.021
sad	0.169	0.006	0.022	0.034	0.466	0.010	0.292
angry	0.678	0.005	0.067	0.007	0.186	0.039	0.018
sad	0.084	0.037	0.016	0.003	0.789	0.001	0.070
sad	0.090	0.083	0.015	0.004	0.719	0.001	0.087
angry	0.652	0.014	0.059	0.005	0.238	0.018	0.016
happy	0.274	0.000	0.026	0.431	0.198	0.004	0.067
sad	0.074	0.084	0.017	0.006	0.710	0.002	0.107
angry	0.699	0.005	0.077	0.004	0.174	0.023	0.018
sad	0.116	0.106	0.013	0.005	0.645	0.002	0.114
sad	0.120	0.027	0.017	0.007	0.591	0.003	0.235
sad	0.090	0.003	0.014	0.002	0.827	0.001	0.063
sad	0.116	0.006	0.021	0.007	0.725	0.002	0.124
sad	0.174	0.004	0.022	0.020	0.511	0.006	0.263
sad	0.156	0.004	0.017	0.011	0.456	0.005	0.350
sad	0.145	0.004	0.023	0.011	0.557	0.005	0.255
sad	0.128	0.002	0.023	0.035	0.426	0.013	0.373
neutral	0.099	0.004	0.016	0.066	0.345	0.017	0.453
neutral	0.109	0.004	0.026	0.044	0.346	0.041	0.431
neutral	0.112	0.002	0.019	0.049	0.334	0.034	0.450
neutral	0.119	0.003	0.018	0.035	0.303	0.009	0.513
sad	0.313	0.000	0.061	0.154	0.395	0.005	0.071
neutral	0.072	0.001	0.031	0.047	0.298	0.034	0.518
neutral	0.134	0.001	0.018	0.011	0.192	0.003	0.641
neutral	0.214	0.001	0.016	0.004	0.268	0.001	0.496
neutral	0.242	0.001	0.017	0.003	0.243	0.001	0.492
neutral	0.128	0.002	0.013	0.006	0.155	0.006	0.690
neutral	0.121	0.002	0.010	0.023	0.178	0.008	0.659
neutral	0.121	0.006	0.009	0.022	0.146	0.007	0.689
sad	0.278	0.110	0.012	0.013	0.387	0.002	0.198
sad	0.153	0.278	0.010	0.003	0.482	0.002	0.072
angry	0.372	0.000	0.110	0.142	0.248	0.005	0.123
sad	0.166	0.205	0.029	0.002	0.455	0.005	0.137
sad	0.197	0.022	0.047	0.003	0.580	0.002	0.149
sad	0.060	0.023	0.058	0.002	0.725	0.005	0.126
sad	0.066	0.019	0.062	0.000	0.800	0.002	0.050
sad	0.066	0.012	0.060	0.002	0.710	0.004	0.145
sad	0.079	0.005	0.059	0.001	0.733	0.006	0.116
angry	0.489	0.002	0.075	0.021	0.356	0.025	0.032
sad	0.031	0.003	0.060	0.001	0.807	0.004	0.094
sad	0.072	0.005	0.123	0.003	0.681	0.018	0.098
sad	0.056	0.019	0.043	0.001	0.797	0.003	0.080
sad	0.046	0.018	0.060	0.001	0.791	0.004	0.081
sad	0.040	0.018	0.053	0.001	0.789	0.004	0.095
sad	0.041	0.014	0.053	0.001	0.780	0.004	0.107
sad	0.046	0.018	0.086	0.001	0.729	0.012	0.109
angry	0.659	0.003	0.053	0.007	0.240	0.023	0.015
sad	0.045	0.018	0.062	0.001	0.645	0.005	0.222
sad	0.054	0.033	0.055	0.001	0.705	0.007	0.145
angry	0.667	0.005	0.076	0.003	0.210	0.025	0.015
sad	0.077	0.004	0.084	0.008	0.399	0.159	0.268
sad	0.086	0.049	0.093	0.003	0.442	0.098	0.229
sad	0.128	0.070	0.065	0.002	0.469	0.038	0.228
angry	0.648	0.005	0.030	0.002	0.285	0.007	0.022
sad	0.137	0.072	0.051	0.003	0.459	0.034	0.244
sad	0.082	0.023	0.098	0.004	0.583	0.048	0.163
sad	0.099	0.013	0.084	0.009	0.353	0.167	0.275
sad	0.111	0.051	0.055	0.001	0.512	0.031	0.238
sad	0.076	0.019	0.084	0.002	0.640	0.020	0.161
sad	0.067	0.009	0.075	0.001	0.702	0.006	0.141
sad	0.042	0.017	0.062	0.001	0.654	0.002	0.222
sad	0.358	0.005	0.144	0.005	0.458	0.010	0.019
sad	0.066	0.033	0.086	0.001	0.652	0.004	0.158
sad	0.047	0.014	0.085	0.001	0.623	0.008	0.222
sad	0.053	0.001	0.109	0.003	0.486	0.056	0.292
sad	0.060	0.116	0.060	0.001	0.503	0.012	0.249
sad	0.044	0.015	0.079	0.002	0.520	0.022	0.317
sad	0.075	0.031	0.092	0.001	0.617	0.015	0.168
sad	0.079	0.042	0.085	0.002	0.551	0.022	0.218
sad	0.045	0.023	0.071	0.001	0.479	0.013	0.368
sad	0.080	0.004	0.054	0.002	0.575	0.023	0.263
sad	0.060	0.008	0.038	0.002	0.543	0.017	0.333
sad	0.057	0.114	0.033	0.001	0.666	0.006	0.122
sad	0.047	0.075	0.017	0.001	0.778	0.003	0.079
sad	0.057	0.041	0.018	0.002	0.663	0.004	0.215
sad	0.326	0.012	0.054	0.014	0.497	0.051	0.046
sad	0.051	0.014	0.017	0.002	0.641	0.004	0.270
sad	0.077	0.039	0.036	0.001	0.742	0.001	0.104
sad	0.037	0.005	0.015	0.002	0.856	0.000	0.084
sad	0.029	0.019	0.016	0.000	0.901	0.001	0.034
sad	0.063	0.020	0.016	0.001	0.835	0.001	0.064
sad	0.104	0.069	0.023	0.007	0.599	0.002	0.198
sad	0.064	0.061	0.025	0.003	0.667	0.003	0.178
sad	0.075	0.002	0.015	0.001	0.712	0.002	0.193
sad	0.095	0.002	0.012	0.001	0.646	0.004	0.239
sad	0.090	0.003	0.014	0.002	0.629	0.004	0.259
sad	0.089	0.015	0.018	0.002	0.744	0.002	0.129
sad	0.099	0.001	0.012	0.002	0.654	0.004	0.229
sad	0.056	0.002	0.016	0.001	0.868	0.000	0.057
sad	0.088	0.003	0.028	0.001	0.821	0.001	0.059
sad	0.076	0.001	0.023	0.000	0.696	0.001	0.202
sad	0.138	0.007	0.017	0.000	0.770	0.000	0.068
sad	0.184	0.012	0.017	0.001	0.697	0.001	0.088
sad	0.116	0.002	0.023	0.001	0.538	0.001	0.319
sad	0.126	0.001	0.023	0.001	0.481	0.002	0.366
neutral	0.098	0.000	0.012	0.005	0.278	0.004	0.603
sad	0.141	0.003	0.025	0.001	0.686	0.001	0.144
neutral	0.109	0.000	0.014	0.002	0.345	0.003	0.527
neutral	0.081	0.000	0.011	0.003	0.284	0.002	0.620
sad	0.123	0.003	0.020	0.002	0.743	0.000	0.109
sad	0.226	0.002	0.028	0.003	0.582	0.001	0.160
sad	0.261	0.004	0.029	0.003	0.592	0.000	0.112
neutral	0.052	0.000	0.005	0.004	0.177	0.001	0.761
neutral	0.081	0.000	0.007	0.002	0.203	0.001	0.706
neutral	0.076	0.000	0.009	0.003	0.279	0.002	0.632
sad	0.096	0.000	0.024	0.001	0.670	0.001	0.207
sad	0.139	0.001	0.017	0.001	0.747	0.001	0.093
sad	0.144	0.000	0.022	0.003	0.541	0.002	0.286
sad	0.150	0.000	0.020	0.003	0.500	0.002	0.325
sad	0.150	0.000	0.024	0.001	0.642	0.001	0.181
sad	0.197	0.001	0.017	0.004	0.492	0.002	0.288
sad	0.181	0.000	0.018	0.003	0.548	0.002	0.248
sad	0.062	0.000	0.041	0.000	0.866	0.000	0.030
sad	0.064	0.000	0.055	0.001	0.787	0.001	0.093
sad	0.058	0.000	0.034	0.003	0.665	0.001	0.239
sad	0.113	0.000	0.020	0.004	0.540	0.001	0.322
sad	0.186	0.001	0.027	0.001	0.629	0.001	0.155
neutral	0.116	0.000	0.020	0.005	0.320	0.001	0.538
sad	0.238	0.002	0.028	0.001	0.580	0.001	0.151
sad	0.136	0.001	0.024	0.003	0.501	0.001	0.334
neutral	0.100	0.000	0.015	0.005	0.332	0.001	0.547
neutral	0.155	0.000	0.010	0.008	0.241	0.001	0.585
neutral	0.165	0.000	0.014	0.006	0.295	0.001	0.519
sad	0.182	0.000	0.032	0.005	0.497	0.001	0.282
sad	0.209	0.001	0.029	0.001	0.656	0.001	0.104
sad	0.207	0.005	0.089	0.007	0.638	0.027	0.027
sad	0.185	0.000	0.031	0.003	0.493	0.001	0.287
neutral	0.178	0.000	0.012	0.007	0.266	0.001	0.537
sad	0.171	0.000	0.025	0.007	0.489	0.001	0.307
sad	0.161	0.001	0.046	0.002	0.581	0.001	0.210
neutral	0.259	0.000	0.010	0.013	0.296	0.001	0.421
neutral	0.159	0.000	0.015	0.009	0.322	0.001	0.493
sad	0.184	0.000	0.023	0.006	0.463	0.001	0.323
neutral	0.194	0.000	0.018	0.005	0.380	0.001	0.401
sad	0.155	0.000	0.029	0.004	0.499	0.001	0.312
neutral	0.182	0.000	0.008	0.009	0.342	0.001	0.458
sad	0.165	0.000	0.025	0.003	0.530	0.000	0.277
sad	0.233	0.007	0.101	0.010	0.574	0.046	0.028
sad	0.174	0.000	0.018	0.003	0.590	0.000	0.215
sad	0.127	0.000	0.021	0.003	0.442	0.001	0.406
sad	0.256	0.006	0.075	0.009	0.581	0.045	0.028
sad	0.203	0.001	0.028	0.002	0.495	0.001	0.271
sad	0.226	0.000	0.027	0.001	0.588	0.000	0.157
sad	0.121	0.001	0.023	0.002	0.622	0.001	0.231
neutral	0.084	0.000	0.010	0.002	0.315	0.001	0.587
neutral	0.064	0.000	0.014	0.002	0.456	0.001	0.463
sad	0.035	0.000	0.018	0.000	0.810	0.000	0.137
sad	0.041	0.000	0.023	0.000	0.814	0.000	0.121
sad	0.054	0.001	0.029	0.002	0.725	0.000	0.189
sad	0.085	0.001	0.020	0.001	0.745	0.000	0.148
sad	0.064	0.000	0.015	0.002	0.571	0.000	0.347
sad	0.120	0.002	0.031	0.001	0.711	0.000	0.135
sad	0.097	0.001	0.032	0.001	0.687	0.001	0.182
sad	0.111	0.001	0.024	0.001	0.656	0.000	0.207
sad	0.123	0.001	0.025	0.001	0.625	0.001	0.224
sad	0.066	0.000	0.016	0.003	0.586	0.000	0.328
sad	0.082	0.000	0.016	0.002	0.566	0.000	0.333
sad	0.077	0.000	0.014	0.002	0.518	0.000	0.388
sad	0.128	0.001	0.022	0.001	0.644	0.000	0.203
sad	0.060	0.000	0.013	0.002	0.483	0.000	0.443
sad	0.100	0.001	0.034	0.000	0.735	0.000	0.129
sad	0.119	0.002	0.026	0.001	0.694	0.000	0.158
sad	0.120	0.001	0.032	0.000	0.738	0.000	0.108
sad	0.095	0.000	0.019	0.002	0.489	0.001	0.393
sad	0.144	0.002	0.028	0.000	0.716	0.000	0.110
sad	0.097	0.001	0.018	0.001	0.635	0.000	0.247
sad	0.097	0.001	0.026	0.000	0.791	0.000	0.083
sad	0.056	0.000	0.014	0.002	0.477	0.001	0.450
sad	0.095	0.000	0.022	0.001	0.672	0.000	0.209
sad	0.114	0.000	0.026	0.001	0.654	0.001	0.203
sad	0.068	0.000	0.016	0.002	0.565	0.001	0.348
sad	0.340	0.007	0.084	0.002	0.540	0.012	0.016
sad	0.104	0.000	0.018	0.001	0.704	0.001	0.171
sad	0.152	0.001	0.019	0.002	0.671	0.001	0.155
sad	0.368	0.005	0.084	0.009	0.495	0.025	0.015
sad	0.176	0.001	0.020	0.001	0.672	0.001	0.128
sad	0.100	0.002	0.040	0.000	0.772	0.000	0.085
sad	0.085	0.001	0.036	0.001	0.636	0.000	0.241
sad	0.107	0.000	0.034	0.001	0.618	0.001	0.239
sad	0.124	0.001	0.030	0.001	0.691	0.001	0.154
sad	0.145	0.002	0.035	0.001	0.571	0.001	0.245
sad	0.146	0.001	0.036	0.001	0.670	0.001	0.145
sad	0.071	0.001	0.022	0.002	0.615	0.001	0.289
sad	0.152	0.001	0.026	0.001	0.658	0.001	0.160
sad	0.097	0.001	0.038	0.000	0.786	0.000	0.078
sad	0.136	0.002	0.029	0.000	0.708	0.001	0.124
sad	0.165	0.003	0.034	0.001	0.612	0.001	0.184
sad	0.093	0.001	0.032	0.000	0.803	0.000	0.070
sad	0.115	0.002	0.036	0.001	0.766	0.001	0.080
sad	0.105	0.002	0.036	0.001	0.770	0.001	0.085
sad	0.138	0.004	0.039	0.003	0.726	0.001	0.089
