prediction	angry	disgust	fear	happy	sad	surprise	neutral
fear	0.048	0.000	0.545	0.010	0.224	0.100	0.072
fear	0.193	0.000	0.416	0.044	0.149	0.104	0.095
fear	0.207	0.000	0.381	0.039	0.162	0.115	0.096
fear	0.162	0.000	0.427	0.043	0.181	0.098	0.088
fear	0.096	0.000	0.673	0.009	0.139	0.050	0.033
fear	0.071	0.000	0.449	0.003	0.340	0.097	0.041
angry	0.312	0.000	0.208	0.023	0.189	0.067	0.202
neutral	0.364	0.000	0.097	0.046	0.114	0.006	0.373
neutral	0.169	0.000	0.082	0.226	0.091	0.016	0.416
neutral	0.266	0.000	0.061	0.263	0.099	0.012	0.299
neutral	0.284	0.000	0.060	0.250	0.113	0.008	0.285
neutral	0.243	0.000	0.018	0.253	0.056	0.009	0.421
angry	0.310	0.000	0.032	0.291	0.068	0.010	0.289
neutral	0.269	0.000	0.148	0.118	0.104	0.047	0.314
angry	0.364	0.000	0.248	0.029	0.134	0.077	0.148
angry	0.283	0.000	0.237	0.062	0.134	0.104	0.180
angry	0.412	0.000	0.159	0.025	0.162	0.053	0.189
neutral	0.211	0.000	0.161	0.055	0.184	0.073	0.316
fear	0.209	0.000	0.347	0.020	0.205	0.109	0.110
angry	0.302	0.000	0.232	0.052	0.219	0.052	0.143
sad	0.208	0.000	0.270	0.016	0.315	0.060	0.132
fear	0.236	0.000	0.307	0.009	0.212	0.064	0.171
fear	0.186	0.000	0.306	0.037	0.209	0.066	0.196
angry	0.300	0.000	0.178	0.048	0.240	0.043	0.191
fear	0.197	0.000	0.424	0.015	0.188	0.084	0.092
fear	0.187	0.000	0.325	0.022	0.198	0.143	0.125
fear	0.157	0.000	0.287	0.052	0.211	0.117	0.177
fear	0.126	0.000	0.277	0.021	0.235	0.141	0.199
angry	0.332	0.000	0.173	0.063	0.125	0.060	0.247
angry	0.279	0.000	0.158	0.062	0.170	0.097	0.234
fear	0.184	0.000	0.328	0.027	0.201	0.124	0.136
angry	0.255	0.000	0.200	0.053	0.192	0.090	0.208
fear	0.194	0.000	0.245	0.046	0.197	0.106	0.210
angry	0.286	0.000	0.193	0.044	0.164	0.104	0.208
fear	0.214	0.000	0.319	0.028	0.185	0.108	0.146
fear	0.270	0.001	0.285	0.069	0.159	0.079	0.136
fear	0.179	0.000	0.288	0.051	0.201	0.074	0.207
fear	0.162	0.000	0.382	0.040	0.244	0.086	0.086
fear	0.253	0.000	0.261	0.053	0.185	0.126	0.121
fear	0.166	0.000	0.283	0.032	0.156	0.121	0.242
angry	0.436	0.000	0.161	0.125	0.096	0.042	0.139
neutral	0.196	0.001	0.010	0.326	0.075	0.030	0.364
neutral	0.120	0.000	0.003	0.368	0.030	0.002	0.475
neutral	0.122	0.000	0.005	0.330	0.054	0.002	0.488
neutral	0.099	0.000	0.002	0.204	0.065	0.004	0.625
neutral	0.064	0.000	0.003	0.138	0.038	0.004	0.753
neutral	0.065	0.000	0.002	0.305	0.020	0.003	0.605
neutral	0.103	0.000	0.001	0.162	0.032	0.002	0.699
neutral	0.085	0.000	0.002	0.119	0.023	0.002	0.769
neutral	0.052	0.000	0.004	0.138	0.051	0.005	0.749
neutral	0.057	0.000	0.003	0.208	0.039	0.009	0.684
happy	0.047	0.000	0.006	0.483	0.055	0.018	0.391
neutral	0.038	0.000	0.002	0.206	0.052	0.004	0.698
neutral	0.048	0.000	0.004	0.119	0.057	0.007	0.765
neutral	0.046	0.000	0.002	0.182	0.059	0.004	0.706
neutral	0.055	0.000	0.001	0.069	0.038	0.002	0.835
neutral	0.032	0.000	0.002	0.043	0.045	0.004	0.874
neutral	0.080	0.001	0.003	0.099	0.069	0.005	0.743
neutral	0.039	0.000	0.002	0.071	0.038	0.003	0.847
neutral	0.066	0.000	0.002	0.112	0.038	0.003	0.779
neutral	0.048	0.000	0.002	0.288	0.033	0.004	0.624
neutral	0.065	0.000	0.002	0.139	0.046	0.004	0.744
neutral	0.043	0.000	0.002	0.362	0.036	0.007	0.549
neutral	0.050	0.000	0.002	0.161	0.037	0.003	0.748
neutral	0.068	0.000	0.003	0.270	0.059	0.006	0.594
neutral	0.048	0.000	0.002	0.220	0.048	0.007	0.675
neutral	0.035	0.000	0.002	0.160	0.036	0.003	0.764
neutral	0.051	0.000	0.003	0.172	0.064	0.004	0.706
neutral	0.066	0.000	0.004	0.105	0.109	0.003	0.713
neutral	0.059	0.000	0.002	0.031	0.056	0.001	0.851
neutral	0.125	0.001	0.029	0.052	0.114	0.027	0.652
neutral	0.250	0.001	0.040	0.074	0.222	0.115	0.299
neutral	0.217	0.001	0.031	0.112	0.203	0.064	0.372
neutral	0.094	0.000	0.026	0.082	0.157	0.079	0.562
neutral	0.117	0.000	0.038	0.116	0.143	0.094	0.492
neutral	0.126	0.000	0.030	0.095	0.147	0.125	0.477
neutral	0.045	0.000	0.011	0.008	0.131	0.001	0.804
surprise	0.139	0.001	0.086	0.105	0.217	0.290	0.162
neutral	0.184	0.000	0.047	0.200	0.125	0.059	0.385
happy	0.114	0.000	0.042	0.339	0.143	0.077	0.285
happy	0.080	0.000	0.037	0.609	0.092	0.031	0.152
happy	0.108	0.000	0.020	0.496	0.114	0.018	0.244
neutral	0.032	0.000	0.006	0.216	0.093	0.005	0.648
happy	0.139	0.000	0.009	0.398	0.099	0.010	0.344
neutral	0.074	0.000	0.005	0.209	0.124	0.005	0.583
happy	0.043	0.000	0.007	0.512	0.070	0.004	0.363
happy	0.057	0.000	0.006	0.539	0.053	0.010	0.334
happy	0.045	0.000	0.002	0.654	0.019	0.002	0.278
happy	0.028	0.000	0.001	0.542	0.020	0.001	0.407
neutral	0.093	0.000	0.009	0.254	0.119	0.011	0.513
neutral	0.090	0.001	0.008	0.356	0.047	0.010	0.489
angry	0.412	0.001	0.037	0.094	0.163	0.056	0.237
neutral	0.060	0.000	0.004	0.046	0.112	0.001	0.777
neutral	0.189	0.001	0.010	0.308	0.095	0.021	0.377
happy	0.056	0.000	0.003	0.441	0.063	0.008	0.428
neutral	0.087	0.000	0.004	0.251	0.098	0.003	0.557
neutral	0.156	0.000	0.004	0.120	0.093	0.004	0.623
neutral	0.111	0.000	0.004	0.180	0.063	0.002	0.641
happy	0.059	0.000	0.001	0.701	0.014	0.008	0.217
happy	0.264	0.000	0.004	0.606	0.032	0.011	0.082
happy	0.086	0.000	0.002	0.797	0.018	0.004	0.093
happy	0.101	0.000	0.001	0.762	0.010	0.004	0.121
happy	0.146	0.000	0.005	0.539	0.044	0.006	0.260
happy	0.137	0.000	0.003	0.743	0.019	0.002	0.096
happy	0.198	0.000	0.002	0.631	0.017	0.003	0.149
happy	0.200	0.000	0.004	0.623	0.022	0.004	0.147
happy	0.121	0.000	0.001	0.695	0.025	0.001	0.157
happy	0.073	0.000	0.001	0.698	0.031	0.001	0.195
happy	0.195	0.001	0.007	0.431	0.072	0.012	0.283
angry	0.356	0.000	0.014	0.262	0.100	0.017	0.249
happy	0.088	0.000	0.006	0.509	0.045	0.004	0.348
happy	0.047	0.000	0.002	0.542	0.041	0.000	0.367
happy	0.090	0.000	0.009	0.754	0.051	0.005	0.091
angry	0.487	0.001	0.019	0.292	0.083	0.014	0.103
happy	0.088	0.000	0.006	0.747	0.029	0.005	0.123
happy	0.133	0.000	0.008	0.615	0.057	0.015	0.172
happy	0.092	0.000	0.005	0.702	0.059	0.010	0.131
neutral	0.094	0.002	0.004	0.340	0.078	0.011	0.472
happy	0.087	0.001	0.005	0.412	0.085	0.013	0.398
happy	0.202	0.000	0.008	0.599	0.050	0.014	0.126
happy	0.175	0.001	0.009	0.510	0.073	0.028	0.206
happy	0.262	0.001	0.025	0.525	0.075	0.055	0.058
happy	0.032	0.000	0.002	0.895	0.009	0.006	0.057
happy	0.001	0.000	0.000	0.990	0.000	0.000	0.008
happy	0.001	0.000	0.000	0.993	0.000	0.000	0.005
happy	0.000	0.000	0.000	0.989	0.000	0.000	0.010
happy	0.004	0.000	0.000	0.990	0.000	0.001	0.005
happy	0.034	0.001	0.001	0.936	0.003	0.002	0.023
happy	0.191	0.003	0.010	0.539	0.028	0.008	0.221
neutral	0.280	0.006	0.009	0.227	0.065	0.006	0.406
angry	0.363	0.005	0.023	0.204	0.074	0.031	0.300
angry	0.484	0.008	0.027	0.036	0.099	0.061	0.285
happy	0.175	0.005	0.005	0.646	0.026	0.005	0.138
happy	0.077	0.001	0.003	0.560	0.023	0.003	0.332
neutral	0.062	0.001	0.003	0.339	0.043	0.006	0.546
happy	0.018	0.000	0.001	0.630	0.018	0.001	0.331
neutral	0.033	0.000	0.003	0.401	0.038	0.002	0.523
happy	0.268	0.000	0.007	0.505	0.034	0.002	0.184
happy	0.146	0.001	0.021	0.481	0.097	0.003	0.251
happy	0.140	0.000	0.021	0.529	0.058	0.002	0.250
happy	0.124	0.000	0.016	0.604	0.038	0.001	0.216
happy	0.114	0.000	0.017	0.580	0.046	0.001	0.242
happy	0.101	0.000	0.022	0.655	0.039	0.003	0.180
happy	0.117	0.000	0.021	0.564	0.079	0.002	0.217
happy	0.218	0.001	0.017	0.448	0.060	0.001	0.255
happy	0.138	0.000	0.003	0.594	0.036	0.001	0.227
happy	0.119	0.000	0.002	0.599	0.035	0.002	0.243
happy	0.067	0.000	0.001	0.456	0.038	0.000	0.438
happy	0.053	0.000	0.002	0.568	0.044	0.002	0.331
happy	0.071	0.000	0.002	0.591	0.044	0.001	0.291
neutral	0.087	0.000	0.002	0.362	0.047	0.002	0.500
happy	0.028	0.000	0.002	0.550	0.018	0.001	0.401
happy	0.015	0.000	0.002	0.696	0.014	0.001	0.272
neutral	0.046	0.000	0.003	0.464	0.013	0.002	0.473
happy	0.048	0.000	0.003	0.514	0.017	0.002	0.416
happy	0.049	0.000	0.004	0.490	0.032	0.002	0.424
happy	0.033	0.000	0.003	0.533	0.017	0.001	0.413
happy	0.020	0.000	0.002	0.709	0.009	0.003	0.258
happy	0.033	0.000	0.002	0.536	0.014	0.002	0.412
neutral	0.062	0.000	0.002	0.409	0.022	0.004	0.501
happy	0.017	0.000	0.002	0.706	0.011	0.000	0.263
happy	0.038	0.000	0.002	0.731	0.012	0.001	0.216
happy	0.035	0.000	0.003	0.641	0.020	0.001	0.301
happy	0.043	0.000	0.003	0.722	0.018	0.001	0.214
happy	0.032	0.000	0.001	0.668	0.009	0.000	0.290
happy	0.032	0.000	0.001	0.710	0.011	0.001	0.246
happy	0.020	0.000	0.001	0.766	0.009	0.001	0.204
happy	0.040	0.000	0.002	0.665	0.023	0.001	0.268
happy	0.049	0.000	0.002	0.693	0.022	0.001	0.233
happy	0.030	0.000	0.001	0.718	0.015	0.001	0.235
happy	0.026	0.000	0.002	0.603	0.023	0.001	0.345
happy	0.034	0.000	0.001	0.507	0.019	0.001	0.437
happy	0.025	0.000	0.001	0.622	0.010	0.001	0.340
happy	0.024	0.000	0.001	0.638	0.015	0.001	0.322
happy	0.036	0.000	0.002	0.519	0.033	0.001	0.410
happy	0.016	0.000	0.000	0.588	0.011	0.000	0.384
happy	0.030	0.000	0.000	0.681	0.009	0.001	0.279
happy	0.015	0.000	0.000	0.709	0.007	0.000	0.268
happy	0.035	0.000	0.001	0.523	0.022	0.001	0.418
happy	0.021	0.000	0.002	0.542	0.027	0.001	0.406
happy	0.034	0.000	0.001	0.482	0.015	0.001	0.467
neutral	0.022	0.000	0.000	0.408	0.011	0.001	0.558
neutral	0.048	0.000	0.001	0.395	0.019	0.001	0.535
happy	0.037	0.000	0.000	0.510	0.019	0.001	0.432
neutral	0.032	0.000	0.001	0.226	0.025	0.000	0.715
neutral	0.077	0.000	0.001	0.272	0.051	0.001	0.598
neutral	0.062	0.001	0.021	0.251	0.047	0.003	0.614
neutral	0.142	0.001	0.056	0.115	0.110	0.003	0.574
neutral	0.121	0.000	0.052	0.197	0.292	0.001	0.337
neutral	0.105	0.001	0.045	0.175	0.123	0.002	0.548
angry	0.399	0.005	0.094	0.111	0.134	0.001	0.255
angry	0.427	0.006	0.101	0.049	0.236	0.002	0.179
angry	0.437	0.001	0.099	0.267	0.089	0.006	0.101
happy	0.320	0.002	0.071	0.360	0.135	0.004	0.107
angry	0.427	0.001	0.029	0.341	0.071	0.002	0.130
angry	0.657	0.001	0.052	0.112	0.111	0.003	0.063
angry	0.376	0.001	0.043	0.253	0.148	0.002	0.177
happy	0.403	0.000	0.022	0.420	0.047	0.003	0.104
angry	0.419	0.000	0.031	0.397	0.043	0.002	0.107
angry	0.648	0.000	0.039	0.208	0.041	0.003	0.060
angry	0.487	0.000	0.023	0.366	0.041	0.002	0.080
angry	0.476	0.000	0.025	0.392	0.025	0.002	0.080
angry	0.432	0.000	0.024	0.332	0.055	0.003	0.153
happy	0.427	0.000	0.024	0.440	0.031	0.002	0.076
angry	0.681	0.001	0.025	0.145	0.056	0.001	0.091
angry	0.637	0.000	0.023	0.268	0.021	0.002	0.049
angry	0.523	0.000	0.017	0.262	0.049	0.002	0.147
angry	0.556	0.000	0.030	0.247	0.076	0.001	0.090
angry	0.634	0.000	0.056	0.140	0.070	0.002	0.098
angry	0.493	0.000	0.039	0.359	0.036	0.002	0.071
angry	0.485	0.001	0.033	0.390	0.041	0.003	0.047
angry	0.488	0.000	0.024	0.268	0.046	0.002	0.172
angry	0.403	0.000	0.034	0.353	0.069	0.002	0.138
angry	0.571	0.000	0.019	0.261	0.041	0.002	0.107
angry	0.622	0.000	0.028	0.189	0.068	0.002	0.091
angry	0.623	0.000	0.024	0.174	0.061	0.001	0.116
angry	0.584	0.000	0.029	0.268	0.057	0.001	0.060
angry	0.521	0.000	0.032	0.265	0.075	0.002	0.105
angry	0.475	0.000	0.028	0.215	0.102	0.001	0.179
angry	0.457	0.000	0.026	0.306	0.065	0.002	0.144
angry	0.531	0.001	0.031	0.213	0.058	0.002	0.165
angry	0.450	0.001	0.033	0.206	0.099	0.002	0.211
angry	0.460	0.000	0.037	0.287	0.082	0.001	0.132
angry	0.664	0.002	0.026	0.128	0.083	0.001	0.095
angry	0.527	0.002	0.044	0.228	0.084	0.002	0.113
angry	0.527	0.001	0.021	0.215	0.053	0.001	0.182
angry	0.669	0.001	0.032	0.160	0.058	0.001	0.079
angry	0.534	0.001	0.042	0.269	0.058	0.003	0.094
angry	0.630	0.001	0.028	0.199	0.037	0.002	0.103
angry	0.504	0.001	0.022	0.252	0.071	0.001	0.148
angry	0.568	0.000	0.038	0.274	0.060	0.001	0.058
angry	0.569	0.000	0.040	0.204	0.084	0.002	0.101
angry	0.627	0.000	0.022	0.263	0.041	0.001	0.045
angry	0.818	0.000	0.019	0.089	0.023	0.001	0.050
angry	0.740	0.002	0.029	0.064	0.070	0.001	0.095
angry	0.651	0.001	0.026	0.084	0.064	0.002	0.171
happy	0.207	0.004	0.010	0.411	0.041	0.002	0.325
neutral	0.247	0.005	0.011	0.296	0.055	0.004	0.383
neutral	0.326	0.003	0.007	0.184	0.110	0.004	0.366
neutral	0.130	0.000	0.018	0.198	0.111	0.002	0.541
happy	0.215	0.001	0.025	0.593	0.062	0.008	0.097
happy	0.323	0.001	0.056	0.325	0.124	0.012	0.158
angry	0.358	0.003	0.018	0.323	0.092	0.003	0.203
happy	0.273	0.001	0.033	0.298	0.155	0.005	0.235
happy	0.175	0.001	0.011	0.367	0.152	0.006	0.288
happy	0.134	0.001	0.026	0.474	0.177	0.007	0.181
happy	0.222	0.000	0.023	0.324	0.110	0.009	0.312
happy	0.116	0.000	0.018	0.408	0.133	0.010	0.316
happy	0.114	0.001	0.033	0.456	0.202	0.009	0.184
neutral	0.130	0.000	0.027	0.283	0.128	0.008	0.425
happy	0.153	0.001	0.019	0.340	0.139	0.015	0.334
happy	0.146	0.000	0.011	0.421	0.050	0.009	0.363
happy	0.082	0.001	0.054	0.358	0.252	0.013	0.240
happy	0.101	0.001	0.028	0.411	0.147	0.009	0.303
neutral	0.147	0.000	0.020	0.289	0.098	0.008	0.438
happy	0.131	0.001	0.035	0.365	0.179	0.014	0.274
neutral	0.072	0.001	0.034	0.209	0.249	0.006	0.429
neutral	0.095	0.001	0.030	0.205	0.201	0.008	0.460
neutral	0.061	0.001	0.022	0.306	0.219	0.006	0.385
neutral	0.284	0.000	0.010	0.091	0.285	0.002	0.328
neutral	0.060	0.000	0.017	0.164	0.222	0.003	0.534
neutral	0.081	0.002	0.021	0.132	0.230	0.004	0.530
neutral	0.285	0.000	0.007	0.080	0.206	0.001	0.420
neutral	0.184	0.000	0.012	0.112	0.240	0.002	0.449
angry	0.360	0.000	0.011	0.116	0.242	0.003	0.268
angry	0.339	0.000	0.012	0.128	0.225	0.003	0.293
neutral	0.273	0.000	0.007	0.075	0.226	0.001	0.418
angry	0.331	0.000	0.011	0.080	0.269	0.002	0.307
neutral	0.314	0.000	0.012	0.082	0.238	0.002	0.350
neutral	0.132	0.000	0.018	0.144	0.186	0.004	0.516
neutral	0.123	0.001	0.025	0.130	0.257	0.003	0.461
neutral	0.142	0.001	0.032	0.102	0.352	0.004	0.366
neutral	0.239	0.000	0.016	0.089	0.248	0.003	0.404
neutral	0.216	0.000	0.010	0.075	0.278	0.002	0.419
neutral	0.253	0.001	0.016	0.114	0.274	0.002	0.341
neutral	0.260	0.001	0.016	0.108	0.234	0.003	0.379
neutral	0.236	0.001	0.021	0.082	0.305	0.003	0.352
neutral	0.226	0.001	0.014	0.110	0.251	0.002	0.395
neutral	0.238	0.001	0.014	0.083	0.299	0.003	0.361
neutral	0.208	0.002	0.027	0.065	0.289	0.003	0.407
neutral	0.174	0.001	0.015	0.055	0.355	0.002	0.398
neutral	0.189	0.001	0.020	0.063	0.336	0.002	0.390
neutral	0.166	0.001	0.019	0.086	0.271	0.003	0.454
sad	0.273	0.002	0.025	0.050	0.376	0.003	0.270
neutral	0.221	0.001	0.024	0.068	0.302	0.003	0.381
neutral	0.218	0.001	0.032	0.066	0.271	0.005	0.407
neutral	0.189	0.001	0.021	0.057	0.301	0.002	0.430
neutral	0.148	0.001	0.028	0.072	0.236	0.003	0.513
neutral	0.144	0.001	0.022	0.088	0.272	0.002	0.471
neutral	0.188	0.001	0.046	0.139	0.184	0.006	0.437
neutral	0.117	0.000	0.074	0.154	0.230	0.007	0.417
neutral	0.139	0.000	0.053	0.266	0.132	0.018	0.392
neutral	0.148	0.000	0.031	0.300	0.115	0.012	0.394
neutral	0.075	0.000	0.038	0.337	0.144	0.010	0.396
neutral	0.141	0.000	0.072	0.239	0.119	0.019	0.411
neutral	0.149	0.001	0.072	0.174	0.216	0.009	0.379
neutral	0.261	0.002	0.044	0.081	0.255	0.009	0.348
sad	0.125	0.001	0.030	0.079	0.386	0.004	0.375
sad	0.219	0.004	0.050	0.065	0.341	0.007	0.314
sad	0.220	0.003	0.075	0.134	0.303	0.007	0.258
neutral	0.161	0.002	0.065	0.183	0.219	0.006	0.364
sad	0.211	0.002	0.050	0.099	0.328	0.005	0.306
neutral	0.268	0.002	0.043	0.060	0.303	0.006	0.318
neutral	0.208	0.004	0.050	0.162	0.235	0.008	0.333
neutral	0.151	0.001	0.048	0.125	0.287	0.006	0.382
neutral	0.130	0.000	0.042	0.140	0.292	0.005	0.389
neutral	0.209	0.001	0.031	0.097	0.326	0.004	0.333
neutral	0.190	0.002	0.059	0.140	0.263	0.006	0.342
neutral	0.150	0.000	0.045	0.272	0.170	0.009	0.353
angry	0.358	0.001	0.023	0.098	0.210	0.003	0.307
neutral	0.057	0.000	0.005	0.136	0.113	0.002	0.687
neutral	0.077	0.001	0.005	0.162	0.031	0.004	0.721
neutral	0.100	0.000	0.003	0.082	0.048	0.001	0.766
neutral	0.126	0.001	0.003	0.011	0.084	0.000	0.774
neutral	0.048	0.000	0.003	0.019	0.040	0.001	0.889
neutral	0.091	0.000	0.004	0.012	0.033	0.001	0.860
neutral	0.078	0.000	0.004	0.012	0.059	0.001	0.846
neutral	0.133	0.003	0.008	0.023	0.142	0.003	0.687
neutral	0.061	0.000	0.003	0.033	0.050	0.001	0.852
neutral	0.104	0.002	0.004	0.038	0.065	0.001	0.787
neutral	0.120	0.002	0.003	0.035	0.065	0.001	0.773
neutral	0.093	0.000	0.005	0.033	0.071	0.002	0.796
