prediction	angry	disgust	fear	happy	sad	surprise	neutral
neutral	0.038	0.000	0.005	0.211	0.240	0.001	0.504
neutral	0.115	0.000	0.002	0.260	0.090	0.001	0.532
neutral	0.018	0.000	0.000	0.286	0.044	0.000	0.652
neutral	0.036	0.000	0.000	0.165	0.070	0.000	0.729
neutral	0.059	0.000	0.001	0.300	0.099	0.001	0.540
neutral	0.074	0.000	0.001	0.194	0.074	0.000	0.657
neutral	0.040	0.000	0.001	0.264	0.083	0.000	0.612
neutral	0.040	0.000	0.001	0.237	0.069	0.000	0.652
neutral	0.081	0.000	0.002	0.207	0.122	0.001	0.588
neutral	0.031	0.000	0.001	0.241	0.079	0.000	0.649
neutral	0.036	0.000	0.001	0.236	0.068	0.000	0.659
neutral	0.056	0.000	0.001	0.246	0.125	0.001	0.571
neutral	0.102	0.000	0.005	0.163	0.183	0.001	0.546
neutral	0.079	0.000	0.003	0.189	0.187	0.001	0.541
neutral	0.046	0.000	0.001	0.294	0.078	0.000	0.581
neutral	0.042	0.000	0.002	0.244	0.127	0.001	0.585
neutral	0.052	0.000	0.002	0.248	0.135	0.001	0.563
neutral	0.018	0.000	0.001	0.325	0.079	0.000	0.576
neutral	0.078	0.000	0.002	0.228	0.120	0.001	0.571
neutral	0.034	0.000	0.001	0.306	0.105	0.001	0.554
neutral	0.103	0.000	0.004	0.218	0.158	0.001	0.517
neutral	0.025	0.000	0.001	0.259	0.104	0.001	0.610
neutral	0.018	0.000	0.001	0.358	0.078	0.000	0.545
neutral	0.054	0.000	0.003	0.235	0.151	0.001	0.556
neutral	0.077	0.000	0.002	0.219	0.145	0.001	0.555
neutral	0.021	0.000	0.001	0.240	0.076	0.000	0.662
neutral	0.032	0.000	0.001	0.326	0.103	0.001	0.538
neutral	0.054	0.000	0.001	0.304	0.091	0.000	0.550
neutral	0.077	0.000	0.002	0.235	0.103	0.001	0.582
neutral	0.064	0.000	0.002	0.297	0.078	0.001	0.559
neutral	0.059	0.000	0.001	0.183	0.112	0.001	0.643
neutral	0.042	0.000	0.001	0.171	0.087	0.000	0.700
neutral	0.092	0.000	0.002	0.090	0.111	0.001	0.705
neutral	0.155	0.000	0.002	0.139	0.115	0.001	0.589
sad	0.126	0.001	0.087	0.018	0.651	0.008	0.110
neutral	0.029	0.000	0.000	0.261	0.054	0.000	0.656
sad	0.133	0.001	0.170	0.018	0.578	0.012	0.088
neutral	0.046	0.000	0.001	0.262	0.084	0.000	0.608
neutral	0.029	0.000	0.002	0.253	0.146	0.001	0.570
neutral	0.030	0.000	0.001	0.241	0.082	0.000	0.646
happy	0.035	0.000	0.058	0.623	0.145	0.003	0.135
neutral	0.027	0.000	0.007	0.175	0.174	0.001	0.616
happy	0.090	0.001	0.090	0.489	0.211	0.003	0.117
neutral	0.038	0.000	0.004	0.184	0.134	0.001	0.640
happy	0.066	0.000	0.076	0.624	0.124	0.001	0.108
neutral	0.029	0.000	0.003	0.133	0.111	0.000	0.723
happy	0.070	0.001	0.096	0.627	0.102	0.003	0.101
neutral	0.048	0.000	0.002	0.177	0.118	0.001	0.654
sad	0.205	0.002	0.158	0.028	0.464	0.016	0.126
neutral	0.034	0.000	0.001	0.266	0.087	0.001	0.611
happy	0.099	0.001	0.066	0.370	0.235	0.001	0.226
neutral	0.025	0.000	0.001	0.263	0.070	0.001	0.640
happy	0.106	0.002	0.066	0.344	0.198	0.002	0.282
neutral	0.017	0.000	0.001	0.134	0.072	0.000	0.775
neutral	0.014	0.000	0.001	0.073	0.101	0.000	0.810
neutral	0.013	0.000	0.001	0.077	0.094	0.000	0.815
neutral	0.037	0.000	0.002	0.121	0.144	0.001	0.695
neutral	0.015	0.000	0.001	0.095	0.081	0.000	0.808
sad	0.192	0.004	0.117	0.036	0.442	0.018	0.193
neutral	0.015	0.000	0.001	0.112	0.093	0.000	0.778
sad	0.240	0.003	0.157	0.036	0.407	0.019	0.138
neutral	0.018	0.000	0.001	0.040	0.106	0.000	0.835
sad	0.177	0.002	0.126	0.031	0.504	0.017	0.143
neutral	0.014	0.000	0.001	0.118	0.077	0.001	0.789
sad	0.211	0.003	0.159	0.043	0.450	0.020	0.114
neutral	0.020	0.000	0.003	0.173	0.097	0.001	0.706
neutral	0.025	0.000	0.001	0.107	0.083	0.000	0.784
neutral	0.045	0.000	0.001	0.153	0.114	0.000	0.687
sad	0.207	0.004	0.157	0.084	0.394	0.029	0.126
neutral	0.025	0.000	0.001	0.121	0.119	0.000	0.733
neutral	0.026	0.000	0.001	0.144	0.121	0.000	0.708
sad	0.165	0.003	0.191	0.038	0.475	0.016	0.113
neutral	0.017	0.000	0.002	0.181	0.119	0.001	0.679
sad	0.189	0.002	0.172	0.034	0.473	0.014	0.117
neutral	0.031	0.000	0.001	0.149	0.116	0.000	0.702
neutral	0.022	0.000	0.001	0.085	0.098	0.000	0.795
neutral	0.040	0.000	0.001	0.132	0.122	0.000	0.705
neutral	0.018	0.000	0.001	0.098	0.092	0.000	0.791
neutral	0.020	0.000	0.001	0.100	0.095	0.000	0.784
neutral	0.044	0.000	0.001	0.119	0.137	0.000	0.698
neutral	0.036	0.000	0.002	0.096	0.147	0.000	0.718
neutral	0.034	0.000	0.001	0.132	0.085	0.000	0.748
neutral	0.055	0.000	0.001	0.102	0.082	0.000	0.760
neutral	0.089	0.000	0.119	0.112	0.288	0.001	0.390
neutral	0.043	0.000	0.001	0.109	0.083	0.000	0.764
neutral	0.029	0.000	0.002	0.158	0.134	0.001	0.676
neutral	0.032	0.000	0.001	0.168	0.083	0.000	0.716
neutral	0.049	0.000	0.001	0.116	0.117	0.000	0.716
neutral	0.110	0.000	0.106	0.186	0.234	0.002	0.361
neutral	0.043	0.000	0.001	0.136	0.124	0.000	0.695
neutral	0.030	0.000	0.001	0.118	0.094	0.000	0.756
neutral	0.037	0.000	0.002	0.143	0.126	0.000	0.691
neutral	0.134	0.000	0.055	0.211	0.257	0.001	0.342
neutral	0.029	0.000	0.003	0.286	0.107	0.001	0.575
neutral	0.150	0.000	0.085	0.132	0.300	0.001	0.332
neutral	0.040	0.000	0.002	0.170	0.153	0.001	0.634
sad	0.130	0.000	0.089	0.095	0.358	0.001	0.326
neutral	0.060	0.000	0.001	0.105	0.098	0.000	0.736
sad	0.111	0.000	0.097	0.160	0.334	0.001	0.296
neutral	0.029	0.000	0.001	0.080	0.107	0.000	0.782
sad	0.092	0.000	0.160	0.104	0.370	0.001	0.273
neutral	0.038	0.000	0.003	0.226	0.135	0.001	0.596
sad	0.174	0.001	0.188	0.061	0.445	0.024	0.107
neutral	0.058	0.000	0.001	0.132	0.124	0.000	0.685
neutral	0.054	0.000	0.002	0.129	0.184	0.000	0.632
neutral	0.072	0.000	0.059	0.240	0.277	0.000	0.351
sad	0.210	0.002	0.175	0.083	0.434	0.016	0.078
neutral	0.035	0.000	0.001	0.167	0.093	0.000	0.703
sad	0.086	0.000	0.066	0.150	0.381	0.000	0.315
neutral	0.050	0.000	0.002	0.141	0.177	0.000	0.631
neutral	0.045	0.000	0.001	0.155	0.109	0.000	0.690
sad	0.098	0.000	0.122	0.090	0.361	0.001	0.328
sad	0.160	0.001	0.149	0.058	0.503	0.014	0.115
neutral	0.026	0.000	0.001	0.189	0.086	0.000	0.698
neutral	0.099	0.000	0.073	0.208	0.290	0.001	0.331
neutral	0.046	0.000	0.001	0.168	0.133	0.000	0.652
neutral	0.103	0.000	0.074	0.171	0.317	0.001	0.334
sad	0.173	0.001	0.150	0.052	0.507	0.016	0.101
neutral	0.020	0.000	0.000	0.054	0.050	0.000	0.875
sad	0.061	0.000	0.181	0.049	0.440	0.001	0.268
neutral	0.029	0.000	0.001	0.184	0.068	0.000	0.719
sad	0.081	0.000	0.149	0.054	0.372	0.001	0.343
neutral	0.015	0.000	0.001	0.060	0.069	0.000	0.856
sad	0.084	0.000	0.119	0.054	0.443	0.001	0.300
neutral	0.017	0.000	0.002	0.180	0.073	0.000	0.728
sad	0.102	0.001	0.144	0.084	0.507	0.014	0.148
sad	0.080	0.000	0.184	0.029	0.415	0.001	0.290
sad	0.089	0.000	0.163	0.046	0.375	0.001	0.327
sad	0.103	0.000	0.227	0.040	0.406	0.001	0.222
sad	0.094	0.000	0.203	0.039	0.409	0.001	0.253
sad	0.147	0.001	0.171	0.060	0.492	0.013	0.117
sad	0.103	0.000	0.224	0.051	0.392	0.001	0.229
sad	0.126	0.000	0.160	0.034	0.396	0.001	0.282
sad	0.140	0.001	0.159	0.074	0.515	0.019	0.093
neutral	0.025	0.000	0.002	0.112	0.103	0.001	0.757
sad	0.101	0.000	0.130	0.032	0.372	0.001	0.365
neutral	0.028	0.000	0.003	0.068	0.201	0.001	0.699
sad	0.110	0.000	0.155	0.027	0.454	0.001	0.253
sad	0.189	0.001	0.130	0.083	0.453	0.015	0.129
neutral	0.023	0.000	0.002	0.203	0.098	0.001	0.673
sad	0.116	0.000	0.159	0.032	0.399	0.001	0.293
neutral	0.016	0.000	0.001	0.074	0.101	0.000	0.808
sad	0.098	0.000	0.160	0.023	0.379	0.001	0.339
sad	0.168	0.001	0.169	0.068	0.472	0.022	0.100
neutral	0.022	0.000	0.001	0.121	0.070	0.000	0.786
sad	0.127	0.000	0.219	0.032	0.389	0.001	0.232
sad	0.202	0.001	0.166	0.073	0.446	0.018	0.094
neutral	0.032	0.000	0.001	0.128	0.075	0.000	0.764
sad	0.102	0.000	0.202	0.030	0.353	0.001	0.311
neutral	0.034	0.000	0.001	0.135	0.065	0.000	0.764
sad	0.115	0.000	0.217	0.042	0.392	0.001	0.232
sad	0.150	0.001	0.155	0.136	0.423	0.022	0.113
sad	0.109	0.000	0.210	0.024	0.406	0.001	0.251
neutral	0.029	0.000	0.002	0.087	0.116	0.001	0.766
sad	0.100	0.000	0.216	0.035	0.344	0.001	0.304
neutral	0.040	0.000	0.001	0.137	0.069	0.000	0.753
sad	0.104	0.000	0.127	0.033	0.450	0.001	0.285
sad	0.140	0.000	0.143	0.029	0.370	0.001	0.317
neutral	0.023	0.000	0.001	0.306	0.079	0.001	0.591
neutral	0.026	0.000	0.001	0.124	0.134	0.000	0.714
neutral	0.034	0.000	0.001	0.135	0.075	0.002	0.753
happy	0.039	0.000	0.002	0.598	0.069	0.003	0.289
sad	0.173	0.001	0.189	0.015	0.488	0.002	0.132
sad	0.146	0.000	0.234	0.009	0.556	0.002	0.053
sad	0.177	0.000	0.206	0.017	0.477	0.003	0.120
sad	0.167	0.000	0.302	0.011	0.432	0.002	0.087
neutral	0.034	0.000	0.002	0.429	0.092	0.007	0.436
sad	0.241	0.000	0.243	0.010	0.413	0.004	0.089
happy	0.022	0.000	0.003	0.455	0.074	0.007	0.438
sad	0.146	0.000	0.237	0.012	0.503	0.003	0.098
neutral	0.050	0.000	0.003	0.321	0.092	0.004	0.530
happy	0.026	0.000	0.001	0.615	0.043	0.002	0.313
happy	0.046	0.000	0.003	0.514	0.048	0.009	0.380
happy	0.025	0.000	0.002	0.635	0.051	0.007	0.280
happy	0.022	0.000	0.002	0.565	0.050	0.004	0.357
happy	0.017	0.000	0.001	0.513	0.040	0.007	0.422
sad	0.139	0.000	0.196	0.015	0.513	0.004	0.133
neutral	0.060	0.000	0.003	0.268	0.087	0.011	0.572
neutral	0.023	0.000	0.003	0.191	0.083	0.007	0.692
neutral	0.023	0.000	0.001	0.069	0.028	0.002	0.877
sad	0.099	0.002	0.142	0.010	0.611	0.001	0.134
sad	0.121	0.000	0.169	0.020	0.510	0.002	0.178
neutral	0.017	0.000	0.002	0.076	0.130	0.004	0.772
sad	0.127	0.002	0.166	0.019	0.561	0.001	0.124
neutral	0.011	0.000	0.003	0.023	0.107	0.004	0.852
sad	0.106	0.001	0.136	0.017	0.534	0.001	0.204
neutral	0.009	0.000	0.002	0.032	0.072	0.005	0.880
neutral	0.018	0.000	0.001	0.032	0.055	0.001	0.892
neutral	0.012	0.000	0.001	0.038	0.045	0.002	0.902
neutral	0.028	0.000	0.001	0.073	0.063	0.001	0.835
neutral	0.034	0.000	0.001	0.136	0.055	0.003	0.771
happy	0.030	0.000	0.004	0.509	0.071	0.009	0.378
sad	0.201	0.001	0.118	0.025	0.498	0.006	0.151
happy	0.048	0.000	0.003	0.431	0.101	0.018	0.400
sad	0.228	0.000	0.136	0.026	0.504	0.003	0.103
happy	0.052	0.000	0.003	0.695	0.028	0.010	0.213
fear	0.249	0.001	0.353	0.039	0.274	0.002	0.083
happy	0.015	0.000	0.002	0.485	0.076	0.021	0.401
sad	0.263	0.000	0.235	0.012	0.422	0.002	0.065
happy	0.016	0.000	0.002	0.518	0.056	0.015	0.394
fear	0.253	0.000	0.338	0.024	0.324	0.003	0.057
happy	0.019	0.000	0.001	0.674	0.085	0.013	0.207
sad	0.219	0.000	0.314	0.009	0.390	0.002	0.065
happy	0.012	0.000	0.001	0.663	0.062	0.005	0.257
happy	0.063	0.000	0.003	0.631	0.031	0.010	0.263
sad	0.337	0.001	0.215	0.015	0.351	0.003	0.078
happy	0.033	0.000	0.001	0.699	0.036	0.015	0.217
sad	0.286	0.001	0.264	0.018	0.333	0.003	0.095
happy	0.036	0.000	0.002	0.492	0.129	0.009	0.331
happy	0.034	0.000	0.002	0.440	0.119	0.012	0.392
happy	0.019	0.000	0.001	0.676	0.063	0.009	0.231
fear	0.241	0.001	0.386	0.027	0.260	0.003	0.082
sad	0.247	0.000	0.285	0.036	0.335	0.005	0.092
happy	0.013	0.000	0.001	0.523	0.028	0.006	0.429
happy	0.022	0.000	0.002	0.565	0.092	0.008	0.310
sad	0.215	0.000	0.225	0.019	0.469	0.002	0.070
sad	0.199	0.000	0.201	0.017	0.489	0.002	0.092
happy	0.021	0.000	0.002	0.542	0.071	0.022	0.343
sad	0.089	0.000	0.248	0.021	0.544	0.003	0.095
happy	0.009	0.000	0.001	0.715	0.043	0.014	0.217
sad	0.251	0.000	0.286	0.017	0.366	0.002	0.076
sad	0.229	0.000	0.289	0.015	0.397	0.002	0.068
neutral	0.044	0.000	0.002	0.385	0.091	0.023	0.454
sad	0.226	0.001	0.265	0.015	0.422	0.002	0.069
neutral	0.035	0.000	0.000	0.265	0.040	0.008	0.651
sad	0.230	0.001	0.149	0.025	0.505	0.002	0.088
neutral	0.016	0.000	0.001	0.125	0.043	0.002	0.812
sad	0.128	0.000	0.189	0.024	0.472	0.004	0.183
neutral	0.030	0.000	0.002	0.017	0.061	0.003	0.887
sad	0.071	0.000	0.207	0.015	0.532	0.002	0.174
neutral	0.007	0.000	0.000	0.023	0.020	0.001	0.950
sad	0.134	0.001	0.208	0.013	0.450	0.002	0.192
angry	0.364	0.002	0.169	0.025	0.300	0.003	0.137
sad	0.163	0.000	0.302	0.017	0.443	0.003	0.072
happy	0.015	0.000	0.001	0.752	0.055	0.014	0.164
happy	0.043	0.000	0.007	0.579	0.062	0.030	0.279
sad	0.125	0.000	0.309	0.011	0.478	0.002	0.075
sad	0.252	0.000	0.215	0.015	0.419	0.000	0.098
sad	0.233	0.000	0.172	0.035	0.455	0.001	0.105
neutral	0.085	0.000	0.010	0.313	0.180	0.035	0.377
sad	0.176	0.000	0.207	0.031	0.476	0.001	0.110
happy	0.025	0.000	0.001	0.813	0.033	0.009	0.120
sad	0.210	0.000	0.100	0.049	0.479	0.000	0.162
happy	0.039	0.000	0.001	0.778	0.050	0.016	0.116
sad	0.157	0.000	0.127	0.025	0.557	0.000	0.133
neutral	0.091	0.000	0.006	0.332	0.173	0.031	0.366
sad	0.170	0.001	0.115	0.028	0.525	0.001	0.159
sad	0.128	0.001	0.118	0.040	0.594	0.001	0.119
happy	0.014	0.000	0.001	0.734	0.072	0.013	0.166
sad	0.103	0.001	0.117	0.029	0.608	0.001	0.141
happy	0.023	0.000	0.001	0.444	0.088	0.005	0.438
sad	0.122	0.002	0.068	0.033	0.667	0.001	0.107
sad	0.136	0.002	0.083	0.045	0.624	0.001	0.110
sad	0.135	0.002	0.084	0.067	0.549	0.001	0.162
neutral	0.013	0.000	0.002	0.446	0.077	0.004	0.458
sad	0.127	0.001	0.054	0.038	0.660	0.001	0.119
sad	0.158	0.001	0.076	0.054	0.580	0.001	0.131
happy	0.040	0.000	0.004	0.486	0.196	0.010	0.265
sad	0.173	0.001	0.078	0.034	0.598	0.000	0.116
neutral	0.012	0.000	0.002	0.349	0.067	0.008	0.561
sad	0.188	0.001	0.077	0.022	0.562	0.001	0.151
neutral	0.066	0.000	0.003	0.173	0.211	0.014	0.533
sad	0.129	0.000	0.081	0.015	0.666	0.000	0.109
sad	0.069	0.000	0.104	0.017	0.660	0.001	0.149
neutral	0.014	0.000	0.001	0.052	0.067	0.001	0.866
sad	0.051	0.000	0.173	0.004	0.709	0.002	0.060
sad	0.060	0.000	0.235	0.011	0.576	0.001	0.116
sad	0.109	0.000	0.193	0.041	0.496	0.001	0.160
happy	0.060	0.000	0.003	0.384	0.167	0.022	0.365
sad	0.136	0.000	0.248	0.024	0.473	0.001	0.117
neutral	0.049	0.000	0.002	0.434	0.061	0.012	0.443
happy	0.025	0.000	0.001	0.765	0.027	0.007	0.175
sad	0.141	0.000	0.102	0.032	0.581	0.001	0.144
sad	0.128	0.001	0.085	0.024	0.656	0.001	0.105
happy	0.010	0.000	0.001	0.481	0.046	0.006	0.456
sad	0.143	0.000	0.099	0.013	0.555	0.001	0.188
neutral	0.043	0.000	0.001	0.380	0.049	0.006	0.520
neutral	0.055	0.000	0.003	0.129	0.103	0.008	0.702
sad	0.096	0.000	0.135	0.012	0.638	0.001	0.118
sad	0.077	0.000	0.168	0.011	0.601	0.001	0.142
neutral	0.024	0.000	0.002	0.124	0.083	0.010	0.756
sad	0.092	0.001	0.207	0.013	0.552	0.001	0.135
neutral	0.068	0.000	0.002	0.191	0.104	0.009	0.626
neutral	0.042	0.000	0.004	0.399	0.092	0.010	0.452
happy	0.034	0.000	0.003	0.598	0.095	0.031	0.239
sad	0.088	0.001	0.225	0.018	0.543	0.001	0.125
sad	0.199	0.000	0.190	0.036	0.452	0.001	0.122
happy	0.051	0.000	0.001	0.638	0.050	0.032	0.228
sad	0.138	0.000	0.172	0.021	0.584	0.001	0.085
happy	0.056	0.000	0.005	0.548	0.085	0.028	0.279
sad	0.133	0.001	0.256	0.023	0.492	0.001	0.095
happy	0.015	0.000	0.002	0.750	0.051	0.010	0.172
sad	0.149	0.001	0.167	0.016	0.586	0.001	0.079
sad	0.112	0.000	0.240	0.016	0.560	0.001	0.071
happy	0.015	0.000	0.002	0.643	0.072	0.021	0.248
happy	0.018	0.000	0.000	0.898	0.009	0.006	0.069
happy	0.008	0.000	0.000	0.907	0.011	0.005	0.068
sad	0.116	0.000	0.153	0.031	0.588	0.002	0.108
happy	0.116	0.000	0.002	0.536	0.041	0.005	0.300
happy	0.317	0.000	0.003	0.473	0.060	0.012	0.135
happy	0.045	0.000	0.001	0.789	0.026	0.011	0.128
sad	0.093	0.001	0.301	0.006	0.535	0.001	0.063
sad	0.120	0.000	0.280	0.010	0.494	0.003	0.094
sad	0.189	0.000	0.282	0.013	0.384	0.002	0.129
sad	0.146	0.000	0.334	0.005	0.411	0.002	0.101
happy	0.014	0.000	0.001	0.909	0.015	0.009	0.052
angry	0.323	0.001	0.231	0.010	0.279	0.003	0.154
fear	0.279	0.000	0.304	0.009	0.255	0.002	0.151
happy	0.020	0.000	0.001	0.835	0.022	0.008	0.113
sad	0.248	0.001	0.220	0.008	0.356	0.003	0.164
happy	0.043	0.000	0.002	0.753	0.034	0.009	0.160
sad	0.196	0.000	0.233	0.013	0.351	0.002	0.204
happy	0.048	0.000	0.006	0.746	0.031	0.037	0.132
happy	0.042	0.000	0.001	0.615	0.041	0.030	0.271
sad	0.120	0.000	0.292	0.013	0.463	0.002	0.110
happy	0.068	0.000	0.003	0.620	0.041	0.023	0.244
sad	0.135	0.000	0.260	0.014	0.540	0.001	0.050
neutral	0.068	0.000	0.002	0.215	0.094	0.007	0.614
sad	0.111	0.000	0.147	0.027	0.555	0.001	0.159
happy	0.130	0.000	0.010	0.371	0.104	0.015	0.370
sad	0.087	0.000	0.180	0.016	0.574	0.001	0.141
sad	0.090	0.000	0.133	0.032	0.600	0.001	0.144
neutral	0.049	0.000	0.003	0.117	0.084	0.004	0.742
sad	0.062	0.001	0.198	0.034	0.537	0.001	0.166
sad	0.067	0.000	0.161	0.028	0.616	0.001	0.127
neutral	0.148	0.000	0.011	0.174	0.135	0.023	0.509
sad	0.078	0.000	0.211	0.026	0.555	0.001	0.129
happy	0.021	0.000	0.002	0.585	0.051	0.008	0.334
sad	0.072	0.001	0.212	0.012	0.621	0.001	0.082
sad	0.105	0.000	0.237	0.041	0.441	0.001	0.175
happy	0.027	0.000	0.002	0.700	0.052	0.010	0.209
sad	0.163	0.001	0.140	0.060	0.494	0.001	0.142
happy	0.054	0.000	0.002	0.707	0.109	0.014	0.113
sad	0.134	0.001	0.089	0.043	0.614	0.001	0.117
happy	0.048	0.000	0.003	0.828	0.026	0.021	0.074
sad	0.191	0.002	0.079	0.071	0.492	0.001	0.165
sad	0.119	0.001	0.049	0.044	0.644	0.001	0.142
happy	0.031	0.000	0.003	0.573	0.158	0.017	0.218
happy	0.013	0.000	0.001	0.763	0.036	0.006	0.181
happy	0.012	0.000	0.001	0.612	0.041	0.004	0.330
happy	0.062	0.000	0.004	0.560	0.142	0.013	0.218
sad	0.085	0.001	0.130	0.080	0.558	0.005	0.142
happy	0.029	0.000	0.005	0.779	0.033	0.022	0.132
sad	0.083	0.000	0.197	0.018	0.565	0.001	0.135
happy	0.030	0.000	0.002	0.775	0.024	0.010	0.159
sad	0.057	0.000	0.164	0.030	0.615	0.001	0.133
sad	0.057	0.000	0.117	0.029	0.658	0.001	0.138
happy	0.050	0.000	0.002	0.443	0.071	0.012	0.422
neutral	0.127	0.000	0.006	0.311	0.063	0.006	0.487
sad	0.047	0.000	0.215	0.027	0.562	0.001	0.148
neutral	0.037	0.000	0.003	0.327	0.120	0.026	0.488
sad	0.043	0.000	0.225	0.032	0.548	0.002	0.151
neutral	0.057	0.000	0.001	0.363	0.069	0.012	0.498
sad	0.033	0.000	0.229	0.031	0.562	0.002	0.142
sad	0.034	0.000	0.167	0.016	0.649	0.001	0.132
happy	0.019	0.000	0.002	0.476	0.048	0.012	0.442
sad	0.115	0.000	0.104	0.050	0.437	0.001	0.292
happy	0.019	0.000	0.002	0.765	0.033	0.013	0.168
happy	0.025	0.000	0.004	0.616	0.081	0.017	0.257
happy	0.059	0.000	0.004	0.479	0.178	0.007	0.273
happy	0.043	0.000	0.004	0.498	0.167	0.013	0.274
happy	0.201	0.001	0.020	0.329	0.243	0.002	0.205
happy	0.179	0.000	0.015	0.540	0.134	0.003	0.129
happy	0.045	0.000	0.002	0.553	0.083	0.011	0.306
happy	0.024	0.000	0.001	0.612	0.032	0.008	0.323
happy	0.275	0.001	0.036	0.376	0.160	0.007	0.145
neutral	0.061	0.000	0.003	0.374	0.060	0.018	0.483
happy	0.226	0.001	0.115	0.369	0.214	0.004	0.071
happy	0.070	0.000	0.009	0.474	0.074	0.026	0.348
sad	0.102	0.001	0.131	0.289	0.291	0.002	0.184
neutral	0.033	0.000	0.004	0.419	0.063	0.020	0.462
happy	0.048	0.001	0.138	0.554	0.126	0.002	0.131
happy	0.011	0.000	0.000	0.678	0.030	0.004	0.278
happy	0.032	0.000	0.115	0.499	0.123	0.002	0.229
happy	0.013	0.000	0.001	0.761	0.032	0.005	0.188
happy	0.081	0.001	0.215	0.352	0.160	0.004	0.188
happy	0.028	0.000	0.003	0.530	0.039	0.018	0.382
happy	0.060	0.001	0.150	0.414	0.201	0.004	0.170
neutral	0.040	0.000	0.003	0.424	0.045	0.007	0.481
neutral	0.083	0.000	0.100	0.250	0.263	0.004	0.300
neutral	0.030	0.000	0.002	0.387	0.035	0.005	0.540
happy	0.137	0.001	0.062	0.336	0.189	0.002	0.272
neutral	0.025	0.000	0.000	0.132	0.038	0.001	0.804
happy	0.127	0.001	0.045	0.423	0.196	0.003	0.205
neutral	0.034	0.000	0.002	0.335	0.051	0.003	0.575
happy	0.072	0.001	0.021	0.669	0.106	0.000	0.131
neutral	0.036	0.000	0.001	0.397	0.056	0.006	0.503
neutral	0.101	0.000	0.070	0.239	0.212	0.001	0.378
neutral	0.057	0.000	0.005	0.219	0.109	0.003	0.607
neutral	0.188	0.002	0.076	0.139	0.281	0.001	0.313
neutral	0.069	0.000	0.003	0.307	0.081	0.002	0.538
neutral	0.160	0.002	0.075	0.160	0.253	0.002	0.349
neutral	0.029	0.000	0.005	0.414	0.076	0.007	0.470
neutral	0.151	0.002	0.089	0.142	0.263	0.002	0.351
happy	0.027	0.000	0.001	0.617	0.033	0.003	0.319
neutral	0.180	0.002	0.053	0.116	0.277	0.001	0.370
neutral	0.026	0.000	0.001	0.172	0.029	0.002	0.770
sad	0.194	0.006	0.104	0.051	0.347	0.001	0.297
happy	0.023	0.000	0.002	0.580	0.022	0.006	0.368
sad	0.193	0.003	0.154	0.049	0.358	0.003	0.239
neutral	0.043	0.000	0.003	0.421	0.035	0.004	0.494
neutral	0.115	0.002	0.160	0.083	0.291	0.005	0.345
neutral	0.032	0.000	0.016	0.375	0.084	0.010	0.482
fear	0.126	0.002	0.291	0.060	0.241	0.006	0.273
neutral	0.024	0.000	0.016	0.337	0.069	0.005	0.549
neutral	0.121	0.003	0.180	0.062	0.239	0.006	0.389
neutral	0.011	0.000	0.009	0.299	0.037	0.015	0.629
sad	0.109	0.001	0.210	0.059	0.331	0.007	0.283
neutral	0.011	0.000	0.006	0.189	0.035	0.006	0.752
neutral	0.030	0.000	0.007	0.356	0.064	0.003	0.541
neutral	0.012	0.000	0.002	0.211	0.030	0.001	0.745
sad	0.163	0.003	0.275	0.036	0.286	0.007	0.229
neutral	0.040	0.000	0.008	0.166	0.093	0.003	0.689
sad	0.155	0.001	0.280	0.030	0.289	0.004	0.240
neutral	0.076	0.000	0.010	0.323	0.083	0.002	0.506
fear	0.169	0.002	0.292	0.024	0.292	0.002	0.217
neutral	0.032	0.000	0.002	0.294	0.035	0.001	0.636
sad	0.119	0.002	0.288	0.032	0.298	0.005	0.257
neutral	0.045	0.000	0.001	0.184	0.047	0.001	0.722
neutral	0.123	0.002	0.236	0.043	0.276	0.005	0.315
neutral	0.068	0.000	0.001	0.115	0.034	0.001	0.782
fear	0.113	0.001	0.287	0.032	0.283	0.005	0.278
neutral	0.040	0.000	0.002	0.391	0.040	0.003	0.525
fear	0.183	0.001	0.298	0.024	0.250	0.006	0.239
happy	0.013	0.000	0.013	0.733	0.049	0.004	0.188
fear	0.135	0.002	0.336	0.018	0.273	0.004	0.232
happy	0.019	0.000	0.002	0.673	0.033	0.003	0.269
happy	0.014	0.000	0.001	0.557	0.016	0.002	0.410
fear	0.177	0.002	0.306	0.025	0.257	0.006	0.227
neutral	0.022	0.000	0.000	0.225	0.030	0.003	0.719
sad	0.164	0.001	0.283	0.028	0.293	0.005	0.226
neutral	0.020	0.000	0.000	0.350	0.027	0.004	0.598
fear	0.141	0.002	0.310	0.036	0.255	0.006	0.250
neutral	0.016	0.000	0.000	0.312	0.025	0.004	0.641
fear	0.149	0.001	0.322	0.040	0.272	0.007	0.209
sad	0.220	0.005	0.255	0.029	0.264	0.008	0.219
neutral	0.029	0.000	0.000	0.383	0.025	0.002	0.560
fear	0.131	0.004	0.328	0.019	0.276	0.004	0.238
neutral	0.029	0.000	0.001	0.464	0.035	0.004	0.467
sad	0.161	0.005	0.265	0.040	0.287	0.009	0.233
neutral	0.057	0.000	0.004	0.429	0.058	0.002	0.450
neutral	0.017	0.000	0.006	0.396	0.040	0.002	0.539
neutral	0.124	0.000	0.237	0.049	0.286	0.005	0.298
happy	0.018	0.000	0.001	0.538	0.016	0.001	0.427
neutral	0.203	0.003	0.228	0.057	0.211	0.005	0.294
happy	0.030	0.000	0.002	0.511	0.030	0.002	0.425
sad	0.177	0.002	0.205	0.032	0.304	0.003	0.276
neutral	0.030	0.000	0.000	0.394	0.033	0.000	0.542
sad	0.183	0.002	0.172	0.059	0.297	0.002	0.285
happy	0.022	0.000	0.001	0.593	0.078	0.002	0.303
sad	0.126	0.002	0.206	0.022	0.399	0.002	0.243
sad	0.042	0.000	0.178	0.021	0.750	0.004	0.005
neutral	0.110	0.001	0.163	0.043	0.329	0.002	0.353
sad	0.025	0.000	0.132	0.012	0.824	0.001	0.005
neutral	0.023	0.000	0.001	0.468	0.026	0.001	0.481
happy	0.022	0.000	0.001	0.654	0.018	0.000	0.305
neutral	0.083	0.002	0.084	0.084	0.288	0.006	0.453
neutral	0.019	0.000	0.001	0.188	0.025	0.001	0.768
happy	0.053	0.001	0.039	0.513	0.125	0.002	0.267
sad	0.027	0.000	0.116	0.010	0.838	0.002	0.006
happy	0.061	0.000	0.001	0.460	0.054	0.001	0.424
neutral	0.033	0.000	0.001	0.225	0.053	0.001	0.688
happy	0.047	0.001	0.036	0.587	0.119	0.002	0.208
happy	0.121	0.000	0.013	0.444	0.142	0.003	0.277
happy	0.077	0.003	0.048	0.401	0.206	0.002	0.263
neutral	0.077	0.000	0.000	0.231	0.046	0.001	0.645
happy	0.076	0.001	0.044	0.438	0.173	0.002	0.266
happy	0.034	0.000	0.000	0.539	0.013	0.002	0.412
sad	0.069	0.002	0.119	0.144	0.364	0.004	0.299
neutral	0.064	0.001	0.082	0.198	0.265	0.004	0.385
neutral	0.063	0.000	0.000	0.419	0.018	0.001	0.499
neutral	0.048	0.000	0.074	0.143	0.330	0.003	0.402
happy	0.039	0.000	0.001	0.544	0.040	0.001	0.375
happy	0.021	0.000	0.001	0.567	0.027	0.003	0.381
neutral	0.083	0.002	0.080	0.195	0.278	0.004	0.358
neutral	0.038	0.000	0.000	0.415	0.037	0.001	0.509
neutral	0.105	0.001	0.082	0.199	0.244	0.005	0.364
happy	0.025	0.000	0.000	0.499	0.030	0.001	0.444
neutral	0.042	0.002	0.061	0.125	0.314	0.003	0.453
happy	0.036	0.000	0.000	0.472	0.022	0.000	0.468
neutral	0.028	0.001	0.055	0.049	0.407	0.003	0.458
neutral	0.020	0.000	0.001	0.327	0.014	0.001	0.636
sad	0.026	0.000	0.050	0.037	0.443	0.002	0.441
neutral	0.028	0.000	0.001	0.293	0.026	0.000	0.652
neutral	0.079	0.000	0.066	0.074	0.330	0.004	0.447
neutral	0.054	0.000	0.001	0.191	0.048	0.000	0.706
neutral	0.112	0.000	0.103	0.064	0.323	0.004	0.393
neutral	0.036	0.000	0.001	0.167	0.059	0.000	0.737
neutral	0.136	0.000	0.082	0.013	0.362	0.001	0.407
neutral	0.060	0.000	0.003	0.230	0.084	0.000	0.623
neutral	0.057	0.000	0.121	0.046	0.293	0.002	0.481
neutral	0.035	0.000	0.000	0.120	0.031	0.000	0.814
sad	0.078	0.000	0.103	0.144	0.369	0.007	0.298
neutral	0.024	0.000	0.002	0.129	0.068	0.001	0.777
sad	0.053	0.000	0.112	0.044	0.406	0.002	0.383
neutral	0.113	0.000	0.002	0.208	0.113	0.001	0.563
sad	0.074	0.000	0.066	0.036	0.518	0.002	0.304
neutral	0.092	0.000	0.001	0.212	0.088	0.000	0.608
neutral	0.055	0.000	0.135	0.067	0.234	0.003	0.505
neutral	0.052	0.000	0.000	0.365	0.098	0.001	0.484
neutral	0.034	0.000	0.046	0.076	0.278	0.003	0.563
happy	0.048	0.000	0.001	0.493	0.105	0.001	0.353
happy	0.027	0.000	0.033	0.417	0.168	0.003	0.351
neutral	0.047	0.000	0.046	0.279	0.206	0.003	0.418
happy	0.018	0.000	0.001	0.519	0.129	0.001	0.332
neutral	0.052	0.000	0.000	0.135	0.064	0.000	0.749
sad	0.035	0.001	0.052	0.074	0.484	0.002	0.352
neutral	0.056	0.000	0.000	0.319	0.149	0.001	0.475
sad	0.079	0.000	0.158	0.050	0.379	0.005	0.330
neutral	0.151	0.000	0.000	0.168	0.138	0.001	0.541
neutral	0.058	0.000	0.132	0.071	0.354	0.005	0.380
neutral	0.102	0.000	0.000	0.191	0.108	0.002	0.597
neutral	0.042	0.000	0.081	0.127	0.350	0.004	0.395
neutral	0.054	0.000	0.001	0.134	0.176	0.001	0.635
sad	0.070	0.000	0.091	0.079	0.390	0.003	0.367
neutral	0.041	0.000	0.001	0.094	0.182	0.001	0.682
sad	0.062	0.000	0.078	0.090	0.519	0.002	0.249
sad	0.021	0.000	0.306	0.020	0.579	0.032	0.041
neutral	0.023	0.000	0.000	0.072	0.055	0.000	0.850
sad	0.022	0.000	0.051	0.117	0.565	0.002	0.243
sad	0.018	0.000	0.057	0.054	0.663	0.002	0.206
sad	0.026	0.000	0.293	0.053	0.527	0.036	0.065
neutral	0.041	0.000	0.002	0.032	0.304	0.001	0.620
sad	0.020	0.000	0.046	0.034	0.743	0.002	0.155
sad	0.018	0.000	0.380	0.035	0.495	0.029	0.043
neutral	0.029	0.000	0.001	0.024	0.217	0.001	0.728
sad	0.029	0.000	0.057	0.031	0.612	0.001	0.268
sad	0.015	0.000	0.264	0.044	0.581	0.028	0.068
neutral	0.039	0.000	0.001	0.019	0.169	0.000	0.773
sad	0.066	0.000	0.071	0.038	0.582	0.001	0.241
sad	0.015	0.000	0.264	0.028	0.624	0.010	0.060
neutral	0.048	0.000	0.001	0.016	0.138	0.000	0.797
sad	0.050	0.000	0.082	0.036	0.605	0.000	0.226
sad	0.021	0.000	0.288	0.030	0.606	0.019	0.036
neutral	0.049	0.000	0.002	0.042	0.213	0.001	0.693
sad	0.062	0.000	0.062	0.033	0.641	0.000	0.202
neutral	0.038	0.000	0.004	0.028	0.322	0.001	0.607
sad	0.064	0.000	0.061	0.051	0.620	0.001	0.203
neutral	0.035	0.000	0.010	0.088	0.197	0.002	0.668
sad	0.011	0.000	0.355	0.028	0.576	0.023	0.007
sad	0.080	0.000	0.058	0.062	0.516	0.001	0.283
neutral	0.018	0.000	0.005	0.063	0.214	0.003	0.696
sad	0.071	0.000	0.044	0.053	0.553	0.001	0.278
sad	0.014	0.000	0.367	0.028	0.566	0.017	0.009
neutral	0.017	0.000	0.003	0.028	0.195	0.001	0.755
sad	0.066	0.000	0.057	0.041	0.602	0.001	0.232
sad	0.016	0.000	0.421	0.032	0.505	0.018	0.007
neutral	0.023	0.000	0.004	0.029	0.240	0.001	0.703
sad	0.078	0.000	0.067	0.050	0.595	0.001	0.210
sad	0.013	0.000	0.329	0.027	0.605	0.017	0.009
neutral	0.057	0.000	0.003	0.052	0.247	0.001	0.640
sad	0.025	0.000	0.394	0.016	0.521	0.029	0.015
sad	0.063	0.000	0.043	0.042	0.654	0.001	0.197
neutral	0.029	0.000	0.001	0.067	0.166	0.001	0.735
sad	0.030	0.000	0.399	0.025	0.497	0.037	0.012
sad	0.088	0.000	0.069	0.055	0.525	0.001	0.262
neutral	0.032	0.000	0.001	0.021	0.242	0.001	0.704
sad	0.025	0.000	0.355	0.022	0.567	0.014	0.016
sad	0.082	0.000	0.074	0.037	0.581	0.001	0.226
neutral	0.034	0.000	0.004	0.065	0.195	0.001	0.702
sad	0.033	0.000	0.331	0.037	0.567	0.016	0.016
sad	0.062	0.000	0.055	0.048	0.609	0.000	0.225
neutral	0.045	0.000	0.003	0.179	0.147	0.001	0.625
sad	0.040	0.000	0.074	0.030	0.574	0.001	0.282
sad	0.019	0.000	0.303	0.015	0.644	0.005	0.013
neutral	0.032	0.000	0.001	0.346	0.056	0.000	0.565
sad	0.059	0.000	0.078	0.052	0.554	0.001	0.256
sad	0.026	0.000	0.217	0.017	0.720	0.005	0.014
neutral	0.018	0.000	0.018	0.393	0.072	0.010	0.487
sad	0.051	0.000	0.093	0.018	0.581	0.002	0.255
happy	0.027	0.000	0.004	0.592	0.139	0.010	0.227
neutral	0.047	0.000	0.106	0.030	0.404	0.002	0.411
neutral	0.053	0.000	0.001	0.324	0.085	0.004	0.532
neutral	0.047	0.000	0.083	0.024	0.311	0.001	0.533
happy	0.053	0.000	0.008	0.452	0.172	0.013	0.302
happy	0.038	0.000	0.008	0.440	0.108	0.014	0.392
sad	0.067	0.000	0.137	0.034	0.391	0.002	0.369
neutral	0.023	0.000	0.001	0.234	0.040	0.003	0.700
neutral	0.059	0.000	0.100	0.026	0.387	0.002	0.426
neutral	0.081	0.000	0.002	0.172	0.081	0.004	0.661
neutral	0.080	0.000	0.140	0.024	0.376	0.002	0.378
neutral	0.033	0.000	0.001	0.235	0.052	0.001	0.678
sad	0.129	0.000	0.084	0.013	0.618	0.001	0.155
neutral	0.043	0.000	0.001	0.236	0.039	0.004	0.677
sad	0.085	0.000	0.105	0.047	0.425	0.004	0.333
neutral	0.078	0.000	0.002	0.191	0.072	0.004	0.654
sad	0.123	0.000	0.113	0.037	0.416	0.015	0.296
neutral	0.037	0.000	0.001	0.268	0.033	0.000	0.661
neutral	0.030	0.000	0.002	0.252	0.049	0.001	0.665
neutral	0.039	0.000	0.162	0.057	0.261	0.017	0.464
neutral	0.013	0.000	0.003	0.279	0.058	0.001	0.646
neutral	0.046	0.000	0.213	0.046	0.321	0.023	0.351
neutral	0.012	0.000	0.003	0.343	0.095	0.000	0.546
happy	0.008	0.000	0.003	0.557	0.061	0.000	0.369
neutral	0.029	0.000	0.003	0.213	0.124	0.000	0.631
neutral	0.026	0.000	0.004	0.151	0.138	0.000	0.681
neutral	0.018	0.000	0.005	0.205	0.138	0.000	0.633
neutral	0.038	0.000	0.006	0.151	0.177	0.000	0.627
neutral	0.039	0.000	0.008	0.137	0.190	0.000	0.627
neutral	0.024	0.000	0.005	0.172	0.192	0.000	0.607
neutral	0.036	0.000	0.005	0.154	0.158	0.000	0.647
neutral	0.051	0.000	0.004	0.127	0.213	0.000	0.605
neutral	0.026	0.000	0.004	0.229	0.144	0.000	0.597
neutral	0.044	0.000	0.003	0.145	0.196	0.000	0.611
neutral	0.020	0.000	0.005	0.276	0.168	0.001	0.531
neutral	0.024	0.000	0.003	0.354	0.158	0.000	0.461
neutral	0.022	0.000	0.002	0.423	0.120	0.000	0.432
neutral	0.043	0.000	0.005	0.159	0.176	0.000	0.616
neutral	0.041	0.000	0.006	0.166	0.217	0.000	0.569
neutral	0.040	0.000	0.006	0.149	0.206	0.000	0.598
neutral	0.039	0.000	0.002	0.159	0.160	0.000	0.640
neutral	0.032	0.000	0.002	0.208	0.152	0.000	0.606
neutral	0.034	0.000	0.002	0.192	0.172	0.000	0.600
neutral	0.039	0.000	0.004	0.165	0.165	0.000	0.627
neutral	0.042	0.000	0.005	0.199	0.267	0.000	0.486
neutral	0.027	0.000	0.003	0.195	0.155	0.000	0.620
neutral	0.026	0.000	0.003	0.148	0.238	0.000	0.585
neutral	0.058	0.000	0.005	0.084	0.224	0.000	0.628
neutral	0.040	0.000	0.005	0.361	0.152	0.000	0.442
neutral	0.029	0.000	0.001	0.230	0.126	0.000	0.614
neutral	0.046	0.000	0.023	0.213	0.140	0.006	0.571
neutral	0.029	0.000	0.016	0.196	0.185	0.007	0.567
neutral	0.059	0.000	0.003	0.348	0.102	0.001	0.487
neutral	0.060	0.000	0.003	0.279	0.126	0.001	0.531
happy	0.051	0.000	0.001	0.447	0.084	0.000	0.417
happy	0.031	0.000	0.001	0.524	0.049	0.000	0.394
happy	0.033	0.000	0.001	0.674	0.034	0.000	0.258
happy	0.062	0.000	0.001	0.454	0.096	0.000	0.388
happy	0.042	0.000	0.001	0.606	0.063	0.000	0.289
neutral	0.058	0.000	0.001	0.313	0.124	0.000	0.503
neutral	0.037	0.000	0.002	0.330	0.131	0.000	0.500
happy	0.058	0.000	0.001	0.425	0.097	0.000	0.418
happy	0.052	0.000	0.003	0.462	0.111	0.000	0.371
happy	0.052	0.000	0.004	0.505	0.111	0.000	0.328
happy	0.031	0.000	0.001	0.703	0.057	0.000	0.208
happy	0.014	0.000	0.001	0.766	0.026	0.000	0.193
neutral	0.024	0.000	0.001	0.374	0.059	0.000	0.542
happy	0.029	0.000	0.002	0.548	0.050	0.000	0.371
happy	0.023	0.000	0.001	0.799	0.024	0.000	0.153
happy	0.025	0.000	0.002	0.532	0.090	0.000	0.351
happy	0.017	0.000	0.001	0.763	0.028	0.000	0.191
happy	0.043	0.000	0.002	0.525	0.068	0.000	0.362
neutral	0.045	0.000	0.003	0.390	0.133	0.001	0.428
neutral	0.050	0.000	0.006	0.247	0.182	0.001	0.514
neutral	0.057	0.000	0.005	0.324	0.119	0.001	0.495
happy	0.038	0.000	0.002	0.407	0.152	0.000	0.401
neutral	0.060	0.000	0.012	0.232	0.165	0.002	0.529
neutral	0.029	0.000	0.007	0.162	0.146	0.000	0.656
happy	0.032	0.000	0.002	0.437	0.099	0.000	0.429
neutral	0.039	0.000	0.001	0.436	0.087	0.000	0.436
neutral	0.042	0.000	0.001	0.370	0.136	0.000	0.450
happy	0.029	0.000	0.001	0.599	0.075	0.000	0.295
neutral	0.034	0.000	0.001	0.374	0.116	0.000	0.474
happy	0.027	0.000	0.001	0.585	0.071	0.000	0.317
neutral	0.028	0.000	0.001	0.392	0.110	0.000	0.469
neutral	0.038	0.000	0.001	0.261	0.112	0.000	0.586
neutral	0.054	0.000	0.009	0.338	0.166	0.003	0.430
neutral	0.058	0.000	0.011	0.231	0.191	0.003	0.506
neutral	0.044	0.000	0.001	0.375	0.106	0.000	0.474
happy	0.025	0.000	0.002	0.488	0.084	0.000	0.401
happy	0.020	0.000	0.000	0.640	0.031	0.000	0.309
happy	0.024	0.000	0.001	0.766	0.029	0.000	0.180
happy	0.037	0.000	0.001	0.628	0.069	0.000	0.266
happy	0.045	0.000	0.001	0.559	0.108	0.000	0.286
happy	0.037	0.000	0.002	0.574	0.068	0.000	0.319
neutral	0.041	0.000	0.005	0.350	0.132	0.000	0.473
happy	0.023	0.000	0.001	0.620	0.049	0.000	0.308
neutral	0.029	0.000	0.001	0.410	0.065	0.000	0.495
happy	0.019	0.000	0.001	0.668	0.063	0.000	0.249
happy	0.031	0.000	0.001	0.545	0.088	0.000	0.335
happy	0.036	0.000	0.001	0.595	0.060	0.000	0.308
happy	0.015	0.000	0.001	0.636	0.032	0.000	0.316
happy	0.021	0.000	0.001	0.687	0.040	0.000	0.251
neutral	0.041	0.000	0.001	0.423	0.088	0.000	0.447
neutral	0.036	0.000	0.002	0.164	0.136	0.000	0.662
happy	0.031	0.000	0.002	0.486	0.117	0.000	0.363
neutral	0.016	0.000	0.001	0.409	0.074	0.000	0.500
happy	0.019	0.000	0.001	0.622	0.052	0.000	0.305
happy	0.037	0.000	0.001	0.639	0.064	0.000	0.259
neutral	0.039	0.000	0.003	0.404	0.117	0.000	0.437
happy	0.033	0.000	0.003	0.673	0.073	0.000	0.217
happy	0.031	0.000	0.002	0.569	0.101	0.000	0.297
happy	0.053	0.000	0.001	0.552	0.102	0.000	0.291
happy	0.012	0.000	0.003	0.522	0.071	0.000	0.392
happy	0.041	0.000	0.002	0.448	0.125	0.000	0.384
happy	0.023	0.000	0.001	0.687	0.047	0.000	0.242
happy	0.026	0.000	0.001	0.646	0.064	0.000	0.263
happy	0.048	0.000	0.001	0.608	0.079	0.000	0.264
neutral	0.049	0.000	0.008	0.313	0.183	0.001	0.446
happy	0.034	0.000	0.008	0.667	0.083	0.001	0.208
happy	0.036	0.000	0.009	0.631	0.097	0.001	0.226
happy	0.019	0.000	0.007	0.580	0.087	0.001	0.306
happy	0.029	0.000	0.002	0.564	0.068	0.000	0.336
happy	0.018	0.000	0.003	0.540	0.076	0.001	0.363
happy	0.030	0.000	0.002	0.516	0.075	0.000	0.376
happy	0.025	0.000	0.002	0.542	0.104	0.000	0.326
neutral	0.047	0.000	0.003	0.386	0.162	0.000	0.401
neutral	0.036	0.000	0.003	0.334	0.153	0.000	0.473
happy	0.042	0.000	0.003	0.493	0.111	0.000	0.351
happy	0.021	0.000	0.003	0.471	0.103	0.001	0.402
happy	0.034	0.000	0.003	0.423	0.161	0.000	0.379
neutral	0.036	0.000	0.001	0.392	0.137	0.000	0.433
neutral	0.046	0.000	0.003	0.389	0.172	0.000	0.391
sad	0.014	0.000	0.336	0.009	0.627	0.008	0.006
happy	0.025	0.000	0.002	0.512	0.102	0.000	0.359
happy	0.037	0.000	0.005	0.424	0.144	0.000	0.390
happy	0.069	0.000	0.003	0.472	0.121	0.000	0.336
happy	0.019	0.000	0.005	0.530	0.105	0.001	0.340
happy	0.029	0.000	0.003	0.494	0.119	0.001	0.355
happy	0.045	0.000	0.003	0.510	0.120	0.000	0.321
happy	0.053	0.000	0.002	0.438	0.133	0.000	0.375
neutral	0.100	0.000	0.002	0.350	0.098	0.000	0.450
happy	0.030	0.000	0.003	0.694	0.050	0.000	0.224
happy	0.049	0.000	0.004	0.635	0.061	0.000	0.250
sad	0.038	0.000	0.362	0.029	0.554	0.006	0.012
happy	0.032	0.000	0.005	0.473	0.066	0.001	0.424
happy	0.030	0.000	0.002	0.679	0.045	0.000	0.243
neutral	0.052	0.000	0.003	0.363	0.076	0.000	0.505
happy	0.023	0.000	0.002	0.703	0.039	0.000	0.233
happy	0.034	0.000	0.002	0.563	0.063	0.000	0.338
happy	0.033	0.000	0.006	0.538	0.097	0.001	0.325
happy	0.027	0.000	0.001	0.663	0.047	0.000	0.262
neutral	0.034	0.000	0.005	0.268	0.096	0.000	0.597
happy	0.014	0.000	0.001	0.732	0.044	0.000	0.209
happy	0.019	0.000	0.001	0.600	0.078	0.000	0.302
neutral	0.020	0.000	0.002	0.393	0.134	0.001	0.450
neutral	0.025	0.000	0.002	0.373	0.143	0.000	0.456
happy	0.017	0.000	0.001	0.748	0.045	0.001	0.187
happy	0.020	0.000	0.001	0.728	0.044	0.000	0.207
happy	0.021	0.000	0.001	0.669	0.072	0.000	0.237
happy	0.036	0.000	0.002	0.479	0.118	0.000	0.364
happy	0.027	0.000	0.001	0.666	0.076	0.000	0.230
neutral	0.036	0.000	0.002	0.354	0.158	0.001	0.449
neutral	0.035	0.000	0.002	0.385	0.148	0.001	0.430
sad	0.013	0.000	0.380	0.004	0.590	0.005	0.006
neutral	0.048	0.000	0.004	0.350	0.147	0.001	0.450
neutral	0.042	0.000	0.005	0.352	0.156	0.001	0.444
happy	0.022	0.000	0.003	0.511	0.130	0.001	0.332
sad	0.035	0.000	0.364	0.012	0.568	0.012	0.010
neutral	0.024	0.000	0.004	0.405	0.137	0.001	0.430
happy	0.017	0.000	0.002	0.471	0.113	0.000	0.396
neutral	0.024	0.000	0.003	0.294	0.173	0.001	0.505
happy	0.017	0.000	0.002	0.523	0.100	0.000	0.357
neutral	0.036	0.000	0.004	0.319	0.178	0.000	0.463
neutral	0.049	0.000	0.002	0.294	0.121	0.000	0.534
neutral	0.031	0.000	0.004	0.254	0.173	0.001	0.537
neutral	0.043	0.000	0.002	0.357	0.117	0.000	0.481
neutral	0.040	0.000	0.001	0.313	0.115	0.000	0.530
neutral	0.057	0.000	0.002	0.373	0.140	0.000	0.428
happy	0.051	0.000	0.002	0.412	0.142	0.000	0.392
neutral	0.033	0.000	0.004	0.292	0.190	0.000	0.480
neutral	0.059	0.000	0.004	0.322	0.184	0.000	0.431
neutral	0.039	0.000	0.003	0.345	0.160	0.000	0.454
neutral	0.047	0.000	0.004	0.323	0.219	0.000	0.406
neutral	0.041	0.000	0.003	0.375	0.154	0.000	0.428
neutral	0.046	0.000	0.004	0.352	0.193	0.000	0.406
happy	0.039	0.000	0.005	0.398	0.183	0.001	0.374
neutral	0.034	0.000	0.002	0.390	0.113	0.000	0.460
neutral	0.045	0.000	0.004	0.174	0.284	0.000	0.493
neutral	0.052	0.000	0.003	0.181	0.278	0.001	0.485
neutral	0.037	0.000	0.004	0.313	0.190	0.000	0.456
neutral	0.046	0.000	0.003	0.226	0.182	0.000	0.543
neutral	0.034	0.000	0.004	0.371	0.128	0.001	0.462
neutral	0.025	0.000	0.006	0.235	0.192	0.001	0.540
neutral	0.053	0.000	0.002	0.287	0.188	0.000	0.469
neutral	0.044	0.000	0.002	0.375	0.107	0.000	0.472
neutral	0.069	0.000	0.002	0.247	0.177	0.000	0.506
happy	0.049	0.000	0.002	0.429	0.123	0.000	0.397
neutral	0.054	0.000	0.002	0.291	0.164	0.000	0.488
happy	0.049	0.000	0.001	0.428	0.098	0.000	0.424
neutral	0.068	0.000	0.002	0.359	0.157	0.000	0.415
happy	0.062	0.000	0.003	0.419	0.137	0.000	0.378
neutral	0.051	0.000	0.002	0.382	0.139	0.000	0.425
neutral	0.039	0.000	0.003	0.343	0.161	0.000	0.455
neutral	0.076	0.000	0.004	0.251	0.197	0.000	0.472
happy	0.059	0.000	0.002	0.480	0.131	0.000	0.329
neutral	0.059	0.000	0.002	0.318	0.208	0.000	0.413
neutral	0.066	0.000	0.002	0.310	0.180	0.000	0.442
happy	0.136	0.000	0.002	0.353	0.170	0.000	0.338
neutral	0.149	0.000	0.002	0.262	0.226	0.000	0.361
neutral	0.172	0.000	0.001	0.184	0.216	0.000	0.426
neutral	0.185	0.000	0.001	0.266	0.150	0.000	0.397
neutral	0.241	0.000	0.001	0.245	0.152	0.000	0.360
happy	0.233	0.000	0.004	0.323	0.194	0.000	0.246
neutral	0.191	0.000	0.002	0.295	0.182	0.000	0.329
neutral	0.193	0.000	0.002	0.277	0.202	0.000	0.326
happy	0.166	0.000	0.001	0.358	0.140	0.000	0.334
happy	0.099	0.000	0.001	0.568	0.122	0.000	0.210
happy	0.086	0.000	0.001	0.618	0.124	0.000	0.171
sad	0.137	0.000	0.002	0.302	0.322	0.000	0.236
happy	0.133	0.000	0.002	0.333	0.203	0.000	0.329
happy	0.050	0.000	0.002	0.453	0.189	0.000	0.306
neutral	0.047	0.000	0.002	0.325	0.177	0.000	0.448
neutral	0.037	0.000	0.003	0.378	0.189	0.000	0.392
neutral	0.037	0.000	0.003	0.370	0.174	0.000	0.416
neutral	0.040	0.000	0.004	0.366	0.136	0.000	0.453
happy	0.043	0.000	0.003	0.453	0.148	0.000	0.353
happy	0.036	0.000	0.003	0.478	0.137	0.001	0.344
happy	0.035	0.000	0.003	0.523	0.098	0.001	0.341
neutral	0.040	0.000	0.003	0.401	0.138	0.000	0.418
neutral	0.031	0.000	0.003	0.342	0.142	0.001	0.481
neutral	0.056	0.000	0.003	0.260	0.198	0.000	0.483
neutral	0.040	0.000	0.003	0.288	0.179	0.000	0.491
neutral	0.057	0.000	0.002	0.363	0.177	0.000	0.401
happy	0.043	0.000	0.003	0.435	0.135	0.000	0.384
neutral	0.033	0.000	0.001	0.390	0.128	0.000	0.448
neutral	0.055	0.000	0.002	0.362	0.157	0.000	0.423
neutral	0.057	0.000	0.003	0.377	0.178	0.000	0.384
neutral	0.042	0.000	0.003	0.303	0.197	0.000	0.454
neutral	0.047	0.000	0.002	0.334	0.159	0.000	0.457
happy	0.056	0.000	0.002	0.508	0.133	0.000	0.300
neutral	0.059	0.000	0.003	0.346	0.200	0.000	0.392
neutral	0.059	0.000	0.004	0.201	0.220	0.000	0.515
neutral	0.044	0.000	0.003	0.338	0.177	0.000	0.437
neutral	0.049	0.000	0.002	0.331	0.157	0.000	0.461
neutral	0.049	0.000	0.003	0.226	0.232	0.000	0.489
neutral	0.075	0.000	0.003	0.371	0.176	0.000	0.374
happy	0.050	0.000	0.003	0.410	0.167	0.000	0.370
neutral	0.031	0.000	0.003	0.334	0.163	0.001	0.469
happy	0.040	0.000	0.002	0.424	0.178	0.000	0.354
neutral	0.061	0.000	0.003	0.328	0.223	0.000	0.385
happy	0.032	0.000	0.003	0.434	0.119	0.001	0.412
happy	0.030	0.000	0.002	0.525	0.105	0.001	0.337
happy	0.048	0.000	0.002	0.452	0.127	0.000	0.371
happy	0.016	0.000	0.002	0.573	0.112	0.001	0.296
