prediction	angry	disgust	fear	happy	sad	surprise	neutral
neutral	0.117	0.000	0.010	0.312	0.061	0.004	0.497
neutral	0.071	0.000	0.030	0.218	0.085	0.007	0.589
neutral	0.095	0.000	0.029	0.146	0.072	0.006	0.652
neutral	0.047	0.000	0.030	0.076	0.127	0.003	0.716
neutral	0.041	0.000	0.040	0.211	0.105	0.007	0.595
neutral	0.062	0.000	0.035	0.169	0.118	0.005	0.611
neutral	0.050	0.000	0.028	0.118	0.110	0.006	0.688
neutral	0.054	0.000	0.051	0.224	0.083	0.006	0.582
neutral	0.060	0.000	0.052	0.226	0.115	0.005	0.542
neutral	0.080	0.000	0.053	0.234	0.112	0.006	0.515
neutral	0.079	0.000	0.056	0.155	0.123	0.007	0.580
neutral	0.086	0.000	0.041	0.218	0.124	0.004	0.527
neutral	0.129	0.000	0.067	0.178	0.124	0.009	0.494
neutral	0.184	0.000	0.014	0.105	0.047	0.004	0.646
neutral	0.079	0.000	0.018	0.119	0.066	0.006	0.711
neutral	0.024	0.000	0.021	0.342	0.071	0.008	0.532
neutral	0.026	0.000	0.011	0.177	0.190	0.019	0.577
neutral	0.036	0.000	0.006	0.231	0.100	0.002	0.625
neutral	0.008	0.000	0.002	0.114	0.073	0.001	0.802
neutral	0.021	0.000	0.016	0.032	0.338	0.001	0.593
sad	0.083	0.000	0.037	0.003	0.546	0.001	0.330
sad	0.085	0.000	0.035	0.014	0.436	0.001	0.430
neutral	0.092	0.000	0.016	0.047	0.178	0.001	0.666
neutral	0.096	0.001	0.012	0.034	0.254	0.001	0.602
neutral	0.251	0.000	0.037	0.117	0.149	0.007	0.440
neutral	0.093	0.000	0.058	0.036	0.126	0.011	0.676
neutral	0.065	0.000	0.011	0.006	0.140	0.004	0.774
neutral	0.019	0.000	0.009	0.004	0.070	0.003	0.895
neutral	0.035	0.000	0.016	0.012	0.133	0.007	0.798
neutral	0.012	0.000	0.045	0.022	0.092	0.003	0.825
neutral	0.010	0.000	0.023	0.100	0.234	0.001	0.631
neutral	0.045	0.000	0.025	0.123	0.375	0.002	0.430
neutral	0.057	0.000	0.004	0.259	0.232	0.000	0.447
happy	0.168	0.000	0.012	0.349	0.250	0.001	0.220
happy	0.072	0.000	0.005	0.402	0.215	0.001	0.306
happy	0.171	0.000	0.007	0.352	0.279	0.000	0.190
sad	0.048	0.000	0.012	0.299	0.400	0.001	0.240
neutral	0.089	0.000	0.013	0.265	0.216	0.001	0.417
sad	0.052	0.000	0.015	0.174	0.409	0.001	0.348
neutral	0.026	0.000	0.010	0.081	0.373	0.000	0.510
neutral	0.085	0.000	0.008	0.236	0.267	0.001	0.403
happy	0.034	0.000	0.003	0.427	0.112	0.000	0.424
happy	0.206	0.000	0.008	0.338	0.309	0.000	0.139
neutral	0.036	0.000	0.017	0.178	0.291	0.001	0.477
neutral	0.046	0.000	0.012	0.199	0.224	0.001	0.519
neutral	0.068	0.000	0.007	0.115	0.226	0.001	0.583
happy	0.099	0.000	0.008	0.387	0.343	0.000	0.163
neutral	0.062	0.000	0.008	0.086	0.315	0.001	0.528
neutral	0.030	0.000	0.006	0.079	0.172	0.002	0.711
neutral	0.015	0.000	0.001	0.028	0.056	0.001	0.899
neutral	0.010	0.000	0.010	0.013	0.145	0.001	0.822
neutral	0.009	0.000	0.009	0.050	0.243	0.001	0.688
neutral	0.010	0.000	0.007	0.134	0.124	0.001	0.725
neutral	0.014	0.000	0.004	0.016	0.270	0.000	0.696
neutral	0.024	0.000	0.007	0.025	0.389	0.000	0.554
neutral	0.024	0.000	0.007	0.024	0.456	0.000	0.489
neutral	0.048	0.000	0.005	0.040	0.209	0.000	0.698
sad	0.008	0.000	0.016	0.007	0.621	0.001	0.346
sad	0.018	0.000	0.071	0.008	0.779	0.004	0.121
sad	0.050	0.000	0.035	0.041	0.523	0.006	0.345
sad	0.033	0.000	0.077	0.018	0.687	0.006	0.180
sad	0.139	0.000	0.237	0.007	0.462	0.039	0.116
neutral	0.201	0.000	0.138	0.032	0.170	0.047	0.411
sad	0.138	0.000	0.250	0.008	0.455	0.016	0.133
sad	0.119	0.000	0.239	0.023	0.315	0.016	0.289
sad	0.126	0.000	0.113	0.076	0.354	0.028	0.304
neutral	0.079	0.000	0.003	0.288	0.078	0.000	0.552
happy	0.019	0.000	0.020	0.823	0.051	0.004	0.083
happy	0.026	0.000	0.027	0.736	0.043	0.004	0.164
happy	0.067	0.000	0.009	0.502	0.070	0.001	0.350
neutral	0.033	0.000	0.014	0.110	0.156	0.002	0.685
neutral	0.028	0.000	0.012	0.198	0.087	0.001	0.674
sad	0.017	0.000	0.073	0.032	0.561	0.010	0.307
neutral	0.011	0.000	0.004	0.167	0.076	0.000	0.742
neutral	0.015	0.000	0.002	0.040	0.232	0.000	0.711
neutral	0.009	0.000	0.005	0.045	0.096	0.000	0.844
neutral	0.011	0.000	0.006	0.136	0.039	0.001	0.808
neutral	0.008	0.000	0.006	0.132	0.081	0.001	0.772
neutral	0.002	0.000	0.001	0.314	0.016	0.000	0.666
neutral	0.004	0.000	0.005	0.094	0.167	0.000	0.729
neutral	0.002	0.000	0.002	0.129	0.035	0.000	0.832
neutral	0.012	0.000	0.018	0.191	0.164	0.001	0.615
neutral	0.016	0.000	0.005	0.142	0.083	0.001	0.754
neutral	0.005	0.000	0.028	0.053	0.182	0.007	0.725
sad	0.020	0.000	0.096	0.052	0.470	0.120	0.242
sad	0.022	0.000	0.226	0.023	0.514	0.045	0.170
neutral	0.070	0.000	0.015	0.061	0.354	0.001	0.500
neutral	0.020	0.000	0.040	0.137	0.206	0.004	0.593
neutral	0.015	0.000	0.053	0.025	0.360	0.001	0.547
neutral	0.004	0.000	0.003	0.060	0.142	0.000	0.791
neutral	0.012	0.000	0.014	0.040	0.126	0.001	0.807
neutral	0.003	0.000	0.033	0.015	0.203	0.001	0.744
neutral	0.005	0.000	0.029	0.109	0.098	0.012	0.747
neutral	0.006	0.000	0.003	0.171	0.057	0.000	0.763
neutral	0.005	0.000	0.003	0.330	0.056	0.000	0.606
happy	0.003	0.000	0.006	0.767	0.023	0.007	0.194
neutral	0.001	0.000	0.005	0.149	0.066	0.002	0.778
neutral	0.007	0.000	0.004	0.095	0.067	0.001	0.826
happy	0.003	0.000	0.008	0.562	0.037	0.004	0.386
happy	0.008	0.000	0.008	0.797	0.026	0.007	0.155
neutral	0.010	0.000	0.002	0.203	0.050	0.001	0.735
happy	0.001	0.000	0.005	0.956	0.007	0.006	0.024
sad	0.030	0.000	0.067	0.129	0.406	0.005	0.364
neutral	0.017	0.000	0.003	0.265	0.169	0.000	0.546
neutral	0.051	0.000	0.020	0.173	0.224	0.004	0.528
happy	0.033	0.000	0.012	0.507	0.146	0.002	0.301
neutral	0.010	0.000	0.008	0.118	0.158	0.001	0.706
neutral	0.017	0.000	0.017	0.175	0.355	0.003	0.433
sad	0.037	0.000	0.031	0.287	0.331	0.011	0.304
sad	0.027	0.000	0.022	0.121	0.524	0.005	0.300
happy	0.017	0.000	0.005	0.829	0.040	0.001	0.108
happy	0.025	0.000	0.006	0.842	0.041	0.001	0.085
happy	0.036	0.000	0.057	0.463	0.173	0.008	0.262
happy	0.083	0.000	0.013	0.504	0.184	0.001	0.216
sad	0.024	0.000	0.035	0.211	0.433	0.002	0.295
happy	0.030	0.000	0.009	0.452	0.113	0.000	0.395
happy	0.029	0.000	0.020	0.644	0.080	0.002	0.225
happy	0.033	0.000	0.020	0.510	0.100	0.001	0.336
neutral	0.067	0.000	0.016	0.285	0.212	0.002	0.419
happy	0.149	0.000	0.029	0.321	0.283	0.013	0.205
happy	0.148	0.000	0.004	0.634	0.046	0.003	0.165
sad	0.219	0.000	0.010	0.273	0.277	0.001	0.220
neutral	0.142	0.000	0.014	0.097	0.272	0.001	0.473
neutral	0.168	0.000	0.011	0.030	0.317	0.001	0.474
neutral	0.130	0.000	0.027	0.052	0.173	0.001	0.616
neutral	0.074	0.000	0.025	0.059	0.255	0.001	0.585
neutral	0.119	0.000	0.031	0.114	0.150	0.004	0.582
neutral	0.100	0.000	0.010	0.030	0.165	0.000	0.695
happy	0.039	0.000	0.036	0.740	0.051	0.034	0.100
happy	0.050	0.000	0.045	0.614	0.065	0.043	0.182
happy	0.015	0.000	0.009	0.462	0.082	0.002	0.429
neutral	0.007	0.000	0.014	0.357	0.065	0.004	0.554
neutral	0.006	0.000	0.003	0.282	0.030	0.000	0.679
neutral	0.006	0.000	0.001	0.460	0.020	0.000	0.512
neutral	0.092	0.000	0.006	0.068	0.100	0.002	0.732
neutral	0.054	0.000	0.001	0.296	0.037	0.001	0.610
neutral	0.054	0.000	0.002	0.249	0.043	0.002	0.650
neutral	0.087	0.000	0.007	0.276	0.130	0.004	0.497
neutral	0.060	0.000	0.011	0.203	0.163	0.002	0.561
neutral	0.029	0.000	0.049	0.019	0.060	0.011	0.832
neutral	0.283	0.000	0.014	0.054	0.181	0.009	0.460
neutral	0.143	0.000	0.052	0.084	0.299	0.007	0.416
neutral	0.104	0.000	0.109	0.011	0.354	0.009	0.413
neutral	0.106	0.000	0.060	0.009	0.241	0.014	0.570
neutral	0.163	0.000	0.085	0.025	0.143	0.018	0.566
fear	0.064	0.000	0.345	0.006	0.278	0.173	0.134
neutral	0.042	0.000	0.230	0.109	0.127	0.219	0.273
fear	0.058	0.000	0.334	0.022	0.142	0.273	0.171
fear	0.082	0.000	0.301	0.066	0.100	0.294	0.157
neutral	0.047	0.000	0.057	0.174	0.120	0.187	0.415
neutral	0.039	0.000	0.120	0.065	0.139	0.044	0.593
neutral	0.047	0.000	0.118	0.038	0.210	0.031	0.556
neutral	0.093	0.000	0.164	0.005	0.277	0.019	0.442
neutral	0.085	0.000	0.077	0.025	0.121	0.017	0.675
neutral	0.090	0.000	0.057	0.047	0.229	0.009	0.568
neutral	0.075	0.000	0.012	0.073	0.137	0.001	0.701
happy	0.009	0.000	0.002	0.571	0.015	0.001	0.402
happy	0.005	0.000	0.004	0.632	0.024	0.000	0.334
happy	0.001	0.000	0.001	0.967	0.009	0.000	0.022
happy	0.002	0.000	0.000	0.994	0.001	0.000	0.003
happy	0.001	0.000	0.000	0.998	0.000	0.000	0.001
happy	0.001	0.000	0.000	0.997	0.000	0.000	0.001
happy	0.002	0.000	0.000	0.997	0.000	0.000	0.001
happy	0.002	0.000	0.000	0.996	0.000	0.000	0.002
happy	0.001	0.000	0.000	0.993	0.001	0.000	0.004
happy	0.015	0.000	0.003	0.863	0.037	0.001	0.080
happy	0.031	0.000	0.018	0.867	0.035	0.012	0.038
neutral	0.078	0.000	0.054	0.194	0.216	0.000	0.457
happy	0.022	0.000	0.035	0.666	0.076	0.004	0.197
happy	0.001	0.000	0.000	0.996	0.000	0.000	0.003
happy	0.001	0.000	0.001	0.991	0.001	0.000	0.006
happy	0.007	0.000	0.001	0.982	0.005	0.000	0.005
happy	0.029	0.000	0.002	0.914	0.016	0.000	0.039
happy	0.050	0.000	0.001	0.758	0.044	0.000	0.148
happy	0.074	0.000	0.011	0.715	0.106	0.000	0.094
neutral	0.010	0.000	0.018	0.376	0.101	0.001	0.494
happy	0.027	0.000	0.034	0.347	0.318	0.001	0.272
happy	0.005	0.000	0.007	0.607	0.073	0.001	0.308
happy	0.023	0.000	0.067	0.601	0.126	0.001	0.182
happy	0.051	0.000	0.033	0.501	0.195	0.000	0.220
happy	0.003	0.000	0.000	0.941	0.003	0.000	0.054
happy	0.016	0.000	0.016	0.549	0.141	0.000	0.278
happy	0.060	0.000	0.032	0.521	0.130	0.001	0.256
happy	0.043	0.000	0.010	0.526	0.103	0.000	0.318
sad	0.060	0.000	0.132	0.226	0.430	0.051	0.101
sad	0.019	0.000	0.145	0.023	0.571	0.186	0.057
neutral	0.011	0.000	0.007	0.296	0.199	0.000	0.486
happy	0.029	0.000	0.006	0.561	0.144	0.000	0.259
neutral	0.012	0.000	0.003	0.129	0.119	0.000	0.737
neutral	0.001	0.000	0.007	0.028	0.094	0.001	0.868
neutral	0.003	0.000	0.003	0.323	0.053	0.001	0.618
neutral	0.005	0.000	0.001	0.085	0.075	0.000	0.834
happy	0.003	0.000	0.005	0.559	0.025	0.002	0.406
happy	0.008	0.000	0.007	0.486	0.051	0.001	0.447
neutral	0.006	0.000	0.005	0.255	0.071	0.001	0.662
happy	0.002	0.000	0.004	0.716	0.028	0.002	0.248
happy	0.022	0.000	0.004	0.804	0.040	0.002	0.129
happy	0.029	0.000	0.034	0.650	0.066	0.019	0.202
happy	0.003	0.000	0.009	0.683	0.050	0.006	0.248
happy	0.025	0.000	0.018	0.633	0.082	0.013	0.229
sad	0.077	0.000	0.032	0.173	0.375	0.001	0.341
neutral	0.119	0.000	0.035	0.243	0.210	0.003	0.390
happy	0.087	0.000	0.023	0.482	0.139	0.013	0.256
happy	0.044	0.000	0.037	0.465	0.175	0.007	0.272
neutral	0.110	0.000	0.119	0.054	0.351	0.012	0.354
neutral	0.049	0.000	0.012	0.298	0.152	0.002	0.487
neutral	0.068	0.000	0.011	0.157	0.254	0.001	0.509
happy	0.120	0.000	0.027	0.300	0.287	0.005	0.261
neutral	0.039	0.000	0.051	0.264	0.190	0.034	0.422
neutral	0.040	0.000	0.021	0.300	0.282	0.002	0.354
happy	0.020	0.000	0.022	0.750	0.061	0.006	0.140
neutral	0.049	0.000	0.028	0.206	0.354	0.002	0.362
happy	0.049	0.000	0.034	0.770	0.060	0.036	0.052
happy	0.021	0.000	0.018	0.864	0.018	0.011	0.069
happy	0.029	0.000	0.025	0.814	0.035	0.008	0.089
happy	0.007	0.000	0.003	0.658	0.043	0.000	0.289
happy	0.005	0.000	0.002	0.833	0.017	0.000	0.144
happy	0.002	0.000	0.004	0.718	0.027	0.001	0.248
happy	0.016	0.000	0.002	0.517	0.062	0.001	0.402
happy	0.043	0.000	0.002	0.496	0.096	0.001	0.362
neutral	0.011	0.000	0.002	0.429	0.065	0.000	0.493
neutral	0.008	0.000	0.005	0.373	0.045	0.001	0.568
neutral	0.005	0.000	0.008	0.224	0.166	0.000	0.597
neutral	0.011	0.000	0.001	0.194	0.072	0.000	0.723
happy	0.036	0.000	0.001	0.450	0.071	0.000	0.442
neutral	0.021	0.000	0.003	0.046	0.096	0.001	0.833
neutral	0.058	0.000	0.011	0.354	0.106	0.005	0.466
neutral	0.025	0.000	0.006	0.056	0.081	0.001	0.832
neutral	0.094	0.000	0.018	0.165	0.103	0.002	0.618
neutral	0.114	0.000	0.006	0.149	0.089	0.005	0.636
neutral	0.125	0.000	0.005	0.120	0.126	0.010	0.613
neutral	0.067	0.000	0.010	0.188	0.180	0.001	0.553
neutral	0.063	0.000	0.021	0.207	0.179	0.006	0.523
neutral	0.080	0.000	0.195	0.106	0.300	0.007	0.312
sad	0.031	0.000	0.117	0.036	0.663	0.005	0.149
neutral	0.105	0.000	0.121	0.110	0.262	0.050	0.351
angry	0.653	0.001	0.034	0.090	0.045	0.005	0.172
sad	0.151	0.000	0.165	0.050	0.369	0.025	0.240
angry	0.525	0.001	0.050	0.117	0.066	0.007	0.235
sad	0.085	0.000	0.076	0.145	0.436	0.030	0.228
angry	0.637	0.000	0.058	0.070	0.058	0.004	0.173
neutral	0.078	0.000	0.159	0.077	0.306	0.068	0.311
sad	0.183	0.000	0.204	0.101	0.278	0.044	0.190
angry	0.525	0.001	0.036	0.100	0.083	0.008	0.248
angry	0.479	0.001	0.059	0.131	0.076	0.007	0.248
sad	0.118	0.000	0.272	0.044	0.363	0.010	0.193
sad	0.106	0.000	0.336	0.058	0.355	0.016	0.129
fear	0.071	0.001	0.399	0.066	0.082	0.172	0.209
fear	0.026	0.000	0.623	0.037	0.213	0.024	0.077
angry	0.455	0.002	0.047	0.126	0.071	0.017	0.282
angry	0.573	0.001	0.057	0.123	0.075	0.007	0.165
angry	0.577	0.001	0.044	0.124	0.071	0.008	0.174
fear	0.041	0.000	0.426	0.014	0.341	0.010	0.169
angry	0.369	0.003	0.048	0.170	0.117	0.020	0.273
fear	0.081	0.002	0.472	0.044	0.072	0.113	0.216
sad	0.119	0.000	0.298	0.035	0.377	0.017	0.155
angry	0.480	0.002	0.029	0.117	0.092	0.022	0.257
fear	0.062	0.011	0.385	0.102	0.069	0.092	0.279
neutral	0.306	0.002	0.011	0.174	0.081	0.038	0.388
neutral	0.067	0.002	0.286	0.119	0.087	0.058	0.383
happy	0.012	0.000	0.022	0.387	0.189	0.005	0.384
neutral	0.151	0.001	0.014	0.124	0.108	0.028	0.574
happy	0.129	0.000	0.054	0.419	0.119	0.008	0.271
happy	0.016	0.000	0.034	0.423	0.101	0.013	0.412
happy	0.079	0.000	0.130	0.335	0.141	0.050	0.265
neutral	0.020	0.000	0.081	0.096	0.283	0.011	0.508
happy	0.025	0.000	0.029	0.725	0.044	0.016	0.161
neutral	0.094	0.000	0.071	0.286	0.100	0.041	0.407
neutral	0.083	0.000	0.032	0.314	0.184	0.006	0.381
happy	0.023	0.000	0.011	0.723	0.039	0.013	0.191
neutral	0.039	0.000	0.013	0.365	0.082	0.024	0.477
happy	0.041	0.000	0.005	0.573	0.026	0.010	0.346
happy	0.043	0.000	0.019	0.395	0.218	0.007	0.318
neutral	0.055	0.000	0.006	0.235	0.116	0.004	0.584
neutral	0.036	0.000	0.019	0.262	0.178	0.000	0.505
neutral	0.024	0.000	0.016	0.376	0.180	0.001	0.402
neutral	0.048	0.000	0.009	0.056	0.233	0.003	0.652
neutral	0.016	0.000	0.009	0.128	0.373	0.001	0.472
happy	0.016	0.000	0.003	0.525	0.128	0.002	0.325
happy	0.024	0.000	0.010	0.398	0.197	0.004	0.367
sad	0.033	0.000	0.008	0.220	0.444	0.001	0.294
neutral	0.015	0.000	0.003	0.073	0.351	0.000	0.558
neutral	0.007	0.000	0.003	0.014	0.348	0.000	0.627
neutral	0.072	0.000	0.029	0.189	0.204	0.001	0.505
neutral	0.076	0.000	0.007	0.136	0.162	0.001	0.618
neutral	0.069	0.000	0.049	0.055	0.360	0.003	0.464
neutral	0.073	0.000	0.006	0.005	0.155	0.001	0.760
neutral	0.030	0.000	0.002	0.249	0.070	0.001	0.648
neutral	0.027	0.000	0.007	0.379	0.043	0.002	0.542
neutral	0.023	0.000	0.009	0.365	0.066	0.002	0.535
happy	0.079	0.000	0.006	0.486	0.062	0.004	0.364
happy	0.030	0.000	0.004	0.816	0.012	0.003	0.134
neutral	0.125	0.000	0.076	0.316	0.149	0.016	0.318
happy	0.016	0.000	0.012	0.677	0.040	0.007	0.249
neutral	0.049	0.000	0.030	0.384	0.136	0.005	0.396
neutral	0.064	0.000	0.016	0.096	0.127	0.007	0.690
neutral	0.063	0.000	0.018	0.081	0.205	0.007	0.625
neutral	0.071	0.000	0.031	0.058	0.216	0.001	0.623
neutral	0.161	0.000	0.031	0.059	0.193	0.007	0.548
neutral	0.107	0.000	0.023	0.035	0.307	0.003	0.525
neutral	0.076	0.000	0.019	0.060	0.237	0.004	0.604
happy	0.151	0.000	0.071	0.598	0.070	0.009	0.101
neutral	0.065	0.000	0.017	0.049	0.141	0.004	0.724
happy	0.106	0.000	0.101	0.502	0.194	0.010	0.087
neutral	0.028	0.000	0.018	0.035	0.172	0.001	0.746
neutral	0.014	0.000	0.040	0.096	0.184	0.004	0.662
happy	0.143	0.000	0.124	0.339	0.285	0.023	0.086
neutral	0.039	0.000	0.020	0.052	0.284	0.003	0.602
neutral	0.019	0.000	0.034	0.079	0.159	0.002	0.707
happy	0.087	0.000	0.111	0.564	0.079	0.009	0.149
neutral	0.025	0.000	0.094	0.025	0.344	0.001	0.511
sad	0.037	0.000	0.080	0.012	0.589	0.001	0.281
sad	0.112	0.000	0.064	0.060	0.493	0.003	0.268
sad	0.096	0.000	0.099	0.018	0.432	0.002	0.353
neutral	0.140	0.000	0.040	0.033	0.360	0.002	0.426
sad	0.029	0.000	0.129	0.023	0.515	0.001	0.303
sad	0.042	0.000	0.070	0.032	0.546	0.004	0.306
neutral	0.047	0.000	0.057	0.042	0.249	0.006	0.598
neutral	0.035	0.000	0.031	0.051	0.133	0.002	0.748
neutral	0.046	0.000	0.071	0.022	0.325	0.003	0.533
neutral	0.032	0.000	0.145	0.057	0.308	0.001	0.458
neutral	0.037	0.000	0.072	0.038	0.363	0.001	0.489
neutral	0.023	0.000	0.128	0.077	0.329	0.002	0.442
neutral	0.034	0.000	0.070	0.056	0.357	0.002	0.481
neutral	0.027	0.000	0.076	0.067	0.370	0.001	0.459
sad	0.030	0.000	0.090	0.042	0.452	0.001	0.386
neutral	0.044	0.000	0.020	0.050	0.117	0.002	0.767
happy	0.150	0.000	0.176	0.423	0.176	0.024	0.050
neutral	0.029	0.000	0.013	0.051	0.124	0.001	0.781
neutral	0.025	0.000	0.021	0.027	0.139	0.003	0.785
neutral	0.023	0.000	0.012	0.025	0.098	0.002	0.840
neutral	0.034	0.000	0.044	0.035	0.330	0.001	0.556
neutral	0.028	0.000	0.059	0.039	0.299	0.001	0.574
happy	0.171	0.000	0.172	0.379	0.198	0.007	0.073
sad	0.056	0.000	0.089	0.069	0.450	0.001	0.335
happy	0.124	0.000	0.075	0.607	0.110	0.007	0.077
sad	0.039	0.000	0.095	0.015	0.549	0.002	0.301
sad	0.043	0.000	0.076	0.021	0.547	0.001	0.312
sad	0.057	0.000	0.079	0.020	0.471	0.002	0.371
neutral	0.060	0.000	0.042	0.023	0.340	0.002	0.534
neutral	0.062	0.000	0.065	0.023	0.325	0.003	0.523
neutral	0.083	0.000	0.051	0.041	0.316	0.003	0.507
happy	0.171	0.000	0.192	0.327	0.162	0.013	0.135
neutral	0.026	0.000	0.020	0.052	0.353	0.005	0.544
fear	0.106	0.000	0.380	0.296	0.067	0.049	0.102
neutral	0.240	0.000	0.008	0.035	0.191	0.001	0.524
neutral	0.054	0.000	0.017	0.022	0.370	0.002	0.535
sad	0.041	0.000	0.020	0.022	0.597	0.001	0.320
neutral	0.030	0.000	0.011	0.096	0.274	0.001	0.588
neutral	0.063	0.000	0.065	0.045	0.336	0.001	0.488
sad	0.038	0.000	0.085	0.008	0.634	0.005	0.231
neutral	0.071	0.000	0.011	0.005	0.291	0.001	0.622
neutral	0.112	0.000	0.035	0.007	0.294	0.002	0.551
neutral	0.116	0.000	0.039	0.011	0.322	0.005	0.507
sad	0.059	0.000	0.060	0.009	0.434	0.008	0.431
neutral	0.073	0.000	0.036	0.010	0.288	0.002	0.590
sad	0.022	0.000	0.032	0.005	0.548	0.006	0.388
neutral	0.065	0.000	0.007	0.029	0.289	0.001	0.609
neutral	0.015	0.000	0.010	0.016	0.370	0.002	0.587
neutral	0.021	0.000	0.035	0.022	0.252	0.003	0.668
neutral	0.019	0.000	0.013	0.011	0.159	0.000	0.797
neutral	0.004	0.000	0.003	0.063	0.093	0.000	0.836
neutral	0.010	0.000	0.007	0.077	0.201	0.000	0.705
neutral	0.130	0.000	0.006	0.189	0.241	0.000	0.433
happy	0.033	0.000	0.003	0.487	0.111	0.000	0.366
neutral	0.098	0.000	0.013	0.151	0.336	0.001	0.401
neutral	0.084	0.000	0.016	0.267	0.239	0.001	0.393
happy	0.034	0.000	0.010	0.651	0.123	0.001	0.180
happy	0.033	0.000	0.009	0.708	0.071	0.000	0.178
happy	0.030	0.000	0.014	0.578	0.160	0.000	0.217
neutral	0.045	0.000	0.035	0.141	0.182	0.001	0.596
happy	0.043	0.000	0.024	0.467	0.161	0.000	0.304
happy	0.024	0.000	0.034	0.549	0.093	0.002	0.300
happy	0.035	0.000	0.014	0.679	0.114	0.001	0.158
happy	0.051	0.000	0.018	0.463	0.273	0.001	0.194
happy	0.064	0.000	0.010	0.362	0.202	0.000	0.361
happy	0.040	0.000	0.016	0.595	0.108	0.000	0.240
happy	0.059	0.000	0.018	0.440	0.176	0.000	0.306
happy	0.040	0.000	0.015	0.441	0.221	0.001	0.283
neutral	0.044	0.000	0.018	0.346	0.229	0.000	0.363
happy	0.040	0.000	0.009	0.525	0.167	0.000	0.259
happy	0.030	0.000	0.012	0.429	0.231	0.000	0.297
happy	0.064	0.000	0.011	0.564	0.126	0.000	0.235
happy	0.022	0.000	0.010	0.683	0.105	0.000	0.179
happy	0.188	0.000	0.079	0.397	0.149	0.014	0.172
happy	0.053	0.000	0.032	0.312	0.294	0.001	0.308
happy	0.100	0.000	0.069	0.370	0.186	0.009	0.265
happy	0.020	0.000	0.011	0.509	0.183	0.001	0.277
happy	0.102	0.000	0.082	0.333	0.169	0.012	0.301
happy	0.034	0.000	0.011	0.628	0.113	0.000	0.214
neutral	0.051	0.000	0.017	0.375	0.146	0.001	0.410
neutral	0.025	0.000	0.014	0.381	0.128	0.001	0.450
happy	0.020	0.000	0.008	0.594	0.096	0.001	0.281
happy	0.037	0.000	0.006	0.627	0.087	0.001	0.242
neutral	0.032	0.000	0.011	0.366	0.124	0.001	0.466
neutral	0.037	0.000	0.010	0.389	0.109	0.001	0.454
happy	0.097	0.000	0.010	0.593	0.108	0.000	0.191
happy	0.031	0.000	0.007	0.574	0.075	0.000	0.313
happy	0.046	0.000	0.009	0.415	0.118	0.001	0.411
happy	0.025	0.000	0.008	0.625	0.083	0.001	0.259
neutral	0.017	0.000	0.007	0.308	0.114	0.001	0.553
happy	0.097	0.000	0.011	0.384	0.134	0.002	0.373
neutral	0.095	0.000	0.012	0.303	0.188	0.002	0.400
happy	0.103	0.000	0.009	0.352	0.275	0.000	0.261
neutral	0.045	0.000	0.012	0.405	0.126	0.001	0.411
neutral	0.156	0.000	0.016	0.278	0.264	0.000	0.285
happy	0.071	0.000	0.006	0.636	0.087	0.000	0.199
happy	0.068	0.000	0.005	0.686	0.084	0.000	0.157
happy	0.075	0.000	0.004	0.691	0.061	0.000	0.168
happy	0.033	0.000	0.012	0.527	0.117	0.001	0.310
happy	0.045	0.000	0.020	0.638	0.125	0.002	0.170
sad	0.129	0.000	0.066	0.145	0.365	0.003	0.292
happy	0.030	0.000	0.043	0.545	0.194	0.002	0.187
happy	0.080	0.000	0.035	0.555	0.103	0.009	0.219
sad	0.050	0.000	0.054	0.113	0.520	0.002	0.260
neutral	0.066	0.000	0.031	0.186	0.308	0.002	0.408
neutral	0.045	0.000	0.030	0.040	0.441	0.002	0.442
sad	0.092	0.000	0.085	0.156	0.457	0.007	0.203
neutral	0.062	0.000	0.024	0.134	0.228	0.002	0.550
happy	0.058	0.000	0.020	0.515	0.133	0.002	0.272
neutral	0.057	0.000	0.028	0.056	0.409	0.002	0.449
sad	0.061	0.000	0.034	0.324	0.326	0.001	0.255
sad	0.067	0.000	0.034	0.295	0.420	0.001	0.184
sad	0.072	0.000	0.053	0.041	0.669	0.001	0.164
neutral	0.109	0.000	0.025	0.280	0.273	0.001	0.311
happy	0.028	0.000	0.014	0.731	0.079	0.001	0.147
sad	0.036	0.000	0.046	0.111	0.593	0.001	0.214
happy	0.051	0.000	0.011	0.589	0.107	0.001	0.240
sad	0.037	0.000	0.069	0.255	0.329	0.001	0.310
happy	0.067	0.000	0.022	0.313	0.295	0.001	0.302
sad	0.057	0.000	0.055	0.065	0.586	0.001	0.237
happy	0.080	0.000	0.018	0.372	0.189	0.001	0.340
sad	0.100	0.000	0.044	0.084	0.460	0.001	0.311
sad	0.061	0.000	0.026	0.054	0.608	0.001	0.250
neutral	0.070	0.000	0.065	0.076	0.366	0.002	0.421
sad	0.075	0.000	0.023	0.087	0.466	0.001	0.349
sad	0.095	0.000	0.026	0.281	0.303	0.002	0.293
sad	0.059	0.000	0.043	0.073	0.557	0.001	0.267
sad	0.064	0.000	0.039	0.050	0.609	0.000	0.237
sad	0.073	0.000	0.042	0.072	0.508	0.001	0.304
neutral	0.100	0.000	0.042	0.175	0.332	0.001	0.350
happy	0.024	0.000	0.007	0.611	0.072	0.001	0.285
neutral	0.104	0.000	0.014	0.271	0.239	0.001	0.372
happy	0.031	0.000	0.007	0.618	0.091	0.001	0.253
sad	0.073	0.000	0.028	0.186	0.364	0.000	0.349
neutral	0.065	0.000	0.030	0.218	0.330	0.000	0.357
happy	0.060	0.000	0.036	0.394	0.232	0.001	0.277
neutral	0.054	0.000	0.020	0.293	0.262	0.001	0.370
sad	0.042	0.000	0.023	0.145	0.540	0.000	0.249
sad	0.047	0.000	0.022	0.092	0.620	0.000	0.220
happy	0.046	0.000	0.008	0.727	0.073	0.001	0.145
sad	0.067	0.000	0.030	0.214	0.481	0.001	0.207
sad	0.044	0.000	0.030	0.096	0.625	0.001	0.204
sad	0.063	0.000	0.031	0.078	0.661	0.000	0.167
sad	0.092	0.000	0.030	0.160	0.435	0.002	0.282
sad	0.080	0.000	0.047	0.159	0.530	0.002	0.182
sad	0.071	0.000	0.037	0.060	0.616	0.001	0.215
sad	0.094	0.000	0.025	0.164	0.512	0.001	0.205
sad	0.094	0.000	0.025	0.090	0.489	0.000	0.301
sad	0.078	0.000	0.045	0.119	0.545	0.001	0.211
sad	0.156	0.000	0.038	0.076	0.451	0.001	0.278
sad	0.059	0.000	0.033	0.171	0.509	0.001	0.227
neutral	0.041	0.000	0.089	0.212	0.288	0.002	0.369
sad	0.049	0.000	0.085	0.113	0.495	0.001	0.257
sad	0.047	0.000	0.046	0.135	0.505	0.001	0.267
sad	0.096	0.000	0.057	0.154	0.495	0.001	0.197
sad	0.034	0.000	0.073	0.138	0.511	0.001	0.243
sad	0.063	0.000	0.039	0.229	0.417	0.001	0.251
neutral	0.075	0.000	0.031	0.057	0.409	0.001	0.427
happy	0.049	0.000	0.019	0.473	0.151	0.002	0.305
