prediction	angry	disgust	fear	happy	sad	surprise	neutral
neutral	0.209	0.000	0.008	0.146	0.081	0.005	0.552
neutral	0.196	0.000	0.001	0.082	0.030	0.001	0.691
neutral	0.333	0.000	0.000	0.096	0.033	0.001	0.537
neutral	0.209	0.000	0.001	0.095	0.030	0.001	0.664
neutral	0.132	0.000	0.001	0.122	0.040	0.002	0.703
neutral	0.169	0.000	0.002	0.079	0.037	0.003	0.711
neutral	0.146	0.000	0.001	0.082	0.057	0.003	0.710
neutral	0.123	0.000	0.002	0.129	0.069	0.001	0.677
neutral	0.166	0.000	0.003	0.097	0.082	0.001	0.652
neutral	0.166	0.000	0.002	0.104	0.070	0.001	0.657
neutral	0.173	0.000	0.001	0.091	0.077	0.001	0.656
neutral	0.174	0.000	0.002	0.051	0.081	0.001	0.692
neutral	0.174	0.000	0.004	0.062	0.109	0.003	0.648
angry	0.388	0.000	0.003	0.087	0.147	0.002	0.374
neutral	0.352	0.000	0.002	0.044	0.103	0.002	0.497
neutral	0.307	0.000	0.002	0.101	0.048	0.004	0.538
neutral	0.182	0.000	0.002	0.060	0.076	0.001	0.679
neutral	0.232	0.000	0.003	0.138	0.056	0.002	0.569
neutral	0.161	0.000	0.004	0.033	0.085	0.002	0.716
neutral	0.186	0.000	0.004	0.083	0.066	0.005	0.655
neutral	0.182	0.000	0.010	0.227	0.069	0.009	0.502
neutral	0.284	0.000	0.003	0.049	0.108	0.001	0.555
neutral	0.225	0.000	0.006	0.122	0.086	0.004	0.557
neutral	0.225	0.000	0.005	0.188	0.062	0.008	0.513
neutral	0.209	0.000	0.003	0.160	0.055	0.003	0.571
neutral	0.134	0.000	0.005	0.175	0.047	0.013	0.626
neutral	0.202	0.000	0.005	0.232	0.058	0.006	0.498
neutral	0.141	0.000	0.005	0.080	0.086	0.007	0.681
neutral	0.142	0.000	0.004	0.161	0.051	0.007	0.634
neutral	0.153	0.000	0.004	0.164	0.052	0.009	0.617
neutral	0.126	0.000	0.003	0.178	0.044	0.010	0.639
neutral	0.142	0.000	0.004	0.107	0.053	0.007	0.689
neutral	0.223	0.000	0.003	0.078	0.046	0.006	0.644
neutral	0.144	0.000	0.002	0.272	0.023	0.006	0.554
neutral	0.151	0.000	0.001	0.220	0.041	0.007	0.580
neutral	0.174	0.000	0.003	0.119	0.041	0.007	0.656
neutral	0.154	0.000	0.003	0.067	0.044	0.006	0.727
neutral	0.172	0.000	0.003	0.095	0.064	0.004	0.662
neutral	0.160	0.000	0.002	0.153	0.056	0.005	0.623
neutral	0.122	0.000	0.003	0.120	0.054	0.006	0.696
neutral	0.191	0.000	0.003	0.092	0.076	0.006	0.631
neutral	0.169	0.000	0.005	0.155	0.047	0.007	0.618
neutral	0.119	0.000	0.010	0.130	0.114	0.003	0.624
neutral	0.126	0.000	0.015	0.155	0.098	0.004	0.602
neutral	0.098	0.000	0.008	0.160	0.056	0.007	0.672
neutral	0.159	0.000	0.006	0.137	0.057	0.007	0.634
neutral	0.164	0.000	0.004	0.094	0.059	0.003	0.675
neutral	0.143	0.000	0.002	0.126	0.047	0.003	0.679
neutral	0.141	0.000	0.002	0.129	0.042	0.002	0.683
neutral	0.235	0.000	0.007	0.209	0.048	0.006	0.495
neutral	0.243	0.000	0.002	0.215	0.053	0.005	0.483
neutral	0.188	0.000	0.002	0.246	0.045	0.007	0.512
neutral	0.177	0.000	0.002	0.220	0.069	0.003	0.529
neutral	0.175	0.000	0.009	0.249	0.063	0.016	0.489
neutral	0.155	0.000	0.002	0.367	0.035	0.004	0.436
neutral	0.150	0.000	0.003	0.147	0.055	0.008	0.637
neutral	0.136	0.000	0.003	0.172	0.048	0.009	0.631
neutral	0.201	0.000	0.001	0.237	0.037	0.005	0.519
neutral	0.129	0.000	0.002	0.178	0.036	0.009	0.647
neutral	0.209	0.000	0.003	0.225	0.045	0.007	0.510
neutral	0.181	0.000	0.001	0.297	0.048	0.003	0.470
neutral	0.113	0.000	0.001	0.228	0.044	0.005	0.608
neutral	0.135	0.000	0.003	0.145	0.048	0.013	0.656
neutral	0.156	0.000	0.004	0.223	0.055	0.008	0.554
neutral	0.236	0.000	0.006	0.242	0.067	0.010	0.439
neutral	0.209	0.000	0.002	0.246	0.043	0.002	0.498
neutral	0.197	0.000	0.001	0.257	0.044	0.003	0.498
neutral	0.185	0.000	0.009	0.249	0.078	0.007	0.473
neutral	0.196	0.000	0.006	0.310	0.045	0.012	0.431
happy	0.054	0.000	0.002	0.682	0.012	0.007	0.244
happy	0.069	0.000	0.001	0.637	0.024	0.002	0.267
happy	0.045	0.000	0.001	0.764	0.008	0.002	0.180
happy	0.050	0.000	0.002	0.553	0.009	0.004	0.382
neutral	0.099	0.000	0.002	0.405	0.049	0.004	0.442
neutral	0.418	0.000	0.005	0.056	0.044	0.011	0.465
neutral	0.238	0.000	0.006	0.006	0.157	0.002	0.592
neutral	0.125	0.000	0.002	0.045	0.045	0.001	0.783
neutral	0.194	0.000	0.005	0.059	0.065	0.003	0.674
neutral	0.156	0.000	0.002	0.131	0.068	0.001	0.641
neutral	0.095	0.000	0.002	0.242	0.048	0.003	0.610
neutral	0.100	0.000	0.002	0.140	0.063	0.002	0.694
neutral	0.152	0.000	0.002	0.120	0.069	0.003	0.654
neutral	0.233	0.000	0.004	0.030	0.060	0.008	0.665
neutral	0.116	0.000	0.006	0.010	0.062	0.007	0.799
neutral	0.201	0.000	0.007	0.012	0.097	0.003	0.679
neutral	0.043	0.000	0.002	0.027	0.026	0.001	0.901
neutral	0.092	0.000	0.003	0.044	0.029	0.007	0.825
neutral	0.050	0.000	0.003	0.056	0.029	0.002	0.861
neutral	0.257	0.000	0.004	0.029	0.059	0.002	0.649
neutral	0.091	0.000	0.002	0.026	0.031	0.002	0.847
neutral	0.070	0.000	0.002	0.035	0.025	0.001	0.868
neutral	0.102	0.000	0.001	0.024	0.036	0.001	0.835
neutral	0.151	0.000	0.003	0.072	0.055	0.002	0.717
neutral	0.055	0.000	0.002	0.024	0.032	0.001	0.886
neutral	0.061	0.000	0.003	0.020	0.037	0.001	0.879
neutral	0.080	0.000	0.002	0.027	0.036	0.001	0.854
neutral	0.122	0.000	0.002	0.029	0.039	0.001	0.806
neutral	0.118	0.000	0.006	0.031	0.039	0.005	0.801
neutral	0.179	0.000	0.009	0.042	0.066	0.005	0.699
neutral	0.113	0.000	0.007	0.106	0.044	0.008	0.721
neutral	0.118	0.000	0.005	0.056	0.050	0.004	0.767
neutral	0.116	0.000	0.008	0.144	0.036	0.016	0.680
neutral	0.083	0.000	0.002	0.016	0.027	0.001	0.870
neutral	0.035	0.000	0.001	0.046	0.008	0.001	0.909
neutral	0.058	0.000	0.002	0.075	0.012	0.003	0.850
neutral	0.199	0.000	0.002	0.053	0.027	0.003	0.716
neutral	0.168	0.000	0.002	0.013	0.022	0.003	0.792
neutral	0.067	0.000	0.001	0.007	0.019	0.001	0.904
neutral	0.089	0.000	0.003	0.021	0.022	0.003	0.862
neutral	0.051	0.000	0.003	0.061	0.022	0.002	0.861
neutral	0.059	0.000	0.002	0.056	0.017	0.003	0.863
neutral	0.081	0.000	0.002	0.007	0.035	0.001	0.875
neutral	0.196	0.000	0.002	0.008	0.033	0.003	0.759
neutral	0.031	0.000	0.001	0.033	0.011	0.001	0.923
neutral	0.029	0.000	0.001	0.067	0.008	0.003	0.892
neutral	0.027	0.000	0.002	0.028	0.014	0.001	0.927
neutral	0.130	0.000	0.002	0.023	0.043	0.001	0.800
neutral	0.076	0.000	0.001	0.038	0.019	0.001	0.865
neutral	0.043	0.000	0.001	0.065	0.014	0.002	0.875
neutral	0.075	0.000	0.001	0.112	0.011	0.001	0.800
neutral	0.055	0.000	0.001	0.113	0.011	0.001	0.819
neutral	0.084	0.000	0.002	0.102	0.025	0.002	0.785
neutral	0.181	0.000	0.002	0.030	0.027	0.004	0.757
neutral	0.104	0.000	0.002	0.053	0.038	0.002	0.801
neutral	0.057	0.000	0.001	0.019	0.014	0.001	0.908
neutral	0.058	0.000	0.001	0.029	0.012	0.000	0.900
neutral	0.072	0.000	0.001	0.055	0.012	0.001	0.860
neutral	0.120	0.000	0.001	0.120	0.016	0.002	0.741
neutral	0.139	0.000	0.002	0.044	0.034	0.001	0.780
neutral	0.100	0.000	0.003	0.175	0.025	0.002	0.694
neutral	0.099	0.000	0.003	0.235	0.022	0.006	0.635
neutral	0.112	0.000	0.003	0.101	0.031	0.001	0.751
neutral	0.081	0.000	0.001	0.057	0.023	0.001	0.837
neutral	0.088	0.000	0.006	0.044	0.110	0.001	0.751
neutral	0.151	0.000	0.005	0.053	0.051	0.004	0.737
neutral	0.055	0.000	0.002	0.154	0.019	0.001	0.769
neutral	0.078	0.000	0.001	0.057	0.026	0.000	0.838
neutral	0.116	0.000	0.002	0.273	0.017	0.005	0.587
neutral	0.049	0.000	0.001	0.385	0.009	0.005	0.551
neutral	0.031	0.000	0.002	0.295	0.006	0.004	0.662
neutral	0.046	0.000	0.001	0.347	0.007	0.004	0.595
neutral	0.043	0.000	0.002	0.432	0.016	0.003	0.505
neutral	0.056	0.000	0.001	0.308	0.009	0.002	0.626
neutral	0.096	0.000	0.001	0.132	0.031	0.001	0.739
neutral	0.152	0.000	0.002	0.171	0.050	0.001	0.624
neutral	0.274	0.000	0.004	0.049	0.090	0.001	0.583
neutral	0.174	0.000	0.002	0.036	0.052	0.000	0.736
neutral	0.033	0.000	0.002	0.157	0.015	0.004	0.789
neutral	0.024	0.000	0.003	0.087	0.023	0.002	0.861
neutral	0.016	0.000	0.003	0.054	0.017	0.002	0.908
neutral	0.019	0.000	0.002	0.056	0.016	0.001	0.906
neutral	0.040	0.000	0.003	0.025	0.028	0.002	0.902
neutral	0.092	0.000	0.011	0.023	0.046	0.007	0.820
neutral	0.063	0.000	0.021	0.060	0.063	0.008	0.785
neutral	0.154	0.000	0.017	0.025	0.089	0.006	0.709
neutral	0.099	0.000	0.015	0.033	0.062	0.005	0.785
neutral	0.157	0.000	0.012	0.028	0.099	0.002	0.701
neutral	0.199	0.000	0.010	0.021	0.097	0.001	0.671
neutral	0.293	0.000	0.010	0.018	0.116	0.001	0.562
neutral	0.289	0.000	0.011	0.009	0.123	0.001	0.567
neutral	0.180	0.000	0.009	0.017	0.102	0.002	0.690
neutral	0.086	0.000	0.010	0.025	0.057	0.003	0.819
neutral	0.136	0.000	0.011	0.034	0.067	0.004	0.747
neutral	0.076	0.000	0.006	0.026	0.047	0.004	0.841
neutral	0.145	0.000	0.008	0.015	0.061	0.006	0.767
neutral	0.179	0.000	0.005	0.024	0.084	0.005	0.702
neutral	0.131	0.000	0.009	0.027	0.090	0.003	0.741
neutral	0.310	0.000	0.088	0.038	0.111	0.024	0.429
angry	0.363	0.000	0.085	0.014	0.248	0.011	0.279
angry	0.385	0.000	0.097	0.012	0.133	0.077	0.296
angry	0.442	0.000	0.103	0.014	0.123	0.094	0.223
angry	0.396	0.000	0.096	0.104	0.040	0.206	0.158
neutral	0.173	0.000	0.198	0.030	0.103	0.196	0.301
neutral	0.214	0.000	0.187	0.052	0.124	0.059	0.363
neutral	0.218	0.000	0.017	0.024	0.126	0.005	0.611
neutral	0.206	0.000	0.007	0.009	0.087	0.004	0.686
neutral	0.176	0.000	0.018	0.022	0.101	0.009	0.674
neutral	0.263	0.000	0.012	0.015	0.115	0.006	0.589
neutral	0.208	0.000	0.016	0.015	0.109	0.013	0.641
neutral	0.216	0.000	0.014	0.008	0.101	0.007	0.653
neutral	0.310	0.000	0.022	0.017	0.131	0.011	0.509
neutral	0.089	0.000	0.024	0.008	0.135	0.010	0.734
neutral	0.343	0.000	0.012	0.007	0.162	0.002	0.474
neutral	0.347	0.000	0.007	0.011	0.133	0.004	0.498
neutral	0.233	0.000	0.012	0.008	0.160	0.003	0.584
neutral	0.154	0.000	0.010	0.005	0.100	0.007	0.723
neutral	0.213	0.000	0.012	0.015	0.074	0.011	0.675
neutral	0.160	0.000	0.007	0.008	0.069	0.014	0.742
neutral	0.152	0.000	0.009	0.007	0.201	0.001	0.630
neutral	0.092	0.000	0.011	0.012	0.150	0.004	0.731
neutral	0.137	0.000	0.009	0.008	0.154	0.002	0.689
neutral	0.174	0.000	0.006	0.008	0.151	0.001	0.660
neutral	0.168	0.000	0.008	0.003	0.117	0.001	0.702
neutral	0.244	0.000	0.006	0.003	0.075	0.001	0.671
neutral	0.209	0.000	0.005	0.007	0.051	0.002	0.726
neutral	0.217	0.000	0.010	0.009	0.070	0.004	0.690
neutral	0.248	0.000	0.004	0.004	0.094	0.001	0.648
neutral	0.118	0.000	0.002	0.002	0.052	0.001	0.825
neutral	0.134	0.000	0.002	0.003	0.063	0.001	0.796
neutral	0.099	0.000	0.004	0.012	0.028	0.007	0.850
neutral	0.153	0.000	0.002	0.008	0.057	0.001	0.778
neutral	0.070	0.000	0.002	0.014	0.026	0.001	0.887
neutral	0.128	0.000	0.004	0.023	0.053	0.001	0.790
neutral	0.119	0.000	0.004	0.012	0.039	0.003	0.824
neutral	0.114	0.000	0.008	0.029	0.034	0.013	0.803
neutral	0.101	0.000	0.008	0.018	0.037	0.009	0.828
neutral	0.230	0.000	0.009	0.014	0.101	0.003	0.642
neutral	0.071	0.000	0.007	0.017	0.108	0.002	0.794
neutral	0.119	0.000	0.006	0.022	0.088	0.002	0.764
neutral	0.162	0.000	0.004	0.012	0.065	0.001	0.756
neutral	0.189	0.000	0.003	0.009	0.067	0.001	0.730
neutral	0.158	0.000	0.002	0.009	0.045	0.001	0.785
neutral	0.138	0.000	0.005	0.006	0.057	0.002	0.793
neutral	0.118	0.000	0.003	0.014	0.044	0.004	0.816
neutral	0.108	0.000	0.006	0.015	0.039	0.005	0.827
neutral	0.107	0.000	0.005	0.015	0.033	0.004	0.836
neutral	0.170	0.000	0.004	0.010	0.069	0.002	0.745
neutral	0.049	0.000	0.004	0.020	0.025	0.011	0.891
neutral	0.225	0.000	0.003	0.027	0.032	0.013	0.699
neutral	0.107	0.000	0.007	0.035	0.024	0.020	0.808
neutral	0.170	0.000	0.004	0.021	0.026	0.006	0.773
neutral	0.128	0.000	0.009	0.191	0.031	0.014	0.628
neutral	0.269	0.000	0.006	0.164	0.037	0.009	0.516
neutral	0.321	0.000	0.004	0.120	0.046	0.006	0.504
neutral	0.308	0.000	0.005	0.094	0.042	0.008	0.543
neutral	0.176	0.000	0.004	0.061	0.058	0.003	0.698
neutral	0.140	0.000	0.004	0.058	0.048	0.003	0.746
neutral	0.204	0.000	0.003	0.021	0.046	0.004	0.722
neutral	0.241	0.000	0.003	0.019	0.059	0.003	0.676
neutral	0.138	0.000	0.003	0.020	0.033	0.004	0.802
neutral	0.155	0.000	0.003	0.034	0.079	0.003	0.726
neutral	0.143	0.000	0.003	0.086	0.048	0.004	0.715
neutral	0.101	0.000	0.003	0.211	0.028	0.012	0.645
neutral	0.355	0.000	0.003	0.063	0.044	0.008	0.527
neutral	0.341	0.000	0.002	0.029	0.081	0.001	0.546
neutral	0.414	0.000	0.003	0.043	0.080	0.001	0.458
neutral	0.279	0.000	0.003	0.037	0.062	0.002	0.618
neutral	0.235	0.000	0.002	0.067	0.053	0.002	0.640
neutral	0.339	0.000	0.002	0.052	0.045	0.005	0.557
neutral	0.172	0.000	0.004	0.065	0.046	0.012	0.701
angry	0.537	0.000	0.003	0.004	0.070	0.002	0.385
neutral	0.324	0.000	0.003	0.035	0.030	0.015	0.592
neutral	0.257	0.000	0.003	0.030	0.031	0.005	0.673
neutral	0.438	0.000	0.005	0.010	0.092	0.002	0.453
neutral	0.382	0.000	0.008	0.035	0.135	0.006	0.434
neutral	0.382	0.000	0.011	0.012	0.147	0.005	0.443
neutral	0.120	0.000	0.003	0.038	0.082	0.002	0.755
neutral	0.095	0.000	0.005	0.044	0.052	0.008	0.797
neutral	0.229	0.000	0.006	0.027	0.065	0.008	0.666
neutral	0.107	0.000	0.005	0.024	0.054	0.004	0.806
neutral	0.264	0.000	0.002	0.007	0.044	0.001	0.682
neutral	0.044	0.000	0.003	0.042	0.021	0.004	0.886
neutral	0.115	0.000	0.002	0.178	0.015	0.010	0.680
neutral	0.167	0.000	0.004	0.051	0.028	0.005	0.744
neutral	0.196	0.000	0.005	0.052	0.062	0.001	0.683
neutral	0.251	0.000	0.006	0.032	0.061	0.001	0.650
neutral	0.204	0.000	0.001	0.041	0.032	0.002	0.720
neutral	0.149	0.000	0.001	0.044	0.022	0.003	0.781
neutral	0.212	0.000	0.002	0.041	0.025	0.002	0.718
neutral	0.174	0.000	0.003	0.097	0.023	0.005	0.698
neutral	0.267	0.000	0.002	0.027	0.031	0.001	0.672
neutral	0.099	0.000	0.001	0.029	0.021	0.001	0.848
neutral	0.315	0.000	0.002	0.095	0.020	0.006	0.562
neutral	0.381	0.000	0.002	0.032	0.034	0.002	0.549
neutral	0.268	0.000	0.002	0.097	0.024	0.005	0.603
neutral	0.241	0.000	0.004	0.133	0.020	0.007	0.595
neutral	0.202	0.000	0.003	0.145	0.020	0.003	0.627
neutral	0.121	0.000	0.002	0.139	0.019	0.002	0.717
neutral	0.129	0.000	0.002	0.289	0.015	0.002	0.563
neutral	0.121	0.000	0.001	0.067	0.018	0.003	0.790
neutral	0.180	0.000	0.001	0.032	0.026	0.001	0.759
neutral	0.285	0.000	0.004	0.054	0.025	0.009	0.622
neutral	0.225	0.000	0.002	0.071	0.020	0.003	0.679
neutral	0.128	0.000	0.003	0.046	0.031	0.003	0.789
neutral	0.107	0.000	0.004	0.057	0.012	0.014	0.806
neutral	0.048	0.000	0.002	0.058	0.012	0.005	0.875
neutral	0.057	0.000	0.003	0.098	0.011	0.003	0.828
neutral	0.036	0.000	0.001	0.048	0.010	0.002	0.904
neutral	0.031	0.000	0.002	0.205	0.008	0.003	0.751
neutral	0.042	0.000	0.001	0.141	0.016	0.001	0.798
neutral	0.030	0.000	0.001	0.037	0.016	0.001	0.916
neutral	0.046	0.000	0.002	0.012	0.029	0.003	0.908
neutral	0.092	0.000	0.002	0.022	0.027	0.002	0.855
neutral	0.119	0.000	0.002	0.028	0.027	0.002	0.821
neutral	0.088	0.000	0.004	0.173	0.022	0.003	0.710
neutral	0.069	0.000	0.003	0.044	0.026	0.002	0.855
neutral	0.118	0.000	0.004	0.025	0.026	0.002	0.825
neutral	0.090	0.000	0.001	0.026	0.016	0.001	0.865
neutral	0.182	0.000	0.008	0.038	0.015	0.007	0.750
neutral	0.110	0.000	0.003	0.019	0.019	0.002	0.846
neutral	0.117	0.000	0.004	0.022	0.033	0.001	0.824
neutral	0.129	0.000	0.005	0.010	0.031	0.003	0.823
neutral	0.238	0.000	0.002	0.004	0.030	0.001	0.725
neutral	0.222	0.000	0.005	0.004	0.060	0.003	0.706
neutral	0.224	0.000	0.005	0.006	0.033	0.009	0.723
neutral	0.318	0.000	0.003	0.010	0.037	0.011	0.622
neutral	0.293	0.000	0.005	0.007	0.044	0.009	0.642
neutral	0.192	0.000	0.003	0.008	0.031	0.009	0.757
neutral	0.182	0.000	0.002	0.007	0.026	0.003	0.779
neutral	0.209	0.000	0.004	0.011	0.038	0.006	0.731
neutral	0.173	0.000	0.003	0.014	0.042	0.007	0.762
neutral	0.200	0.000	0.003	0.010	0.037	0.006	0.745
neutral	0.335	0.000	0.004	0.007	0.057	0.008	0.590
neutral	0.417	0.000	0.005	0.006	0.077	0.006	0.488
neutral	0.417	0.000	0.004	0.008	0.095	0.005	0.471
angry	0.489	0.000	0.003	0.005	0.094	0.004	0.405
neutral	0.380	0.000	0.003	0.007	0.092	0.003	0.517
neutral	0.438	0.000	0.003	0.004	0.061	0.002	0.492
neutral	0.258	0.000	0.002	0.016	0.055	0.001	0.668
neutral	0.345	0.000	0.002	0.006	0.050	0.001	0.596
angry	0.477	0.000	0.002	0.008	0.076	0.001	0.436
neutral	0.413	0.000	0.004	0.008	0.109	0.002	0.465
neutral	0.437	0.000	0.003	0.009	0.068	0.003	0.480
angry	0.447	0.000	0.005	0.007	0.157	0.001	0.382
neutral	0.423	0.000	0.003	0.012	0.078	0.001	0.483
neutral	0.306	0.000	0.008	0.011	0.145	0.001	0.530
neutral	0.251	0.000	0.006	0.010	0.149	0.001	0.583
angry	0.496	0.000	0.005	0.005	0.101	0.001	0.392
angry	0.527	0.000	0.002	0.005	0.062	0.001	0.403
neutral	0.403	0.000	0.002	0.014	0.057	0.003	0.522
angry	0.571	0.000	0.004	0.012	0.089	0.002	0.322
angry	0.638	0.000	0.001	0.004	0.055	0.000	0.302
angry	0.470	0.000	0.004	0.006	0.070	0.002	0.448
neutral	0.437	0.000	0.002	0.008	0.058	0.003	0.492
angry	0.593	0.000	0.002	0.008	0.051	0.001	0.345
neutral	0.322	0.000	0.005	0.019	0.101	0.003	0.550
angry	0.468	0.000	0.003	0.006	0.067	0.003	0.453
angry	0.525	0.000	0.003	0.005	0.072	0.003	0.392
angry	0.469	0.000	0.002	0.005	0.072	0.003	0.449
neutral	0.424	0.000	0.002	0.005	0.047	0.006	0.515
neutral	0.418	0.000	0.003	0.006	0.078	0.003	0.491
neutral	0.433	0.000	0.003	0.008	0.100	0.001	0.456
neutral	0.350	0.000	0.002	0.015	0.085	0.002	0.547
neutral	0.321	0.000	0.005	0.038	0.082	0.005	0.550
neutral	0.429	0.000	0.004	0.020	0.095	0.002	0.450
neutral	0.349	0.000	0.004	0.020	0.112	0.001	0.514
neutral	0.258	0.000	0.002	0.020	0.074	0.003	0.642
neutral	0.418	0.000	0.003	0.015	0.102	0.003	0.459
neutral	0.376	0.000	0.003	0.007	0.056	0.002	0.555
neutral	0.389	0.000	0.005	0.016	0.051	0.004	0.536
angry	0.447	0.000	0.004	0.033	0.122	0.002	0.392
neutral	0.306	0.000	0.002	0.081	0.112	0.001	0.498
neutral	0.192	0.000	0.001	0.044	0.066	0.001	0.695
neutral	0.267	0.000	0.002	0.052	0.059	0.001	0.619
neutral	0.287	0.000	0.004	0.032	0.070	0.001	0.606
neutral	0.379	0.000	0.003	0.006	0.069	0.001	0.541
neutral	0.256	0.000	0.002	0.004	0.059	0.001	0.678
neutral	0.288	0.000	0.002	0.008	0.030	0.002	0.671
neutral	0.153	0.000	0.001	0.029	0.071	0.001	0.745
neutral	0.284	0.000	0.001	0.030	0.063	0.001	0.621
neutral	0.209	0.000	0.006	0.040	0.068	0.008	0.669
neutral	0.274	0.000	0.003	0.018	0.095	0.004	0.607
neutral	0.177	0.000	0.008	0.007	0.201	0.001	0.605
neutral	0.430	0.000	0.004	0.003	0.107	0.001	0.455
neutral	0.296	0.000	0.005	0.003	0.135	0.001	0.558
neutral	0.105	0.000	0.003	0.002	0.058	0.001	0.830
neutral	0.078	0.000	0.004	0.001	0.072	0.001	0.845
neutral	0.087	0.000	0.011	0.003	0.102	0.004	0.794
neutral	0.125	0.000	0.020	0.003	0.102	0.013	0.738
neutral	0.138	0.000	0.023	0.003	0.092	0.017	0.727
neutral	0.121	0.000	0.010	0.002	0.065	0.010	0.792
neutral	0.044	0.000	0.007	0.004	0.045	0.003	0.897
neutral	0.046	0.000	0.008	0.004	0.050	0.004	0.887
neutral	0.056	0.000	0.008	0.006	0.061	0.004	0.865
neutral	0.041	0.000	0.006	0.003	0.039	0.004	0.908
neutral	0.062	0.000	0.011	0.006	0.066	0.003	0.852
neutral	0.069	0.000	0.015	0.008	0.056	0.008	0.844
neutral	0.070	0.000	0.011	0.005	0.067	0.004	0.843
neutral	0.091	0.000	0.012	0.005	0.081	0.006	0.805
neutral	0.135	0.000	0.009	0.004	0.049	0.005	0.798
neutral	0.121	0.000	0.006	0.003	0.050	0.002	0.818
neutral	0.109	0.000	0.007	0.002	0.044	0.003	0.834
neutral	0.086	0.000	0.002	0.003	0.031	0.001	0.877
neutral	0.158	0.000	0.005	0.003	0.060	0.001	0.773
neutral	0.126	0.000	0.006	0.005	0.039	0.003	0.821
neutral	0.217	0.000	0.007	0.008	0.051	0.006	0.711
neutral	0.167	0.000	0.007	0.005	0.050	0.004	0.767
neutral	0.198	0.000	0.007	0.003	0.059	0.002	0.731
neutral	0.252	0.000	0.007	0.001	0.042	0.002	0.695
neutral	0.249	0.000	0.004	0.004	0.045	0.002	0.697
neutral	0.224	0.000	0.004	0.008	0.038	0.003	0.722
neutral	0.214	0.000	0.003	0.004	0.041	0.001	0.737
neutral	0.416	0.000	0.004	0.004	0.047	0.003	0.527
neutral	0.425	0.000	0.002	0.009	0.050	0.001	0.512
neutral	0.191	0.000	0.008	0.008	0.267	0.000	0.526
neutral	0.090	0.000	0.003	0.083	0.047	0.001	0.776
neutral	0.223	0.000	0.001	0.048	0.025	0.001	0.702
neutral	0.181	0.000	0.002	0.054	0.031	0.001	0.732
neutral	0.221	0.000	0.002	0.023	0.029	0.001	0.724
neutral	0.316	0.000	0.002	0.013	0.022	0.002	0.644
neutral	0.179	0.000	0.002	0.009	0.035	0.002	0.773
neutral	0.178	0.000	0.001	0.026	0.027	0.001	0.766
neutral	0.158	0.000	0.002	0.024	0.023	0.001	0.792
neutral	0.258	0.000	0.001	0.023	0.035	0.001	0.682
neutral	0.184	0.000	0.002	0.028	0.030	0.002	0.754
neutral	0.206	0.000	0.002	0.032	0.019	0.004	0.737
neutral	0.198	0.000	0.003	0.036	0.019	0.004	0.739
neutral	0.157	0.000	0.002	0.021	0.025	0.002	0.794
neutral	0.172	0.000	0.002	0.021	0.026	0.002	0.777
neutral	0.273	0.000	0.002	0.017	0.029	0.002	0.676
neutral	0.172	0.000	0.001	0.014	0.036	0.002	0.775
neutral	0.171	0.000	0.002	0.023	0.021	0.003	0.780
neutral	0.181	0.000	0.003	0.021	0.036	0.001	0.757
neutral	0.212	0.000	0.003	0.018	0.043	0.001	0.724
neutral	0.266	0.000	0.002	0.013	0.042	0.001	0.676
neutral	0.200	0.000	0.003	0.028	0.040	0.001	0.727
neutral	0.244	0.000	0.002	0.033	0.034	0.002	0.684
neutral	0.249	0.000	0.001	0.027	0.022	0.001	0.699
neutral	0.222	0.000	0.004	0.032	0.038	0.002	0.702
neutral	0.259	0.000	0.003	0.026	0.043	0.001	0.669
neutral	0.312	0.000	0.002	0.019	0.073	0.001	0.592
neutral	0.312	0.000	0.003	0.014	0.063	0.001	0.606
neutral	0.258	0.000	0.002	0.017	0.063	0.001	0.659
neutral	0.262	0.000	0.002	0.030	0.052	0.001	0.653
neutral	0.268	0.000	0.002	0.013	0.034	0.002	0.682
neutral	0.222	0.000	0.002	0.027	0.048	0.001	0.700
neutral	0.200	0.000	0.002	0.015	0.047	0.001	0.734
neutral	0.329	0.000	0.003	0.025	0.024	0.006	0.612
neutral	0.238	0.000	0.002	0.038	0.047	0.001	0.675
neutral	0.195	0.000	0.002	0.016	0.040	0.001	0.746
neutral	0.231	0.000	0.002	0.055	0.065	0.001	0.646
neutral	0.260	0.000	0.002	0.034	0.039	0.001	0.664
neutral	0.166	0.000	0.002	0.025	0.032	0.001	0.774
neutral	0.133	0.000	0.002	0.034	0.022	0.006	0.803
neutral	0.190	0.000	0.002	0.033	0.022	0.004	0.749
neutral	0.140	0.000	0.002	0.021	0.019	0.005	0.814
neutral	0.199	0.000	0.002	0.021	0.025	0.005	0.747
neutral	0.099	0.000	0.002	0.027	0.022	0.002	0.848
neutral	0.214	0.000	0.001	0.004	0.021	0.003	0.756
neutral	0.216	0.000	0.003	0.046	0.029	0.004	0.703
neutral	0.244	0.000	0.002	0.020	0.046	0.001	0.686
neutral	0.213	0.000	0.003	0.017	0.038	0.002	0.728
neutral	0.205	0.000	0.002	0.026	0.021	0.003	0.743
neutral	0.162	0.000	0.001	0.022	0.032	0.001	0.781
neutral	0.165	0.000	0.002	0.023	0.044	0.001	0.764
neutral	0.203	0.000	0.001	0.028	0.025	0.001	0.742
neutral	0.243	0.000	0.002	0.045	0.023	0.002	0.685
neutral	0.244	0.000	0.005	0.029	0.085	0.001	0.636
neutral	0.243	0.000	0.002	0.016	0.049	0.001	0.689
neutral	0.185	0.000	0.011	0.029	0.118	0.001	0.656
neutral	0.281	0.000	0.003	0.011	0.041	0.001	0.663
neutral	0.240	0.000	0.001	0.006	0.029	0.002	0.722
neutral	0.176	0.000	0.006	0.017	0.178	0.000	0.622
neutral	0.364	0.000	0.009	0.024	0.091	0.001	0.511
neutral	0.172	0.000	0.001	0.006	0.051	0.001	0.769
neutral	0.167	0.000	0.001	0.017	0.039	0.001	0.775
neutral	0.227	0.000	0.001	0.008	0.047	0.001	0.717
neutral	0.256	0.000	0.002	0.013	0.050	0.001	0.677
neutral	0.160	0.000	0.000	0.008	0.016	0.001	0.814
neutral	0.199	0.000	0.001	0.017	0.040	0.001	0.743
neutral	0.240	0.000	0.001	0.015	0.044	0.000	0.700
neutral	0.251	0.000	0.001	0.020	0.048	0.001	0.679
neutral	0.261	0.000	0.001	0.014	0.045	0.000	0.678
neutral	0.315	0.000	0.002	0.022	0.064	0.001	0.596
neutral	0.150	0.000	0.005	0.021	0.143	0.000	0.680
neutral	0.273	0.000	0.003	0.024	0.127	0.000	0.572
neutral	0.268	0.000	0.003	0.024	0.121	0.001	0.583
neutral	0.137	0.000	0.009	0.054	0.168	0.001	0.631
neutral	0.084	0.000	0.008	0.032	0.124	0.001	0.751
neutral	0.136	0.000	0.006	0.027	0.072	0.001	0.759
neutral	0.232	0.000	0.003	0.032	0.046	0.001	0.686
neutral	0.347	0.000	0.002	0.024	0.068	0.001	0.559
neutral	0.235	0.000	0.001	0.033	0.050	0.001	0.681
neutral	0.241	0.000	0.002	0.042	0.049	0.001	0.666
neutral	0.184	0.000	0.002	0.050	0.042	0.002	0.720
neutral	0.248	0.000	0.001	0.008	0.058	0.001	0.685
neutral	0.224	0.000	0.001	0.007	0.050	0.001	0.718
neutral	0.204	0.000	0.001	0.004	0.049	0.000	0.741
neutral	0.214	0.000	0.001	0.006	0.047	0.001	0.732
neutral	0.261	0.000	0.001	0.010	0.065	0.001	0.662
neutral	0.109	0.000	0.001	0.011	0.031	0.004	0.844
neutral	0.113	0.000	0.001	0.012	0.033	0.002	0.839
neutral	0.155	0.000	0.001	0.004	0.043	0.000	0.796
neutral	0.145	0.000	0.001	0.009	0.044	0.001	0.800
neutral	0.161	0.000	0.001	0.008	0.028	0.001	0.801
neutral	0.178	0.000	0.001	0.017	0.018	0.006	0.781
neutral	0.084	0.000	0.001	0.038	0.027	0.001	0.849
neutral	0.074	0.000	0.001	0.033	0.023	0.001	0.869
neutral	0.076	0.000	0.001	0.054	0.029	0.001	0.839
neutral	0.083	0.000	0.001	0.126	0.020	0.002	0.768
neutral	0.120	0.000	0.002	0.083	0.024	0.002	0.770
neutral	0.080	0.000	0.001	0.091	0.029	0.001	0.797
neutral	0.101	0.000	0.001	0.064	0.028	0.001	0.805
neutral	0.113	0.000	0.001	0.093	0.033	0.001	0.759
neutral	0.088	0.000	0.001	0.078	0.033	0.001	0.798
neutral	0.082	0.000	0.001	0.049	0.040	0.001	0.827
neutral	0.085	0.000	0.001	0.022	0.040	0.001	0.851
neutral	0.114	0.000	0.001	0.095	0.047	0.001	0.741
neutral	0.161	0.000	0.002	0.060	0.030	0.003	0.744
neutral	0.082	0.000	0.001	0.029	0.032	0.002	0.853
neutral	0.124	0.000	0.002	0.032	0.040	0.002	0.802
neutral	0.152	0.000	0.002	0.028	0.038	0.001	0.780
neutral	0.141	0.000	0.002	0.038	0.027	0.002	0.791
neutral	0.164	0.000	0.002	0.031	0.021	0.004	0.780
neutral	0.180	0.000	0.003	0.031	0.038	0.006	0.743
neutral	0.172	0.000	0.002	0.055	0.028	0.009	0.734
neutral	0.162	0.000	0.003	0.079	0.044	0.007	0.706
neutral	0.127	0.000	0.002	0.012	0.033	0.003	0.823
neutral	0.286	0.000	0.002	0.018	0.045	0.003	0.646
neutral	0.247	0.000	0.002	0.020	0.069	0.002	0.661
neutral	0.210	0.000	0.002	0.018	0.057	0.004	0.708
neutral	0.130	0.000	0.002	0.020	0.037	0.005	0.806
neutral	0.103	0.000	0.003	0.008	0.055	0.002	0.829
neutral	0.068	0.000	0.003	0.007	0.057	0.001	0.864
neutral	0.160	0.000	0.004	0.012	0.090	0.001	0.733
neutral	0.144	0.000	0.006	0.024	0.068	0.002	0.756
neutral	0.083	0.000	0.004	0.017	0.087	0.002	0.806
neutral	0.067	0.000	0.002	0.011	0.066	0.001	0.852
neutral	0.206	0.000	0.003	0.007	0.071	0.001	0.712
neutral	0.185	0.000	0.001	0.013	0.150	0.001	0.650
neutral	0.192	0.000	0.004	0.015	0.141	0.000	0.647
neutral	0.118	0.000	0.004	0.012	0.053	0.003	0.811
neutral	0.203	0.000	0.003	0.008	0.082	0.001	0.704
neutral	0.152	0.000	0.002	0.007	0.090	0.001	0.749
neutral	0.195	0.000	0.003	0.014	0.118	0.001	0.670
neutral	0.229	0.000	0.002	0.014	0.089	0.000	0.666
neutral	0.187	0.000	0.002	0.016	0.068	0.000	0.727
neutral	0.143	0.000	0.002	0.011	0.057	0.001	0.785
neutral	0.106	0.000	0.002	0.011	0.077	0.002	0.803
neutral	0.195	0.000	0.002	0.013	0.079	0.001	0.710
neutral	0.193	0.000	0.002	0.009	0.091	0.001	0.704
neutral	0.083	0.000	0.002	0.014	0.056	0.002	0.845
neutral	0.181	0.000	0.014	0.061	0.190	0.001	0.552
neutral	0.182	0.000	0.006	0.023	0.094	0.002	0.694
neutral	0.087	0.000	0.003	0.011	0.092	0.000	0.807
neutral	0.102	0.000	0.002	0.021	0.115	0.000	0.760
neutral	0.130	0.000	0.003	0.010	0.048	0.002	0.807
neutral	0.178	0.000	0.004	0.017	0.065	0.005	0.731
neutral	0.192	0.000	0.003	0.018	0.070	0.001	0.716
neutral	0.214	0.000	0.002	0.022	0.088	0.001	0.673
neutral	0.162	0.000	0.002	0.011	0.083	0.001	0.741
neutral	0.161	0.000	0.003	0.013	0.087	0.002	0.734
neutral	0.180	0.000	0.004	0.012	0.096	0.001	0.707
neutral	0.184	0.000	0.008	0.044	0.139	0.001	0.624
neutral	0.221	0.000	0.004	0.023	0.083	0.001	0.668
neutral	0.156	0.000	0.003	0.014	0.106	0.001	0.719
neutral	0.218	0.000	0.003	0.041	0.055	0.001	0.683
neutral	0.180	0.000	0.004	0.018	0.070	0.002	0.725
neutral	0.269	0.000	0.003	0.012	0.106	0.001	0.609
neutral	0.236	0.000	0.003	0.010	0.082	0.001	0.668
neutral	0.240	0.000	0.003	0.008	0.114	0.001	0.635
neutral	0.244	0.000	0.003	0.027	0.049	0.004	0.674
neutral	0.193	0.000	0.001	0.007	0.077	0.001	0.722
neutral	0.257	0.000	0.001	0.011	0.101	0.001	0.629
neutral	0.224	0.000	0.003	0.065	0.084	0.001	0.623
neutral	0.274	0.000	0.002	0.046	0.074	0.001	0.604
neutral	0.215	0.000	0.001	0.012	0.089	0.001	0.681
neutral	0.210	0.000	0.001	0.020	0.078	0.001	0.691
neutral	0.202	0.000	0.001	0.041	0.060	0.001	0.696
neutral	0.186	0.000	0.002	0.048	0.038	0.003	0.723
neutral	0.152	0.000	0.001	0.021	0.057	0.001	0.768
neutral	0.182	0.000	0.003	0.038	0.034	0.004	0.739
neutral	0.175	0.000	0.002	0.018	0.062	0.002	0.741
neutral	0.126	0.000	0.001	0.008	0.069	0.001	0.796
neutral	0.190	0.000	0.003	0.021	0.100	0.002	0.683
neutral	0.145	0.000	0.010	0.055	0.169	0.001	0.620
neutral	0.196	0.000	0.007	0.022	0.097	0.001	0.677
neutral	0.253	0.000	0.006	0.018	0.137	0.001	0.585
neutral	0.194	0.000	0.003	0.019	0.100	0.001	0.684
neutral	0.189	0.000	0.003	0.014	0.101	0.001	0.692
neutral	0.276	0.000	0.004	0.027	0.131	0.001	0.560
neutral	0.210	0.000	0.002	0.032	0.057	0.002	0.696
neutral	0.287	0.000	0.002	0.037	0.089	0.001	0.585
neutral	0.177	0.000	0.002	0.035	0.065	0.001	0.720
neutral	0.195	0.000	0.003	0.019	0.090	0.002	0.691
neutral	0.107	0.000	0.002	0.041	0.054	0.003	0.792
neutral	0.413	0.000	0.002	0.051	0.045	0.001	0.488
neutral	0.313	0.000	0.002	0.061	0.031	0.004	0.589
neutral	0.146	0.000	0.001	0.013	0.058	0.001	0.780
neutral	0.242	0.000	0.002	0.025	0.052	0.001	0.677
neutral	0.179	0.000	0.002	0.017	0.055	0.001	0.746
neutral	0.308	0.000	0.002	0.025	0.057	0.002	0.604
neutral	0.263	0.000	0.001	0.050	0.034	0.004	0.648
neutral	0.190	0.000	0.002	0.032	0.034	0.003	0.740
neutral	0.176	0.000	0.002	0.044	0.043	0.002	0.733
neutral	0.241	0.000	0.002	0.031	0.038	0.004	0.684
neutral	0.195	0.000	0.003	0.045	0.043	0.002	0.711
neutral	0.245	0.000	0.001	0.045	0.040	0.001	0.669
neutral	0.268	0.000	0.001	0.057	0.055	0.001	0.618
neutral	0.316	0.000	0.002	0.058	0.050	0.001	0.573
neutral	0.283	0.000	0.002	0.031	0.062	0.001	0.622
neutral	0.224	0.000	0.001	0.049	0.039	0.001	0.686
neutral	0.210	0.000	0.002	0.042	0.038	0.001	0.706
neutral	0.257	0.000	0.002	0.018	0.051	0.001	0.671
neutral	0.185	0.000	0.002	0.035	0.033	0.002	0.743
neutral	0.193	0.000	0.001	0.032	0.038	0.001	0.735
neutral	0.270	0.000	0.002	0.031	0.045	0.001	0.650
neutral	0.281	0.000	0.002	0.055	0.041	0.001	0.619
neutral	0.240	0.000	0.002	0.035	0.044	0.001	0.678
neutral	0.217	0.000	0.003	0.026	0.060	0.002	0.692
neutral	0.313	0.000	0.001	0.027	0.039	0.001	0.620
neutral	0.209	0.000	0.001	0.029	0.046	0.001	0.713
neutral	0.207	0.000	0.011	0.043	0.133	0.001	0.605
neutral	0.182	0.000	0.005	0.050	0.061	0.001	0.700
neutral	0.227	0.000	0.005	0.022	0.060	0.002	0.683
neutral	0.300	0.000	0.002	0.023	0.063	0.001	0.611
neutral	0.298	0.000	0.005	0.013	0.085	0.002	0.596
neutral	0.219	0.000	0.003	0.017	0.037	0.002	0.723
neutral	0.229	0.000	0.003	0.012	0.044	0.002	0.709
neutral	0.200	0.000	0.002	0.034	0.040	0.002	0.723
neutral	0.215	0.000	0.003	0.029	0.029	0.006	0.718
neutral	0.247	0.000	0.003	0.009	0.042	0.002	0.697
neutral	0.204	0.000	0.002	0.011	0.025	0.004	0.755
neutral	0.252	0.000	0.003	0.013	0.037	0.004	0.691
neutral	0.207	0.000	0.003	0.014	0.042	0.004	0.729
neutral	0.213	0.000	0.002	0.011	0.048	0.002	0.724
neutral	0.244	0.000	0.003	0.013	0.029	0.002	0.709
neutral	0.254	0.000	0.003	0.013	0.046	0.003	0.680
neutral	0.221	0.000	0.002	0.012	0.053	0.002	0.710
neutral	0.206	0.000	0.002	0.009	0.038	0.003	0.742
neutral	0.211	0.000	0.002	0.027	0.038	0.001	0.720
neutral	0.281	0.000	0.005	0.053	0.025	0.005	0.631
neutral	0.188	0.000	0.002	0.040	0.026	0.002	0.743
neutral	0.149	0.000	0.002	0.034	0.038	0.004	0.773
neutral	0.207	0.000	0.002	0.031	0.027	0.002	0.730
neutral	0.224	0.000	0.004	0.044	0.033	0.004	0.691
neutral	0.136	0.000	0.007	0.046	0.121	0.001	0.689
neutral	0.257	0.000	0.007	0.041	0.099	0.001	0.596
neutral	0.252	0.000	0.003	0.094	0.040	0.002	0.610
neutral	0.309	0.000	0.002	0.045	0.029	0.002	0.613
neutral	0.275	0.000	0.003	0.065	0.032	0.002	0.623
neutral	0.277	0.000	0.003	0.032	0.024	0.004	0.661
neutral	0.351	0.000	0.003	0.023	0.029	0.005	0.588
neutral	0.322	0.000	0.002	0.036	0.030	0.005	0.604
neutral	0.341	0.000	0.002	0.029	0.044	0.002	0.581
neutral	0.204	0.000	0.002	0.041	0.035	0.002	0.716
neutral	0.221	0.000	0.002	0.021	0.038	0.002	0.715
neutral	0.270	0.000	0.004	0.027	0.028	0.004	0.668
neutral	0.378	0.000	0.002	0.027	0.032	0.002	0.559
neutral	0.224	0.000	0.002	0.030	0.047	0.001	0.696
neutral	0.328	0.000	0.003	0.055	0.031	0.003	0.579
neutral	0.228	0.000	0.003	0.035	0.057	0.001	0.677
neutral	0.234	0.000	0.003	0.040	0.042	0.002	0.679
neutral	0.257	0.000	0.003	0.024	0.074	0.001	0.641
neutral	0.448	0.000	0.002	0.033	0.044	0.001	0.471
neutral	0.243	0.000	0.002	0.046	0.043	0.001	0.665
neutral	0.284	0.000	0.003	0.047	0.052	0.002	0.613
neutral	0.363	0.000	0.001	0.031	0.036	0.003	0.565
neutral	0.233	0.000	0.002	0.065	0.039	0.002	0.659
neutral	0.315	0.000	0.002	0.019	0.066	0.001	0.597
neutral	0.332	0.000	0.003	0.046	0.034	0.003	0.582
neutral	0.353	0.000	0.002	0.056	0.029	0.004	0.556
neutral	0.177	0.000	0.002	0.044	0.050	0.001	0.727
neutral	0.206	0.000	0.003	0.042	0.045	0.003	0.701
neutral	0.241	0.000	0.003	0.034	0.037	0.005	0.679
neutral	0.354	0.000	0.002	0.034	0.040	0.004	0.567
neutral	0.271	0.000	0.001	0.040	0.037	0.003	0.648
neutral	0.242	0.000	0.002	0.030	0.040	0.004	0.681
neutral	0.317	0.000	0.003	0.023	0.054	0.003	0.600
neutral	0.144	0.000	0.001	0.026	0.034	0.001	0.793
neutral	0.237	0.000	0.003	0.043	0.039	0.002	0.676
neutral	0.163	0.000	0.002	0.014	0.043	0.002	0.777
neutral	0.268	0.000	0.002	0.046	0.054	0.002	0.627
neutral	0.316	0.000	0.004	0.059	0.053	0.005	0.563
neutral	0.164	0.000	0.001	0.031	0.049	0.001	0.754
neutral	0.257	0.000	0.003	0.034	0.058	0.002	0.647
neutral	0.239	0.000	0.003	0.024	0.056	0.001	0.677
neutral	0.301	0.000	0.004	0.056	0.039	0.005	0.595
neutral	0.291	0.000	0.002	0.037	0.034	0.003	0.632
neutral	0.288	0.000	0.003	0.056	0.044	0.003	0.605
neutral	0.382	0.000	0.004	0.029	0.056	0.003	0.525
neutral	0.266	0.000	0.004	0.084	0.039	0.006	0.602
neutral	0.269	0.000	0.005	0.080	0.040	0.009	0.599
neutral	0.182	0.000	0.002	0.057	0.049	0.003	0.707
neutral	0.265	0.000	0.004	0.072	0.039	0.005	0.617
neutral	0.188	0.000	0.003	0.086	0.038	0.004	0.680
neutral	0.371	0.000	0.004	0.031	0.055	0.002	0.538
neutral	0.308	0.000	0.004	0.033	0.029	0.005	0.620
neutral	0.349	0.000	0.004	0.063	0.030	0.010	0.545
neutral	0.272	0.000	0.003	0.038	0.047	0.003	0.638
